Capas/FUTURO/Eje_30s/ASC/bio_03.asc
ncols         993
nrows         433
xllcorner     -105.25566776747
yllcorner     17.599810932142
cellsize      0.0083333333
NODATA_value  -9999
[rows 90 to 119 of 433, columns 335 to 401 of 993]
5.985155 5.995276 5.995276 5.995276 5.998651 5.991263 5.997984 5.994624 5.997984 5.991263 5.987903 5.998651 6.002025 5.991903 5.988529 5.988529 6.006097 6.013606 6.013606 5.996599 5.98916 6 6.021175 5.989796 6.028807 6.000683 5.983607 6.008231 6.015089 6.026171 6.01584 6.008953 5.998622 6.023513 5.992393 5.995851 5.975104 5.993056 5.993724 6.008403 6.0014 6.005626 5.995078 5.999294 5.981013 5.985169 5.981638 5.996454 5.989362 5.975177 5.975177 5.964539 5.986467 6.001431 5.997854 5.994277 -9999 -9999 -9999 -9999 -9999 -9999 -9999 -9999 -9999 -9999 -9999
5.984543 5.991263 5.994624 5.997984 5.977242 5.997984 6.008065 6.014785 6.011425 5.997984 5.997984 5.997984 6.008772 5.991263 6.012146 5.991903 6.023035 6.012873 6.012873 5.995935 6.020408 5.98916 5.97561 6 6.014344 6.010929 6.010929 6.010929 6.008231 6.015089 6.008231 6.001372 6.012397 6.008953 5.981405 6.009682 5.992393 5.985477 6.011158 5.990237 5.979777 5.994398 5.987395 5.995078 5.988045 5.984529 5.981638 5.985169 5.981638 5.967514 5.985816 5.985816 5.997151 5.982906 5.982906 5.986467 5.964539 -9999 -9999 -9999 -9999 -9999 -9999 -9999 -9999 -9999 -9999
6.001344 6.001344 6.001344 5.980589 5.987283 5.990629 5.993976 5.993976 5.990629 6.008065 6.018145 6.004704 5.983936 6.004704 6.01552 6.01552 6.005398 6.002025 6.026423 6.009485 6.009485 5.975034 6.006097 6.013606 6.028006 6.020408 6.01776 6.014344 6.014344 6.018518 6.018518 6.008231 6.004801 6.005509 5.995179 5.984848 5.981405 5.992393 5.989583 5.989583 5.993724 6.004902 6.016174 5.987395 6.00211 5.991561 5.995763 5.999294 5.992232 5.985169 5.967514 5.967514 6.004273 5.971631 5.968085 5.968085 5.98227 5.98227 -9999 -9999 -9999 -9999 -9999 -9999 -9999 -9999 -9999
6.008065 6.008065 5.990629 5.997323 5.993976 5.993976 6.004016 6.004016 6.004016 5.997323 6.018145 5.987283 6.024866 5.993976 6.014785 6.004704 6.008772 5.994624 6.002025 6.002025 5.995276 6.01626 6.01626 6.00271 6.023809 6.013606 6.02459 6.02459 6.01776 6.02459 6.010929 5.997268 6.021948 6.001372 5.980796 5.984225 5.995179 5.984848 6.017361 5.989583 5.982639 5.997211 5.990237 5.997899 5.983893 5.983893 5.995078 5.988045 5.97398 5.999294 5.985169 5.974576 5.971045 5.992908 5.985816 5.985816 5.992908 5.989362 5.992908 6.014957 -9999 -9999 -9999 -9999 -9999 -9999 -9999
6.004704 5.993976 6.004016 6.010709 6.010709 6.017403 6.02075 6.02075 6.02075 6.010709 6.010709 6.010709 6.031586 6.028226 6.018145 5.990629 5.983936 6.014785 6.012146 6.008065 5.994624 6.005398 5.998651 5.998651 6.040816 6.040816 6.034014 6.027211 6.023809 6.017007 6.014344 6.007514 6.000683 5.990438 5.983607 5.994513 5.977366 5.973937 5.999309 5.978561 5.989583 6.014644 6.000697 6.011905 6.0014 5.983893 6.00211 5.97339 5.969888 5.977496 5.977496 5.959916 5.981638 5.971045 5.996454 5.967514 6 6 5.978107 6 6.003546 -9999 -9999 -9999 -9999 -9999 -9999
5.997323 6.004016 6.010709 6.010709 6.014056 6.02075 6.02075 6.024096 6.027443 6.03079 6.017403 6.014056 6.007363 6.014056 6.031586 6.004016 6.021505 6.021505 6.011425 6.004704 6.018893 5.997984 6.012146 6.012146 5.998651 6.040816 6.037415 6.020408 6.023809 6.023809 6.017007 6.013606 6.021175 6.004098 5.987022 5.983607 6.001372 5.984225 6.01314 5.999309 5.982019 5.989583 6.011158 5.997211 5.993724 5.997899 5.997899 5.987395 5.980392 5.995078 5.981013 5.981013 5.9887 5.966948 5.978107 5.974576 5.971045 5.963432 5.966948 6.003546 6.014184 6.007092 -9999 -9999 -9999 -9999 -9999
6.000669 5.983333 5.993333 5.996667 6 6.03079 6.034137 6.013333 6.016667 6.037483 6.03079 6.027443 6.027443 6.024096 6.02075 6.014056 6.014056 6.021505 6.024866 6.011425 6.008065 6.014785 6.001344 6.018893 6.026423 6.036585 6.026423 6.040816 6.009485 6.023809 6.023809 6.013606 6.014344 6.003401 5.997268 5.976191 6.015089 6.008231 5.991735 5.981405 5.995851 6.010417 6.003472 6.011158 6.007671 5.986751 5.983264 6.0014 5.990896 5.958856 5.966386 5.969888 5.988045 5.9887 5.970464 5.992232 5.985169 5.9887 5.992232 6.002825 5.992232 5.995763 5.995763 -9999 -9999 -9999 -9999
5.99 6 6.003333 6.01 6.013333 6.02 6.02 5.996016 6.02 5.999336 6.023334 6.013333 6.01 6.006667 6.003333 6 6.02075 6.017403 6.010709 6.007363 6.007363 6.024866 6.004704 6.001344 6.043361 6.01552 6.036585 6.026423 6.023035 6.023035 5.999322 6.020408 5.995935 6.006803 5.996599 5.989796 5.986394 5.997942 5.980796 5.977366 5.984848 6.006224 6.010417 6.003472 5.989583 5.982639 5.993724 5.983264 5.972804 5.987395 5.983893 5.958856 5.995078 5.977496 5.984529 5.970464 5.981013 5.984529 5.977496 5.999294 6.002825 6.002825 5.984529 6.009887 -9999 -9999 -9999
6.003333 6.013333 6.016667 6.02 6.02 6.026667 6.026667 6.002656 6.002656 6.009296 6.015936 6.005976 6.023334 6.02 6.016667 6.037483 6.027443 6.003333 6.024096 6.017403 6.014056 6.034946 5.993976 6.024866 6.039136 6.022267 6.046748 6.022267 6.02981 6.008772 6.01626 6.01626 5.999322 5.992548 6.006803 5.996599 5.982993 6.01166 6.001372 5.994513 5.970508 6.009682 5.995851 5.992393 5.982019 6 5.986111 5.986111 5.979167 5.990237 5.972804 5.962343 6.012658 5.97339 5.991561 5.988045 5.966386 5.962885 5.969888 6.02048 5.984529 5.991561 5.995078 6.024011 6.024011 -9999 -9999
6.013333 6.02 6.02 6.026667 6.026667 6.03 6.009296 6.009296 6.012616 6.015936 6.019256 6.019256 6.009296 6.012616 6.012616 6.023334 6.04083 6.016667 6.01 6.006667 6.02075 6.02075 6.010709 6.004016 6.045884 6.035762 6.035762 6.029015 6.025641 6.018893 6.012146 6.012873 6.012873 6.00271 5.999322 5.98916 5.972222 6.010929 6.01166 5.976776 5.963115 6.023513 5.984848 6.006224 5.999309 6.003472 5.993056 5.986111 6.000697 5.975694 5.961806 5.986751 6.0014 5.994398 5.976891 5.976891 5.97339 5.976891 5.980392 5.998593 6.00211 6.00211 6.009142 6.012658 6.012658 6.019691 -9999
6.01 6.023334 6.026667 6.03 6.036666 6.033333 6.015936 6.019256 6.015936 6.019256 6.022576 6.029216 6.022576 6.022576 6.015936 6.012616 6.015936 6.016667 6.02 6.013333 6.01 6.02075 6.006667 6.02075 6.049258 6.045884 6.035762 6.029015 6.011425 6.001344 6.025641 5.998651 5.995276 6.009485 5.999322 5.999322 6.006803 6.01776 5.982993 5.997268 5.980191 6.012397 5.998622 5.991735 5.988292 6.009682 5.988935 5.978561 5.989583 5.982639 5.972222 5.972222 6.004902 6.0014 5.987395 5.994398 5.990896 5.987395 5.990896 6.00211 6.016174 6.019691 5.997899 6.016174 6.026723 6.033755 6.033755
6.016667 6.023334 6.04 6.043334 6.025897 6.046667 6.029216 6.025897 6.019256 6.022576 6.025897 6.025897 6.029216 6.025897 6.022576 6.022576 6.009296 6.015936 6.012616 6.013333 6.013333 6.013333 6.01 6.027443 6.038306 6.031586 6.024866 6.024866 6.028226 6.025641 6.001344 5.991263 6.008772 6.005398 5.985155 5.985155 5.975034 6.006803 6.010929 5.993853 6.000683 5.994513 6.012397 5.995179 5.995179 5.991735 6.009682 5.992393 5.978561 5.993056 5.954357 5.982639 6.022409 5.986751 5.979777 5.979777 5.990896 5.994398 5.997899 6.016174 6.008403 6.004902 6.004902 6.030239 6.030239 6.037271 6.037271
6.026667 6.04 6.022576 6.036666 6.029216 6.011905 6.029216 6.011905 6.025897 6.025897 6.032537 6.029216 6.035857 6.029216 6.022576 6.019256 6.015936 6.025897 6.012616 6.002656 6.02 6.002656 6.02 6.01 6.024096 6.024096 6.045027 6.014056 6.031586 6.018145 6.011425 6.004704 6.01552 5.987903 5.995276 6.002025 5.988529 6.017007 5.996599 5.989796 5.976191 6.01166 6.026171 5.987655 6.002066 5.995179 5.981405 5.981405 5.992393 5.982019 5.971646 5.975104 6.014644 5.997211 5.990237 5.990237 5.979777 5.97629 5.972804 5.994398 6.008403 6.008403 5.983264 6.011905 6.015406 6.015406 6.018908
6.023334 6.012616 6.022576 6.022576 6.029216 6.008598 6.011905 6.011905 6.011905 6.015212 6.039176 6.029216 6.039176 6.039176 6.032537 6.025897 6.029216 6.019256 6.015936 6.015936 6.009296 6.002656 6.026667 6.016667 6.034137 6.04083 6.03079 6.027443 6.031586 6.028226 6.018145 6.001344 6.004704 6.012146 6.002025 6.002025 6.009485 6.030612 6.013606 6.006803 5.986394 5.997268 6.01166 6.001372 5.984225 6.008953 5.980796 5.988292 5.977962 5.971074 5.985477 5.971646 5.989583 6.011158 6.011158 6.004184 6.004184 5.993724 5.979777 5.990237 6.015406 5.997211 5.993724 6.018908 6.018908 6.018908 6.029412
6.026667 6.022576 6.035857 6.035857 6.018518 6.015212 6.021825 6.025132 6.025132 6.025132 6.025132 6.055777 6.045817 6.039176 6.015212 6.039176 6.032537 6.032537 6.029216 6.015936 6.012616 6.015936 6.033333 5.999336 6.016667 6.044177 6.034137 6.003333 6.024096 6.010709 6.028226 6.011425 6.008065 6.004704 5.997984 6.005398 6.023035 6.006097 5.98916 6.017007 5.993197 6.010929 5.997268 6.018518 5.994513 6.01584 6.005509 6.002066 5.988292 5.974518 5.974518 5.985477 6.010417 5.989583 5.975104 5.989583 6.018131 5.979167 5.997211 6.018908 6.004184 6.004184 6.007671 6.029412 6.029412 6.029412 6.039916
6.009296 6.029216 6.032537 6.032537 6.018518 6.025132 6.025132 6.025132 6.02844 6.03836 6.03836 6.035053 6.03836 6.059097 6.042497 6.055777 6.049137 6.042497 6.032537 6.029216 5.998677 6.015936 6.036666 6.054217 6.05087 6.02 6.013333 6.03079 6 6.02075 6.02075 6.010709 6.008065 6.008065 6.004704 5.997984 6.012146 6.026423 6.00271 5.992548 5.98916 6.014344 6.004098 5.993853 6.018518 6.008231 6.019284 5.987655 5.995179 5.988292 5.984848 5.977962 5.992393 6 5.982019 5.978561 5.971646 5.982639 6.007671 5.982639 5.989583 6.011158 6.029412 6.029412 6.032913 6.032913 6.039916
6.033333 6.032537 6.039176 6.039176 6.021825 6.031746 6.031746 6.031746 6.031746 6.041667 6.041667 6.044973 6.044973 6.065737 6.062417 6.059097 6.059097 6.049137 6.045817 6.035857 6.025897 6.025897 6.022576 6.043334 6.054217 6.037483 6.023334 6.02 6.034137 6.027443 6.017403 6.010709 6.014056 6.008065 5.990629 6.022267 6.002025 5.995276 6.023035 6.030612 6.017007 6.028006 6.032236 6.007514 6.000683 6.008231 6.01166 5.991084 6.008953 5.977366 5.991735 5.984848 5.999309 5.988935 5.988935 5.985477 5.982019 5.971646 5.989583 6.011158 5.989583 5.996528 6.014644 6.032913 6.032913 6.039916 6.018131
6.019256 6.025897 6.045817 6.045817 6.049137 6.031746 6.035053 6.04828 6.031746 6.044973 6.044973 6.04828 6.04828 6.044973 6.041667 6.059097 6.059097 6.045817 6.045817 6.042497 6.032537 6.025897 6.022576 6.036666 6.04 6.026667 6.05087 6.044177 6.037483 6.006667 5.996667 6.02075 6.010709 6.010709 6.000669 6.025641 6.018893 6.012146 6.01626 5.995935 5.999322 6.034836 6.021175 6.032236 6.004098 6.01166 5.990438 6.018518 6.001372 5.994513 5.984225 5.970508 5.988292 6.002767 5.995851 5.988935 5.988935 5.985477 6 6 6.011158 5.996528 6.025105 6.021618 6.018131 6.021618 6.018131
6.043334 6.025897 6.045817 6.049137 6.049137 6.041667 6.03836 6.03836 6.044973 6.044973 6.04828 6.044973 6.044973 6.041667 6.03836 6.03836 6.041667 6.025132 6.052457 6.021825 6.011905 6.008598 6.05 6.04 6.04 6.012616 6.03 6.023334 6.02 6.01 6.006667 5.996667 6.014056 6.010709 6.018145 6.018145 5.994624 6.01552 5.995276 6.01626 6.01626 6.055328 6.038251 6.010929 6.007514 5.993853 6.000683 5.990438 6.004801 5.976776 5.994513 5.987655 5.991735 6.009682 6.006224 5.971074 5.999309 5.996528 6.010417 6.003472 5.978561 6.003472 6.028592 6.028592 6.025105 6.021618 6.032078
6.04 6.029216 6.035857 6.045817 6.021825 6.062417 6.069057 6.069057 6.044973 6.051587 6.041667 6.041667 6.04828 6.041667 6.041667 6.041667 6.03836 6.031746 6.02844 6.025132 6.049137 6.042497 6.032537 6.025897 6.05 6.019256 6.04 6.012616 6.036666 6.03 6.01 6.003333 6.017403 6.010709 6.024866 6.018145 6.035762 6.01552 6.005398 6.012873 6.012873 6.034014 6.038251 6.02459 6.01776 6.014344 6.028807 5.993853 6.01166 6.001372 6.001372 5.994513 5.984225 5.995179 5.988292 6.006224 5.981405 5.988935 6.013889 5.985477 6.010417 6.010417 6.032078 6.032078 6.032078 6.032078 6.035565
6.04 6.022576 6.035857 6.042497 6.021825 6.025132 6.031746 6.031746 6.044973 6.041667 6.044973 6.041667 6.041667 6.03836 6.041667 6.035053 6.031746 6.025132 6.02844 6.02844 6.02844 6.039176 6.039176 6.035857 6.032537 6.025897 6.015936 6.012616 6.02 5.989376 6.003333 6.003333 6.024096 6.031586 6.028226 6.010709 6.011425 6.004704 6.012146 6.026423 6.01626 6.034014 6.020408 6.010204 6 5.993197 6.004098 6.004098 6.000683 5.990438 5.997942 5.976776 5.991084 6.008953 5.995179 5.988292 5.988292 6.002767 5.992393 6.020833 6.017361 5.995851 6.035565 6.032078 6.025105 6.035565 6.032078
6.04 6.05 6.06 6.035857 6.042497 6.055777 6.025132 6.065737 6.041667 6.041667 6.041667 6.041667 6.041667 6.035053 6.031746 6.031746 6.02844 6.02844 6.021825 6.021825 6.015212 6.022576 6.053333 6.029216 6.025897 6.025897 6.025897 6.005976 6.03 6.026667 6.023334 6.013333 6.02075 6.010709 6.024866 6.014056 6.014785 6.039136 6.01552 6.012146 6.040816 6.01626 6.027211 6.027211 6.003401 6.01776 5.996599 6.014344 6.000683 5.993853 6.01166 5.976776 6.01584 6.005509 5.980796 5.970508 6.016597 6.009682 5.999309 5.999309 6.006224 5.999309 6.017361 6.035565 6.035565 6.032078 6.039052
6.026667 6.04 6.035857 6.042497 6.049137 6.039176 6.02844 6.035053 6.03836 6.062417 6.041667 6.059097 6.062417 6.035053 6.031746 6.025132 6.021825 6.018518 6.018518 6.042497 6.025897 6.06 6.056666 6.053333 6.019256 6.029216 6.002656 6.019256 6.016667 6.005976 6.003333 6.034137 6.03079 6.031586 6.017403 6.031586 6.018145 6.008065 6.004704 6.01552 6.02981 6.037415 6.037415 6.030612 6.010204 5.993197 6 5.993197 6.007514 5.993853 5.987022 6.004801 5.991084 6.008953 5.987655 6.002066 6.026971 6.01314 6.002767 6.006224 6.002767 5.995851 6.020833 6.024306 6.020833 6.042539 6.039052
6.033333 6.012616 6.025897 6.032537 6.032537 6.029216 6.042497 6.049137 6.031746 6.055777 6.052457 6.059097 6.059097 6.02844 6.031746 6.02844 6.025132 6.042497 6.011905 6.06 6.042497 6.022576 6.019256 6.036666 6.03 6.002656 6.019256 6.022576 6.026667 6.02 6.03079 6.034137 6.03079 6.02075 6.028226 6.031586 6.028226 6.011425 6.025641 5.997984 6.046748 6.019648 6.037415 6.006097 6.013606 6.003401 6.021175 5.993197 5.989796 6.004098 5.997268 6.008231 6.001372 6.019284 5.984225 6.030429 6.005509 6.020055 6.026971 6.009682 5.999309 6.006224 6.017361 6.020833 6.017361 6.020833 6.024306
6.047523 6.071908 6.019256 6.032537 6.056666 6.032537 6.032537 6.039176 6.049137 6.042497 6.052457 6.02844 6.052457 6.052457 6.049137 6.025132 6.021825 6.018518 6.032537 6.06 6.029216 6.05 6.05 6.022576 6.025897 6.036666 5.999336 6.023334 5.989376 6.034137 6.04083 6.037483 6.034137 6.027443 6.041667 6.034946 6.018145 6.001344 5.997984 6.004704 6.046748 6.026423 6.023035 6.027211 6.006097 6.013606 6.006803 5.993197 5.989796 6.007514 5.993853 6.01166 6.026171 6.019284 5.984225 6.002066 6.030429 6.002066 6.009682 6.01314 6.027778 6.009682 6.024306 6.024306 6.020833 6.024306 6.024306
6.065188 6.06091 6.06091 6.046667 6.035857 6.029216 6.035857 6.039176 6.015212 6.049137 6.052457 6.049137 6.021825 6.018518 6.045817 6.018518 6.039176 6.035857 6.06 6.035857 6.025897 6.022576 6.043334 6.025897 6.03 6.015936 6.022576 6.016667 6.034137 6.04083 6.037483 6.02075 6.024096 6.027443 6.024096 6.031586 6.024866 6.014785 6.018145 6.032389 6.039973 6.019648 6.019648 6.01626 6.027211 6.020408 6.013606 6.02459 6.010929 6.010929 5.972789 6.008231 5.997942 5.994513 6.008953 6.012397 6.005509 6.002066 6.020055 6.009682 6.009682 6.034722 6.024306 6.024306 6.024306 6.024306 6.024306
6.065188 6.068548 6.078629 6.067604 6.070951 6.046667 6.032537 6.039176 6.045817 6.049137 6.018518 6.045817 6.011905 6.042497 6.011905 6.06 6.032537 6.029216 6.056666 6.019256 6.04 6.033333 6.04 6.019256 6.015936 6.036666 6.047523 6.037483 6.037483 6.027443 6.034137 6.03079 6.014056 6.041667 6.031586 6.031586 6.028226 6.021505 6.032389 6.018893 6.01552 6.019648 6.01626 6.012873 6.027211 5.992548 6.020408 5.996599 5.982993 5.979592 5.997268 6.015089 6.033058 5.997942 6.012397 6.033887 6.030429 6.026971 6.005509 6.023513 6.020055 6.034722 6.03125 6.034722 6.03125 6.024306 6.024306
6.055108 6.065188 6.061828 6.057563 6.06091 6.057563 6.074297 6.053333 6.070951 6.056666 6.042497 6.053333 6.056666 6.056666 6.056666 6.046667 6.046667 6.04 6.04 6.036666 6.04 6.036666 6.016667 6.013333 6.044177 6.05087 6.04083 6.034137 6.04083 6.017403 6.010709 6.03079 6.038306 6.038306 6.024866 6.018145 6.04251 6.008065 6.004704 6.029015 6.039973 6.023035 6.01626 6.030612 6.017007 6.013606 6.017007 6.02459 5.989796 5.979592 6.007514 6.001372 6.004801 6.01584 6.033887 6.008953 6.008953 6.026971 6.002066 6.023513 6.016597 6.034722 6.034722 6.034722 6.027778 6.024306 6.024306
6.051747 6.058468 6.061828 6.065188 6.05087 6.057563 6.054217 6.064257 6.067604 6.046667 6.070951 6.05 6.05 6.05 6.043334 6.05 6.043334 6.036666 6.033333 6.03 6.036666 6.037483 6.068548 6.04083 6.068548 6.03079 6.027443 6.02075 6.024096 6.024096 6.02075 6.027443 6.014056 5.997323 6.024866 6.018145 6.011425 6.025641 6.022267 6.036585 6.036585 6.033198 6.034014 6.023809 6.006803 6.010204 6.013606 6.006803 6.01776 6.010929 6.018518 6.018518 6.022727 6.012397 6.012397 6.033887 6.012397 6.030429 6.026971 6.020055 6.01314 6.034722 6.059972 6.024306 6.020833 6.024306 6.020833
6.052632 6.066127 6.076248 6.058468 6.061828 6.04083 6.05087 6.057563 6.057563 6.064257 6.064257 6.04 6.033333 6.033333 6.057563 6.054217 6.054217 6.085349 6.071908 6.078629 6.047523 6.068548 6.03079 6.04083 6.051747 6.03079 6.027443 6.034137 6.014056 6.041667 6.031586 6.021505 5.993976 6.028226 6.021505 6.025641 6.032389 6.01552 6.01552 6.036585 6.02981 6.040816 6.037415 5.999322 6.017007 6.010204 6.010204 5.993197 5.993197 6.010929 6.007514 6.033058 6.047718 6.019284 6.033887 6.037344 6.008953 6.030429 6.026971 6.030429 6.016597 6.038194 6.027778 6.046025 6.046025 6.017361 6.039052
