Capas/FUTURO/Eje_30s/ASC/bio_09.asc
ncols         993
nrows         433
xllcorner     -105.25566776747
yllcorner     17.599810932142
cellsize      0.0083333333
NODATA_value  -9999
[rows 180 to 215 of 433, columns 820 to 901 of 993]
-9999 -9999 -9999 -9999 -9999 -9999 -9999 -9999 -9999 -9999 -9999 -9999 -9999 -9999 -9999 -9999 -9999 -9999 -9999 -9999 -9999 -9999 -9999 -9999 -9999 -9999 -9999 -9999 -9999 -9999 -9999 -9999 -9999 -9999 -9999 -9999 -9999 -9999 -9999 -9999 -9999 -9999 -9999 -9999 -9999 -9999 -9999 -9999 -9999 -9999 -9999 2834 2833 2833 2833 2834 2842 2844 2845 2850 2853 2859 2863 2860 2857 2853 2849 2844 2844 2846 2845 2843 2840 2839 2836 2833 2837 2832 2827 2839 2850 2854
-9999 -9999 -9999 -9999 -9999 -9999 -9999 -9999 -9999 -9999 -9999 -9999 -9999 -9999 -9999 -9999 -9999 -9999 -9999 -9999 -9999 -9999 -9999 -9999 -9999 -9999 -9999 -9999 -9999 -9999 -9999 -9999 -9999 -9999 -9999 -9999 -9999 -9999 -9999 -9999 -9999 -9999 -9999 -9999 -9999 -9999 -9999 -9999 -9999 -9999 2838 2840 2835 2836 2838 2836 2842 2846 2847 2851 2854 2860 2864 2863 2861 2859 2856 2856 2854 2853 2849 2849 2846 2846 2840 2836 2834 2833 2836 2845 2850 2854
-9999 -9999 -9999 -9999 -9999 -9999 -9999 -9999 -9999 -9999 -9999 -9999 -9999 -9999 -9999 -9999 -9999 -9999 -9999 -9999 -9999 -9999 -9999 -9999 -9999 -9999 -9999 -9999 -9999 -9999 -9999 -9999 -9999 -9999 -9999 -9999 -9999 -9999 -9999 -9999 -9999 -9999 -9999 -9999 -9999 -9999 -9999 -9999 2834 2834 2834 2841 2841 2844 2847 2846 2849 2855 2853 2855 2860 2860 2863 2865 2864 2860 2861 2862 2858 2859 2857 2852 2854 2850 2844 2841 2840 2835 2840 2855 2862 2862
-9999 -9999 -9999 -9999 -9999 -9999 -9999 -9999 -9999 -9999 -9999 -9999 -9999 -9999 -9999 -9999 -9999 -9999 -9999 -9999 -9999 -9999 -9999 -9999 -9999 -9999 -9999 -9999 -9999 -9999 -9999 -9999 -9999 -9999 -9999 -9999 -9999 -9999 -9999 -9999 -9999 -9999 -9999 -9999 -9999 -9999 2822 2823 2829 2835 2837 2841 2845 2842 2847 2850 2849 2858 2860 2861 2865 2864 2863 2866 2866 2866 2868 2867 2862 2867 2865 2861 2857 2852 2846 2845 2844 2842 2838 2847 2855 2869
-9999 -9999 -9999 -9999 -9999 -9999 -9999 -9999 -9999 -9999 -9999 -9999 -9999 -9999 -9999 -9999 -9999 -9999 -9999 -9999 -9999 -9999 -9999 -9999 -9999 -9999 -9999 -9999 -9999 -9999 -9999 -9999 -9999 -9999 -9999 -9999 -9999 -9999 -9999 -9999 -9999 -9999 -9999 -9999 -9999 2828 2816 2820 2826 2832 2836 2841 2847 2847 2848 2853 2856 2857 2858 2860 2862 2867 2867 2869 2866 2867 2874 2870 2865 2870 2867 2855 2858 2854 2850 2851 2850 2848 2841 2855 2858 2859
-9999 -9999 -9999 -9999 -9999 -9999 -9999 -9999 -9999 -9999 -9999 -9999 -9999 -9999 -9999 -9999 -9999 -9999 -9999 -9999 -9999 -9999 -9999 -9999 -9999 -9999 -9999 -9999 -9999 -9999 -9999 -9999 -9999 -9999 -9999 -9999 -9999 -9999 -9999 -9999 -9999 -9999 -9999 2828 2828 2826 2822 2817 2818 2826 2838 2845 2846 2849 2849 2853 2853 2852 2856 2860 2861 2863 2867 2870 2872 2872 2875 2873 2872 2873 2867 2858 2863 2857 2852 2854 2856 2848 2844 2851 2869 2870
-9999 -9999 -9999 -9999 -9999 -9999 -9999 -9999 -9999 -9999 -9999 -9999 -9999 -9999 -9999 -9999 -9999 -9999 -9999 -9999 -9999 -9999 -9999 -9999 -9999 -9999 -9999 -9999 -9999 -9999 -9999 -9999 -9999 -9999 -9999 -9999 -9999 -9999 2848 2848 2843 2837 2833 2835 2835 2830 2825 2827 2827 2831 2839 2845 2845 2850 2853 2854 2856 2857 2858 2860 2862 2865 2866 2864 2871 2876 2875 2876 2876 2875 2872 2865 2867 2862 2856 2855 2857 2853 2848 2849 2862 2878
-9999 -9999 -9999 -9999 -9999 -9999 -9999 -9999 -9999 -9999 -9999 -9999 -9999 -9999 -9999 -9999 -9999 -9999 -9999 -9999 -9999 -9999 -9999 -9999 -9999 -9999 -9999 -9999 -9999 -9999 -9999 2861 2859 2853 2847 2846 2849 2851 2851 2847 2843 2841 2842 2841 2835 2825 2824 2831 2836 2840 2843 2846 2848 2850 2854 2856 2857 2857 2860 2862 2862 2863 2863 2863 2868 2876 2878 2879 2879 2878 2877 2871 2868 2867 2860 2862 2860 2854 2853 2851 2870 2882
-9999 -9999 -9999 -9999 -9999 -9999 -9999 -9999 -9999 -9999 -9999 -9999 -9999 -9999 -9999 -9999 -9999 -9999 -9999 -9999 -9999 -9999 -9999 -9999 -9999 2857 2859 2862 2858 2861 2863 2863 2862 2859 2855 2856 2857 2856 2853 2847 2847 2841 2845 2834 2827 2819 2821 2824 2829 2835 2840 2844 2851 2854 2856 2856 2856 2854 2856 2857 2860 2862 2866 2869 2872 2877 2877 2875 2878 2878 2878 2878 2872 2874 2869 2863 2868 2861 2855 2856 2871 2885
-9999 -9999 -9999 -9999 -9999 -9999 -9999 -9999 -9999 -9999 -9999 -9999 -9999 -9999 -9999 -9999 -9999 -9999 -9999 2863 2863 2862 2861 2861 2860 2859 2864 2864 2860 2863 2864 2864 2864 2863 2862 2861 2861 2860 2857 2855 2853 2851 2842 2837 2835 2834 2833 2825 2827 2833 2840 2846 2851 2855 2856 2857 2855 2853 2854 2854 2858 2863 2866 2872 2873 2876 2870 2863 2870 2870 2870 2870 2880 2876 2879 2868 2867 2875 2866 2863 2875 2886
-9999 -9999 -9999 -9999 -9999 -9999 -9999 -9999 -9999 -9999 -9999 -9999 -9999 -9999 -9999 2862 2865 2867 2867 2866 2865 2864 2862 2862 2862 2864 2866 2865 2863 2865 2865 2864 2862 2864 2865 2865 2864 2863 2860 2857 2851 2847 2847 2848 2846 2842 2840 2830 2832 2836 2835 2842 2849 2853 2857 2856 2857 2854 2855 2852 2858 2865 2869 2873 2876 2873 2863 2862 2864 2862 2858 2858 2874 2880 2880 2881 2878 2879 2879 2875 2884 2884
-9999 -9999 -9999 -9999 -9999 -9999 -9999 -9999 -9999 -9999 -9999 -9999 2869 2867 2866 2867 2868 2868 2868 2867 2865 2863 2861 2861 2863 2866 2868 2867 2866 2866 2863 2866 2866 2867 2867 2866 2866 2865 2861 2855 2854 2855 2854 2852 2851 2847 2843 2832 2829 2837 2844 2847 2849 2856 2859 2860 2860 2858 2860 2855 2854 2858 2867 2875 2873 2867 2861 2861 2861 2856 2855 2857 2865 2870 2873 2878 2882 2883 2883 2883 2880 2874
-9999 -9999 -9999 -9999 -9999 -9999 -9999 -9999 2871 2871 2871 2871 2870 2870 2869 2869 2869 2869 2868 2867 2865 2862 2858 2860 2863 2866 2868 2868 2868 2868 2866 2867 2868 2868 2868 2867 2867 2865 2862 2858 2858 2857 2856 2854 2853 2850 2840 2832 2836 2838 2841 2847 2853 2858 2862 2860 2862 2861 2863 2863 2862 2865 2871 2873 2863 2856 2857 2859 2858 2856 2853 2855 2864 2865 2870 2878 2875 2879 2878 2882 2875 2866
2871 2871 2871 2871 2871 2871 2871 2871 2871 2871 2871 2871 2871 2871 2870 2870 2870 2869 2869 2868 2866 2862 2858 2861 2863 2865 2867 2865 2868 2868 2868 2868 2869 2869 2868 2868 2867 2865 2861 2859 2858 2856 2856 2855 2853 2849 2839 2837 2841 2844 2842 2846 2854 2858 2861 2864 2865 2865 2866 2866 2870 2873 2874 2869 2861 2851 2851 2854 2853 2852 2851 2857 2860 2867 2874 2870 2869 2871 2877 2881 2880 2873
2870 2871 2871 2871 2872 2872 2871 2872 2872 2872 2871 2872 2871 2871 2871 2871 2870 2870 2869 2868 2865 2862 2861 2861 2864 2867 2868 2867 2870 2870 2869 2870 2870 2869 2869 2867 2866 2864 2862 2860 2858 2858 2857 2853 2851 2846 2841 2842 2844 2847 2846 2848 2851 2856 2861 2865 2865 2868 2869 2869 2871 2870 2865 2860 2855 2852 2846 2846 2845 2846 2849 2854 2856 2864 2867 2869 2873 2874 2879 2874 2877 2869
2870 2871 2871 2872 2872 2872 2872 2872 2872 2872 2872 2872 2872 2872 2871 2871 2871 2871 2869 2866 2864 2860 2856 2857 2862 2866 2870 2871 2871 2871 2870 2871 2870 2870 2869 2867 2865 2863 2860 2859 2858 2858 2857 2855 2848 2844 2847 2850 2847 2850 2854 2852 2852 2856 2860 2864 2868 2866 2860 2858 2863 2860 2859 2851 2843 2843 2841 2838 2838 2838 2843 2849 2858 2863 2863 2869 2875 2875 2874 2868 2872 2856
2870 2870 2871 2871 2872 2872 2872 2872 2872 2872 2872 2872 2872 2872 2872 2872 2872 2871 2870 2867 2864 2861 2857 2858 2864 2868 2871 2872 2872 2872 2871 2871 2871 2870 2869 2867 2864 2862 2859 2859 2859 2859 2857 2853 2847 2842 2848 2853 2856 2856 2857 2856 2856 2859 2860 2859 2865 2863 2857 2852 2855 2854 2846 2843 2839 2836 2834 2831 2830 2837 2843 2848 2854 2862 2870 2872 2867 2858 2858 2853 2866 2858
2868 2869 2870 2870 2871 2872 2872 2872 2872 2872 2872 2872 2872 2872 2872 2872 2872 2872 2871 2870 2868 2865 2863 2864 2867 2870 2872 2873 2873 2872 2872 2872 2871 2871 2869 2867 2865 2863 2860 2861 2857 2859 2854 2847 2849 2853 2853 2857 2858 2860 2860 2861 2859 2860 2864 2859 2866 2863 2858 2851 2848 2848 2845 2839 2833 2828 2828 2829 2838 2849 2856 2857 2858 2865 2866 2858 2856 2851 2849 2847 2860 2857
2865 2866 2868 2869 2870 2871 2872 2872 2872 2872 2872 2872 2872 2871 2872 2872 2872 2872 2872 2871 2870 2869 2867 2867 2870 2872 2873 2872 2873 2873 2872 2872 2872 2871 2869 2868 2867 2864 2863 2862 2859 2860 2858 2852 2852 2857 2858 2856 2857 2861 2863 2863 2864 2865 2866 2865 2867 2863 2860 2856 2850 2846 2845 2840 2833 2826 2823 2834 2842 2848 2843 2844 2853 2861 2861 2858 2853 2850 2848 2846 2852 2853
2855 2860 2865 2868 2869 2871 2872 2872 2872 2872 2872 2872 2871 2872 2872 2873 2873 2872 2872 2872 2872 2871 2870 2870 2872 2873 2873 2873 2873 2873 2872 2872 2871 2869 2869 2868 2868 2866 2865 2864 2862 2860 2860 2859 2858 2860 2861 2858 2858 2861 2864 2865 2865 2863 2867 2866 2866 2863 2859 2855 2850 2852 2845 2841 2834 2828 2823 2829 2837 2838 2832 2838 2846 2852 2854 2849 2848 2846 2846 2841 2845 2847
2853 2859 2864 2866 2869 2870 2872 2872 2871 2871 2872 2872 2872 2872 2873 2873 2872 2873 2873 2872 2873 2873 2872 2873 2873 2874 2871 2872 2873 2873 2872 2872 2870 2868 2868 2868 2867 2866 2863 2862 2862 2861 2861 2861 2861 2863 2863 2862 2863 2864 2864 2865 2866 2866 2867 2865 2863 2862 2860 2858 2857 2848 2840 2837 2835 2829 2822 2822 2826 2826 2824 2827 2836 2843 2848 2843 2837 2840 2842 2842 2844 2846
2854 2860 2864 2866 2868 2869 2871 2871 2870 2870 2871 2871 2872 2872 2873 2873 2872 2873 2873 2874 2874 2873 2873 2874 2874 2874 2873 2873 2873 2872 2872 2870 2866 2868 2866 2867 2866 2864 2860 2864 2864 2863 2863 2862 2863 2864 2865 2864 2865 2865 2865 2865 2867 2867 2865 2864 2863 2857 2846 2849 2853 2848 2839 2836 2832 2828 2822 2819 2816 2818 2821 2824 2827 2833 2841 2843 2837 2839 2841 2846 2849 2843
2859 2859 2864 2867 2867 2869 2871 2870 2869 2868 2869 2870 2871 2872 2873 2872 2871 2873 2872 2873 2875 2874 2873 2874 2875 2875 2874 2873 2873 2872 2871 2870 2868 2869 2867 2867 2866 2863 2864 2866 2862 2864 2865 2863 2864 2866 2866 2865 2865 2865 2864 2866 2867 2865 2861 2860 2862 2857 2846 2846 2846 2848 2844 2838 2833 2830 2824 2823 2823 2821 2821 2825 2824 2825 2834 2839 2838 2845 2847 2847 2852 2848
2864 2861 2864 2867 2868 2869 2870 2870 2868 2865 2866 2869 2871 2872 2873 2872 2871 2872 2872 2873 2874 2875 2874 2875 2875 2875 2874 2874 2873 2873 2872 2871 2870 2870 2869 2868 2866 2867 2867 2868 2867 2867 2867 2865 2866 2867 2867 2866 2866 2865 2864 2866 2865 2864 2861 2861 2861 2860 2856 2848 2845 2846 2842 2833 2835 2836 2836 2828 2825 2826 2831 2829 2826 2823 2827 2830 2835 2843 2849 2852 2856 2853
2867 2866 2866 2868 2869 2870 2871 2870 2868 2867 2867 2870 2871 2873 2873 2872 2870 2871 2873 2873 2874 2875 2875 2875 2876 2876 2875 2874 2874 2873 2872 2871 2869 2868 2868 2868 2868 2869 2869 2869 2869 2868 2868 2867 2867 2868 2868 2867 2866 2863 2864 2862 2863 2865 2864 2863 2861 2861 2858 2853 2848 2843 2839 2833 2839 2844 2844 2833 2834 2839 2839 2833 2829 2827 2821 2821 2832 2840 2843 2846 2853 2859
2869 2869 2869 2870 2869 2870 2870 2870 2869 2870 2870 2871 2872 2873 2872 2870 2870 2871 2871 2872 2873 2875 2876 2876 2876 2876 2875 2874 2873 2873 2872 2870 2867 2866 2867 2868 2869 2870 2869 2868 2867 2867 2869 2869 2869 2869 2868 2867 2867 2866 2865 2862 2863 2865 2865 2863 2863 2862 2859 2856 2851 2842 2845 2842 2835 2843 2847 2848 2848 2846 2844 2840 2836 2835 2827 2822 2826 2832 2843 2849 2854 2859
2867 2868 2868 2869 2871 2871 2871 2871 2869 2870 2871 2872 2873 2872 2870 2869 2870 2870 2871 2872 2872 2873 2874 2876 2876 2876 2875 2874 2873 2873 2871 2869 2868 2867 2868 2869 2870 2870 2868 2866 2865 2867 2868 2869 2869 2869 2868 2865 2867 2867 2866 2865 2865 2865 2864 2863 2862 2862 2860 2860 2854 2849 2849 2840 2835 2835 2839 2846 2852 2848 2843 2841 2837 2832 2828 2835 2834 2829 2838 2845 2851 2852
2868 2868 2867 2867 2869 2871 2872 2872 2871 2871 2872 2872 2872 2870 2869 2870 2870 2870 2872 2873 2872 2874 2874 2876 2876 2876 2875 2874 2874 2873 2872 2870 2870 2870 2870 2870 2869 2869 2866 2862 2864 2866 2867 2869 2870 2870 2868 2867 2868 2867 2866 2866 2865 2865 2863 2862 2860 2861 2862 2862 2859 2855 2848 2843 2842 2837 2841 2840 2844 2853 2848 2841 2837 2833 2834 2843 2836 2829 2832 2838 2842 2845
2869 2869 2868 2868 2868 2869 2868 2870 2873 2872 2871 2870 2871 2871 2870 2871 2871 2870 2872 2871 2873 2874 2876 2877 2876 2876 2875 2875 2874 2874 2873 2872 2872 2872 2872 2870 2868 2869 2865 2865 2867 2867 2868 2869 2870 2870 2869 2869 2869 2867 2865 2866 2866 2865 2863 2860 2860 2862 2864 2863 2860 2858 2855 2852 2850 2845 2845 2850 2851 2851 2844 2842 2843 2838 2842 2847 2836 2831 2838 2834 2832 2834
2869 2870 2870 2869 2868 2867 2867 2867 2870 2873 2872 2871 2872 2872 2872 2872 2871 2873 2873 2872 2874 2875 2877 2876 2876 2876 2876 2875 2875 2875 2874 2874 2874 2874 2873 2871 2870 2869 2869 2870 2870 2870 2869 2870 2871 2871 2871 2870 2868 2865 2864 2866 2867 2865 2862 2859 2861 2863 2865 2864 2862 2861 2858 2857 2855 2852 2849 2855 2853 2852 2852 2855 2853 2847 2850 2853 2847 2843 2845 2836 2831 2830
2871 2870 2871 2869 2867 2869 2869 2868 2868 2871 2873 2872 2874 2873 2873 2872 2873 2874 2873 2872 2872 2875 2876 2874 2876 2877 2876 2876 2876 2875 2875 2876 2876 2875 2875 2873 2870 2867 2870 2872 2872 2871 2870 2871 2872 2871 2871 2870 2868 2867 2867 2867 2867 2865 2862 2862 2863 2864 2865 2865 2864 2860 2857 2859 2861 2859 2858 2856 2853 2857 2860 2860 2856 2854 2856 2857 2854 2855 2852 2843 2839 2843
2873 2872 2873 2870 2869 2872 2872 2871 2870 2870 2873 2873 2874 2874 2874 2873 2875 2875 2874 2873 2872 2874 2874 2871 2873 2877 2876 2876 2876 2876 2876 2876 2876 2876 2875 2874 2872 2873 2873 2874 2873 2872 2871 2872 2872 2871 2871 2870 2869 2868 2869 2867 2866 2865 2864 2864 2865 2865 2866 2865 2863 2860 2859 2865 2860 2854 2852 2855 2857 2860 2862 2861 2859 2858 2858 2859 2858 2859 2858 2853 2847 2849
2872 2874 2874 2873 2872 2873 2874 2873 2872 2871 2872 2874 2874 2874 2874 2874 2876 2875 2877 2872 2873 2875 2875 2874 2875 2877 2876 2876 2877 2878 2875 2875 2876 2877 2875 2875 2875 2876 2875 2875 2874 2874 2872 2873 2870 2870 2871 2871 2870 2870 2869 2868 2866 2866 2865 2865 2866 2867 2866 2864 2863 2863 2864 2866 2861 2857 2857 2859 2861 2862 2864 2862 2860 2860 2860 2861 2861 2861 2861 2858 2856 2855
2871 2873 2874 2875 2874 2875 2874 2870 2871 2871 2871 2871 2873 2875 2874 2875 2877 2877 2876 2873 2874 2875 2876 2876 2877 2878 2877 2876 2876 2878 2875 2875 2875 2877 2877 2875 2876 2876 2875 2875 2875 2874 2874 2873 2871 2869 2870 2871 2871 2870 2870 2869 2868 2867 2866 2867 2867 2867 2864 2863 2865 2865 2868 2866 2860 2860 2860 2860 2863 2864 2864 2862 2861 2862 2861 2862 2862 2863 2863 2862 2862 2859
2870 2871 2870 2872 2875 2876 2872 2871 2871 2871 2872 2870 2872 2874 2874 2874 2876 2878 2876 2875 2874 2875 2874 2874 2875 2877 2876 2874 2875 2877 2878 2877 2877 2877 2877 2877 2877 2877 2876 2876 2875 2874 2874 2873 2872 2871 2871 2871 2871 2870 2870 2870 2868 2867 2868 2869 2868 2867 2864 2864 2867 2867 2867 2862 2860 2862 2862 2864 2866 2863 2861 2862 2862 2863 2863 2863 2864 2863 2865 2864 2864 2862
2872 2870 2869 2871 2873 2876 2871 2872 2872 2871 2873 2871 2871 2873 2875 2875 2877 2878 2878 2877 2875 2874 2872 2872 2875 2877 2877 2876 2876 2878 2879 2879 2878 2877 2877 2878 2878 2877 2876 2876 2875 2874 2874 2873 2872 2871 2870 2870 2870 2870 2869 2868 2868 2867 2868 2869 2866 2866 2865 2865 2866 2870 2868 2865 2861 2863 2864 2864 2866 2863 2863 2863 2862 2862 2863 2864 2865 2864 2865 2866 2867 2866
