Capas/FUTURO/Eje_30s/ASC/bio_04.asc
ncols         993
nrows         433
xllcorner     -105.25566776747
yllcorner     17.599810932142
cellsize      0.0083333333
NODATA_value  -9999
[rows 108 to 143 of 433, columns 492 to 573 of 993]
2304 2303 2316 2310 2312 2296 2306 2319 2316 2315 2305 2304 2310 2307 2306 2306 2304 2318 2310 2306 2306 2295 2292 2310 2295 2295 2312 2292 2298 2295 2298 2298 2298 2292 2298 2298 2290 2280 2295 2290 2292 2278 2284 2284 2281 2276 2278 2249 2278 2275 2249 2269 2281 2269 2255 2251 2255 2269 2251 2256 2249 2257 2249 2236 2237 2236 2236 2243 2235 2246 2249 2238 2253 2246 2239 2242 2252 2252 2246 2228 2226 2255
2304 2311 2317 2315 2319 2302 2296 2306 2296 2319 2306 2305 2307 2306 2306 2305 2318 2292 2302 2310 2280 2292 2309 2306 2292 2292 2299 2295 2312 2306 2292 2298 2290 2290 2290 2280 2292 2279 2293 2292 2276 2276 2284 2273 2286 2268 2278 2263 2276 2269 2281 2281 2268 2278 2269 2251 2251 2249 2259 2249 2249 2256 2249 2257 2236 2243 2243 2243 2241 2243 2223 2226 2223 2250 2243 2223 2234 2225 2226 2225 2252 2252
2311 2303 2317 2310 2303 2306 2306 2319 2306 2292 2306 2306 2305 2305 2306 2305 2309 2302 2302 2292 2292 2292 2275 2292 2285 2298 2299 2292 2292 2312 2298 2298 2295 2292 2298 2279 2292 2292 2292 2292 2276 2276 2273 2263 2276 2265 2276 2263 2276 2276 2276 2244 2244 2269 2257 2246 2269 2251 2247 2251 2255 2246 2251 2246 2256 2249 2256 2244 2236 2236 2236 2223 2223 2226 2226 2228 2210 2232 2223 2243 2250 2243
2303 2304 2293 2303 2306 2292 2319 2308 2297 2292 2292 2306 2305 2305 2305 2318 2302 2292 2292 2285 2309 2292 2296 2285 2292 2295 2292 2292 2297 2298 2298 2290 2298 2279 2279 2279 2290 2290 2290 2276 2276 2281 2273 2276 2265 2276 2276 2268 2268 2276 2267 2268 2281 2269 2244 2281 2244 2244 2249 2236 2249 2256 2251 2246 2257 2244 2249 2236 2243 2243 2244 2243 2226 2243 2226 2223 2223 2243 2223 2223 2223 2226
2303 2304 2292 2303 2303 2303 2296 2311 2297 2292 2292 2292 2306 2306 2305 2305 2295 2292 2292 2292 2309 2312 2309 2309 2311 2311 2311 2287 2278 2278 2279 2279 2279 2278 2279 2279 2279 2290 2276 2276 2274 2263 2265 2265 2276 2263 2249 2276 2265 2255 2278 2268 2255 2268 2257 2246 2268 2269 2249 2269 2255 2258 2257 2253 2242 2244 2244 2256 2243 2249 2240 2223 2223 2243 2223 2214 2215 2218 2243 2212 2218 2242
2291 2290 2290 2303 2303 2303 2296 2310 2297 2292 2292 2292 2292 2292 2305 2297 2282 2292 2292 2292 2292 2310 2309 2299 2285 2286 2277 2277 2279 2277 2278 2279 2279 2279 2279 2279 2277 2276 2276 2276 2263 2265 2265 2276 2263 2265 2265 2255 2255 2265 2265 2259 2251 2257 2268 2268 2257 2259 2268 2255 2271 2258 2268 2268 2259 2263 2249 2244 2244 2246 2246 2235 2226 2243 2225 2225 2215 2211 2217 2215 2249 2223
2291 2291 2303 2289 2303 2289 2296 2296 2292 2292 2292 2292 2292 2283 2297 2297 2297 2292 2292 2292 2298 2298 2285 2277 2277 2275 2275 2275 2275 2275 2275 2277 2277 2279 2279 2279 2279 2263 2281 2263 2265 2265 2276 2263 2265 2257 2255 2255 2265 2249 2254 2247 2246 2259 2251 2246 2268 2259 2249 2268 2259 2273 2272 2272 2272 2268 2259 2246 2263 2243 2236 2236 2236 2228 2223 2208 2226 2213 2226 2215 2217 2217
2276 2276 2275 2290 2290 2289 2296 2296 2286 2292 2292 2292 2284 2283 2297 2297 2286 2292 2292 2298 2298 2284 2271 2274 2277 2277 2272 2272 2272 2272 2272 2292 2277 2277 2279 2279 2277 2276 2271 2259 2265 2263 2265 2265 2263 2251 2259 2265 2249 2254 2255 2251 2268 2254 2254 2257 2268 2268 2259 2258 2273 2287 2295 2272 2273 2285 2272 2263 2249 2246 2235 2223 2235 2243 2223 2214 2223 2215 2209 2209 2214 2214
2265 2265 2264 2264 2277 2289 2297 2292 2287 2284 2292 2284 2284 2283 2283 2272 2272 2292 2298 2282 2298 2272 2277 2278 2275 2272 2272 2292 2285 2272 2285 2278 2285 2288 2277 2277 2277 2276 2263 2259 2251 2253 2245 2263 2251 2255 2255 2251 2255 2249 2255 2251 2268 2268 2268 2253 2271 2281 2285 2271 2282 2284 2272 2295 2282 2282 2285 2258 2246 2236 2222 2223 2243 2223 2226 2208 2208 2213 2214 2214 2208 2185
2264 2282 2264 2264 2284 2263 2292 2284 2284 2284 2284 2284 2284 2283 2272 2272 2280 2292 2272 2258 2272 2258 2263 2258 2272 2272 2264 2272 2272 2277 2268 2268 2268 2268 2261 2261 2261 2259 2279 2265 2265 2251 2251 2251 2255 2249 2249 2254 2254 2254 2251 2233 2255 2268 2268 2274 2271 2284 2295 2287 2285 2295 2309 2309 2309 2295 2281 2265 2263 2236 2236 2235 2236 2209 2213 2208 2208 2213 2214 2185 2213 2213
2261 2278 2281 2272 2280 2263 2284 2274 2284 2284 2284 2283 2269 2258 2272 2272 2280 2294 2294 2268 2268 2258 2258 2258 2272 2265 2272 2268 2264 2265 2268 2258 2265 2265 2265 2263 2265 2278 2265 2265 2259 2266 2255 2247 2255 2241 2233 2251 2253 2255 2251 2253 2258 2253 2259 2268 2270 2273 2281 2281 2295 2318 2309 2309 2273 2273 2276 2263 2263 2249 2236 2223 2227 2214 2191 2213 2185 2213 2207 2185 2213 2188
2278 2264 2265 2278 2264 2264 2258 2252 2252 2252 2269 2258 2258 2258 2258 2258 2272 2292 2292 2292 2258 2258 2258 2258 2272 2272 2268 2265 2265 2258 2277 2265 2259 2259 2265 2265 2264 2259 2251 2265 2251 2254 2251 2255 2241 2246 2247 2253 2233 2253 2233 2244 2244 2259 2257 2245 2259 2270 2272 2283 2309 2318 2326 2291 2309 2296 2273 2272 2263 2250 2238 2236 2230 2208 2207 2201 2213 2208 2177 2190 2190 2191
2278 2244 2264 2264 2244 2263 2263 2284 2271 2244 2259 2252 2252 2256 2258 2272 2272 2280 2283 2259 2258 2258 2258 2272 2258 2258 2272 2258 2247 2272 2259 2265 2265 2248 2265 2265 2251 2265 2259 2259 2263 2247 2249 2251 2241 2247 2244 2233 2244 2246 2241 2246 2255 2259 2272 2260 2259 2259 2258 2282 2286 2321 2324 2321 2309 2292 2271 2247 2246 2235 2238 2227 2199 2201 2194 2201 2213 2203 2187 2190 2180 2157
2242 2242 2244 2244 2264 2264 2257 2258 2257 2244 2271 2284 2259 2254 2257 2254 2265 2265 2277 2258 2258 2258 2258 2272 2258 2258 2258 2248 2248 2265 2265 2248 2265 2248 2251 2259 2265 2241 2251 2265 2262 2249 2257 2247 2244 2233 2245 2241 2233 2219 2241 2259 2246 2260 2259 2262 2259 2260 2271 2273 2287 2290 2309 2318 2309 2273 2266 2249 2235 2235 2220 2227 2201 2199 2187 2170 2188 2176 2190 2179 2179 2169
2255 2255 2243 2255 2248 2244 2244 2253 2257 2244 2257 2244 2258 2270 2271 2271 2274 2265 2253 2258 2258 2258 2258 2258 2258 2265 2258 2239 2265 2265 2239 2258 2234 2265 2265 2265 2241 2242 2259 2251 2241 2241 2251 2244 2241 2241 2246 2246 2246 2246 2243 2249 2219 2249 2249 2245 2233 2259 2259 2272 2271 2285 2297 2286 2299 2273 2249 2236 2224 2210 2213 2236 2203 2203 2187 2179 2163 2163 2179 2169 2181 2169
2242 2220 2207 2230 2230 2236 2234 2244 2247 2250 2255 2236 2252 2246 2247 2247 2259 2259 2240 2258 2258 2248 2225 2225 2234 2258 2246 2239 2239 2258 2265 2225 2255 2265 2236 2238 2241 2265 2251 2265 2241 2256 2241 2255 2254 2241 2246 2241 2233 2243 2246 2233 2230 2233 2249 2235 2233 2249 2259 2249 2259 2260 2260 2262 2272 2236 2236 2239 2201 2201 2203 2193 2170 2203 2190 2176 2149 2179 2157 2145 2157 2153
2220 2207 2217 2213 2230 2222 2217 2226 2212 2222 2230 2219 2244 2233 2245 2258 2258 2258 2258 2258 2258 2250 2258 2258 2258 2234 2265 2248 2246 2265 2238 2256 2265 2238 2241 2231 2238 2244 2247 2241 2251 2241 2241 2255 2241 2246 2254 2243 2230 2249 2230 2208 2235 2222 2222 2233 2235 2224 2238 2249 2259 2235 2235 2235 2235 2235 2201 2227 2213 2201 2203 2170 2163 2203 2177 2187 2163 2155 2155 2155 2156 2141
2226 2229 2214 2226 2203 2219 2226 2236 2235 2238 2229 2229 2229 2229 2229 2233 2233 2205 2236 2205 2244 2225 2245 2237 2258 2225 2258 2248 2246 2246 2265 2236 2252 2241 2241 2241 2251 2241 2241 2241 2241 2270 2272 2254 2245 2241 2246 2246 2208 2230 2208 2229 2214 2208 2210 2214 2214 2222 2194 2214 2224 2233 2235 2201 2201 2235 2201 2235 2203 2203 2178 2190 2157 2190 2190 2157 2155 2155 2145 2148 2125 2131
2218 2218 2207 2201 2217 2213 2213 2222 2215 2218 2215 2209 2211 2237 2218 2237 2242 2225 2250 2250 2215 2218 2242 2250 2228 2232 2244 2211 2238 2236 2225 2225 2241 2228 2229 2234 2245 2228 2241 2244 2253 2273 2244 2244 2241 2241 2231 2208 2233 2211 2211 2214 2211 2211 2236 2224 2197 2236 2215 2226 2223 2236 2214 2201 2203 2236 2203 2201 2204 2187 2171 2191 2172 2164 2169 2159 2145 2127 2162 2148 2161 2138
2193 2207 2200 2211 2213 2190 2191 2188 2203 2199 2199 2192 2202 2199 2218 2225 2216 2230 2208 2201 2223 2203 2203 2209 2213 2240 2218 2228 2218 2218 2218 2218 2220 2220 2225 2225 2233 2230 2230 2247 2247 2250 2253 2241 2231 2208 2229 2217 2236 2233 2208 2203 2217 2211 2211 2217 2197 2197 2203 2207 2203 2210 2191 2210 2207 2210 2207 2211 2183 2196 2183 2196 2196 2151 2138 2149 2148 2125 2138 2138 2148 2135
2194 2180 2182 2197 2205 2197 2170 2186 2195 2202 2176 2176 2188 2176 2204 2195 2198 2198 2211 2194 2199 2192 2198 2220 2220 2222 2208 2224 2208 2208 2208 2209 2197 2190 2210 2215 2186 2210 2215 2215 2209 2212 2202 2201 2226 2191 2207 2199 2199 2211 2209 2199 2199 2199 2201 2223 2203 2203 2207 2207 2183 2207 2210 2171 2184 2197 2180 2177 2175 2157 2162 2173 2162 2151 2138 2138 2138 2138 2138 2135 2127 2135
2172 2170 2190 2182 2182 2198 2198 2180 2184 2169 2184 2176 2188 2185 2191 2191 2192 2197 2198 2191 2192 2190 2198 2199 2186 2199 2199 2199 2186 2188 2208 2209 2207 2190 2190 2197 2186 2186 2192 2224 2215 2226 2224 2226 2200 2193 2202 2177 2195 2193 2200 2200 2197 2197 2180 2193 2200 2193 2184 2169 2183 2197 2210 2177 2179 2180 2210 2186 2179 2160 2148 2157 2138 2138 2148 2138 2138 2138 2138 2138 2135 2138
2172 2169 2171 2174 2173 2182 2168 2198 2182 2170 2157 2186 2176 2188 2188 2191 2190 2181 2192 2190 2194 2173 2199 2199 2189 2186 2199 2196 2199 2201 2200 2191 2190 2175 2202 2206 2215 2186 2213 2191 2213 2226 2203 2193 2212 2193 2177 2177 2193 2180 2200 2175 2168 2180 2187 2186 2173 2153 2160 2157 2156 2160 2177 2162 2162 2174 2210 2160 2161 2151 2138 2148 2126 2125 2138 2138 2125 2116 2112 2134 2134 2134
2169 2172 2172 2172 2165 2182 2166 2184 2182 2184 2182 2171 2171 2166 2187 2166 2163 2163 2170 2166 2192 2194 2196 2190 2189 2191 2199 2167 2174 2200 2205 2201 2189 2177 2194 2175 2177 2177 2196 2182 2182 2177 2193 2193 2189 2193 2177 2182 2180 2168 2186 2170 2184 2173 2159 2170 2153 2160 2153 2164 2161 2148 2148 2137 2133 2142 2134 2125 2112 2116 2116 2134 2125 2125 2128 2116 2112 2112 2103 2112 2134 2112
2150 2163 2172 2164 2161 2166 2174 2163 2173 2163 2170 2168 2171 2184 2171 2166 2166 2179 2163 2183 2181 2189 2190 2166 2196 2186 2202 2202 2167 2199 2188 2199 2190 2190 2194 2176 2176 2177 2191 2182 2182 2171 2166 2167 2185 2159 2159 2165 2180 2170 2160 2170 2170 2170 2159 2148 2153 2157 2151 2161 2150 2137 2133 2152 2133 2116 2128 2118 2116 2112 2116 2111 2111 2090 2080 2102 2106 2112 2112 2112 2097 2112
2157 2158 2159 2172 2150 2150 2161 2182 2164 2163 2168 2170 2182 2170 2184 2183 2171 2191 2160 2190 2165 2190 2185 2196 2166 2165 2165 2179 2199 2167 2177 2200 2201 2188 2190 2176 2193 2176 2182 2167 2158 2158 2185 2185 2169 2159 2157 2148 2162 2162 2151 2162 2144 2139 2170 2157 2150 2150 2150 2133 2139 2139 2139 2139 2128 2115 2115 2103 2098 2103 2111 2109 2111 2089 2081 2089 2088 2096 2090 2080 2084 2084
2157 2157 2142 2142 2160 2145 2166 2162 2150 2166 2163 2163 2182 2184 2171 2170 2158 2157 2181 2160 2166 2163 2166 2192 2165 2167 2167 2167 2196 2167 2199 2181 2188 2177 2177 2180 2179 2183 2177 2158 2158 2158 2182 2159 2165 2158 2145 2162 2162 2162 2142 2135 2148 2148 2139 2141 2128 2144 2138 2133 2139 2125 2133 2133 2112 2125 2112 2102 2102 2102 2109 2108 2096 2075 2067 2067 2054 2087 2087 2075 2058 2073
2146 2139 2146 2160 2142 2145 2161 2159 2150 2163 2152 2152 2160 2184 2163 2184 2173 2152 2160 2166 2159 2175 2185 2152 2165 2175 2167 2186 2199 2167 2199 2174 2172 2177 2178 2172 2177 2160 2170 2162 2158 2170 2159 2159 2161 2145 2149 2162 2162 2144 2141 2139 2148 2130 2139 2138 2126 2131 2131 2110 2134 2117 2124 2109 2100 2108 2108 2109 2108 2108 2102 2095 2089 2078 2075 2078 2067 2067 2057 2057 2044 2054
2146 2139 2139 2145 2149 2159 2142 2142 2161 2160 2161 2163 2152 2163 2163 2168 2174 2174 2173 2150 2160 2159 2163 2152 2165 2166 2175 2167 2167 2167 2166 2166 2167 2177 2177 2177 2176 2176 2156 2156 2155 2147 2147 2158 2145 2135 2162 2137 2141 2141 2142 2139 2130 2144 2113 2128 2131 2116 2117 2124 2122 2100 2107 2100 2100 2100 2100 2093 2080 2079 2075 2095 2078 2094 2095 2067 2058 2045 2054 2031 2023 2051
2132 2146 2132 2132 2145 2135 2132 2134 2134 2150 2137 2160 2160 2152 2163 2163 2163 2174 2163 2165 2170 2163 2163 2158 2163 2167 2166 2173 2167 2174 2163 2164 2167 2172 2176 2177 2151 2151 2153 2142 2155 2147 2158 2135 2148 2153 2139 2141 2138 2135 2122 2130 2138 2131 2103 2116 2131 2131 2124 2124 2100 2100 2100 2100 2100 2067 2080 2079 2087 2079 2066 2069 2063 2050 2073 2054 2062 2045 2023 2051 2040 2045
2122 2111 2132 2132 2145 2135 2131 2123 2136 2134 2131 2137 2160 2145 2163 2163 2163 2163 2144 2168 2156 2165 2156 2163 2154 2145 2154 2165 2167 2174 2167 2169 2169 2150 2158 2153 2176 2164 2156 2132 2158 2145 2135 2148 2153 2139 2135 2135 2122 2116 2130 2131 2138 2128 2103 2122 2110 2103 2117 2113 2100 2100 2100 2100 2080 2100 2100 2087 2087 2066 2066 2066 2056 2049 2056 2042 2045 2049 2036 2023 2026 2051
2117 2096 2130 2130 2112 2120 2119 2130 2122 2134 2136 2143 2137 2160 2160 2160 2139 2165 2165 2163 2143 2145 2150 2145 2147 2148 2167 2160 2135 2167 2167 2167 2150 2150 2150 2168 2150 2153 2151 2132 2150 2147 2147 2133 2123 2131 2135 2122 2116 2130 2138 2131 2116 2117 2122 2122 2103 2122 2100 2100 2100 2096 2094 2100 2087 2070 2077 2100 2066 2066 2066 2056 2058 2059 2070 2063 2050 2050 2029 2029 2029 2050
2134 2108 2133 2130 2119 2119 2126 2122 2133 2133 2148 2134 2124 2130 2148 2134 2161 2161 2136 2163 2142 2141 2137 2143 2162 2163 2176 2177 2131 2165 2165 2140 2139 2153 2166 2146 2150 2153 2156 2158 2133 2135 2135 2135 2135 2135 2122 2116 2130 2131 2115 2103 2103 2103 2113 2103 2096 2103 2103 2115 2117 2131 2107 2114 2127 2114 2093 2101 2072 2083 2059 2069 2059 2056 2063 2056 2056 2056 2034 2028 2029 2037
2123 2108 2133 2133 2130 2123 2119 2126 2122 2134 2134 2148 2136 2150 2137 2149 2157 2164 2145 2163 2176 2176 2154 2157 2176 2178 2181 2162 2164 2171 2171 2178 2168 2181 2161 2156 2162 2179 2166 2162 2155 2147 2146 2146 2146 2127 2127 2127 2135 2114 2114 2114 2117 2130 2153 2135 2114 2108 2097 2114 2114 2127 2114 2086 2114 2093 2093 2083 2071 2077 2063 2063 2056 2070 2056 2056 2047 2047 2037 2018 2037 2018
2095 2108 2133 2133 2133 2120 2105 2110 2108 2122 2134 2136 2136 2146 2148 2149 2158 2157 2161 2150 2150 2162 2145 2163 2158 2178 2176 2181 2178 2191 2181 2187 2191 2191 2154 2161 2165 2153 2162 2162 2155 2146 2138 2127 2114 2114 2127 2114 2114 2114 2114 2113 2114 2135 2155 2124 2113 2107 2110 2107 2110 2137 2123 2138 2123 2127 2114 2083 2066 2071 2069 2063 2050 2050 2056 2026 2026 2018 2022 2018 2015 1993
2081 2108 2110 2116 2097 2105 2097 2108 2108 2122 2133 2134 2123 2136 2146 2147 2137 2145 2149 2144 2160 2176 2150 2176 2151 2158 2165 2159 2191 2171 2175 2191 2191 2181 2167 2192 2174 2174 2170 2155 2155 2138 2138 2138 2146 2127 2127 2127 2117 2114 2100 2112 2124 2135 2124 2126 2110 2110 2107 2110 2110 2110 2123 2123 2123 2098 2072 2059 2071 2071 2053 2050 2050 2046 2044 2044 2033 2018 2015 2018 2006 1996
