Capas/FUTURO/Eje_30s/ASC/bio_07.asc
ncols         993
nrows         433
xllcorner     -105.25566776747
yllcorner     17.599810932142
cellsize      0.0083333333
NODATA_value  -9999
[rows 78 to 116 of 433, columns 0 to 87 of 993]
-9999 -9999 -9999 -9999 -9999 -9999 -9999 -9999 -9999 -9999 -9999 -9999 -9999 -9999 -9999 -9999 -9999 -9999 162 164 165 167 168 170 171 173 174 176 177 178 179 180 180 182 182 182 183 184 185 185 185 186 187 187 186 187 187 187 187 187 187 188 188 188 188 188 189 188 189 190 190 191 190 192 192 193 193 195 195 196 197 198 199 200 201 202 202 203 205 206 206 208 209 210 210 211 212 213
-9999 -9999 -9999 -9999 -9999 -9999 -9999 -9999 -9999 -9999 -9999 -9999 -9999 -9999 -9999 -9999 -9999 -9999 -9999 164 166 168 170 170 172 174 175 176 177 178 180 180 181 181 183 182 183 184 184 185 185 186 186 186 186 187 186 186 187 186 187 187 187 187 187 188 188 188 189 189 189 190 190 191 192 193 193 194 195 195 197 197 199 200 200 202 202 203 204 205 207 207 207 209 210 211 211 212
-9999 -9999 -9999 -9999 -9999 -9999 -9999 -9999 -9999 -9999 -9999 -9999 -9999 -9999 -9999 -9999 -9999 -9999 -9999 165 167 168 170 171 172 174 175 176 177 179 180 181 182 182 183 183 184 184 185 185 185 185 186 186 186 186 187 186 186 186 187 187 187 187 188 187 188 188 188 188 189 190 190 191 192 192 193 194 195 196 196 197 198 199 200 201 201 203 204 205 205 207 207 208 210 210 211 212
-9999 -9999 -9999 -9999 -9999 -9999 -9999 -9999 -9999 -9999 -9999 -9999 -9999 -9999 -9999 -9999 -9999 -9999 -9999 165 167 169 170 172 173 174 176 177 178 180 180 180 182 182 183 183 184 184 185 185 185 186 186 186 186 186 186 186 186 187 186 186 186 186 187 187 187 188 188 188 189 189 189 190 191 192 193 193 194 195 196 196 198 199 200 200 202 203 203 205 205 206 208 208 209 210 210 211
-9999 -9999 -9999 -9999 -9999 -9999 -9999 -9999 -9999 -9999 -9999 -9999 -9999 -9999 -9999 -9999 -9999 -9999 -9999 166 168 169 171 173 174 175 176 177 178 179 180 181 182 183 183 184 184 185 185 185 185 185 186 186 187 186 186 186 186 186 187 186 186 186 186 187 187 187 187 188 189 189 189 190 191 191 192 194 194 195 196 197 197 198 199 200 201 202 203 204 205 206 207 208 209 210 210 212
-9999 -9999 -9999 -9999 -9999 -9999 -9999 -9999 -9999 -9999 -9999 -9999 -9999 -9999 -9999 -9999 -9999 -9999 -9999 -9999 169 170 171 173 174 175 177 178 179 180 181 182 181 183 183 183 184 184 185 186 186 186 186 186 186 187 186 186 186 186 186 186 186 186 186 186 187 187 187 188 188 189 189 190 190 191 192 193 194 194 195 196 196 198 199 200 200 202 203 204 205 206 207 208 208 209 210 211
-9999 -9999 -9999 -9999 -9999 -9999 -9999 -9999 -9999 -9999 -9999 -9999 -9999 -9999 -9999 -9999 -9999 -9999 -9999 -9999 169 170 172 173 174 176 176 177 179 180 181 181 182 183 183 184 183 185 185 185 186 186 186 186 186 186 186 185 186 185 185 186 185 186 186 186 187 186 187 188 188 188 189 190 190 191 192 192 193 194 194 196 196 197 198 200 201 202 203 204 205 205 206 208 208 209 210 210
-9999 -9999 -9999 -9999 -9999 -9999 -9999 -9999 -9999 -9999 -9999 -9999 -9999 -9999 -9999 -9999 163 165 165 168 169 170 173 173 174 176 176 178 179 180 181 181 182 182 183 184 184 185 185 185 185 185 185 185 186 186 185 186 185 185 185 185 185 186 186 186 186 186 186 187 188 187 188 189 190 191 191 192 193 194 195 195 196 197 198 199 200 201 202 203 204 205 206 207 208 209 209 210
-9999 -9999 -9999 -9999 -9999 -9999 -9999 -9999 -9999 -9999 -9999 -9999 -9999 159 160 161 162 164 166 169 170 171 172 173 174 175 177 178 179 180 180 181 182 182 183 183 184 184 185 185 185 186 185 185 186 186 186 186 185 186 185 185 185 185 185 186 185 186 187 187 187 188 188 189 189 190 191 191 192 194 194 195 196 196 198 199 200 201 202 202 204 205 205 206 207 209 209 210
-9999 -9999 -9999 -9999 -9999 -9999 -9999 -9999 -9999 -9999 -9999 -9999 159 160 161 162 163 165 166 169 169 171 172 174 174 176 177 178 179 180 180 181 182 182 183 183 184 184 185 185 185 185 185 186 186 186 185 185 186 185 185 185 185 185 185 185 185 185 186 187 187 188 187 188 189 189 190 191 192 193 194 195 196 196 198 199 200 200 201 203 204 204 205 207 207 208 209 210
-9999 -9999 -9999 -9999 -9999 -9999 -9999 -9999 -9999 -9999 -9999 159 160 161 161 162 164 166 167 168 170 171 172 174 175 176 177 178 179 180 181 181 182 182 183 183 183 184 184 185 185 186 185 185 185 185 186 186 185 185 185 185 184 184 185 185 185 185 186 186 186 187 188 188 188 190 191 191 191 193 193 195 195 197 197 199 199 200 201 202 203 204 205 206 207 208 209 210
-9999 -9999 -9999 -9999 -9999 -9999 -9999 -9999 -9999 -9999 -9999 159 160 161 162 163 164 166 168 169 170 172 172 174 176 176 177 178 179 180 181 181 182 182 183 183 184 184 185 184 185 185 185 185 185 185 185 184 185 185 185 185 184 184 184 185 185 185 185 186 186 187 187 188 188 189 190 190 191 193 193 194 195 196 197 198 199 200 201 202 203 204 205 205 207 207 208 210
-9999 -9999 -9999 -9999 -9999 -9999 -9999 -9999 -9999 -9999 -9999 160 161 162 162 164 165 166 168 170 170 172 173 175 176 177 177 178 180 180 181 181 182 183 183 183 184 183 184 184 184 184 184 185 185 185 185 185 185 185 184 185 184 184 184 184 185 185 185 186 186 187 187 187 188 189 190 190 191 192 193 194 195 196 196 198 199 200 201 202 203 204 205 206 207 208 209 209
-9999 -9999 -9999 -9999 -9999 -9999 -9999 -9999 -9999 -9999 -9999 160 162 163 163 164 165 167 168 169 171 172 173 175 176 177 178 178 179 180 181 182 182 182 183 183 183 184 183 184 184 184 185 184 184 184 185 185 184 185 184 184 185 184 184 184 184 185 186 185 186 186 187 188 188 188 189 190 191 192 193 193 194 196 196 197 198 199 201 202 202 204 204 205 206 207 208 208
-9999 -9999 -9999 -9999 -9999 -9999 -9999 -9999 -9999 -9999 159 160 162 163 163 166 167 168 169 170 171 172 173 175 175 177 177 179 179 180 181 181 181 181 183 183 183 184 183 184 184 184 184 185 184 185 185 185 185 185 184 184 184 184 184 184 184 184 185 185 185 186 187 187 188 188 189 190 191 192 193 194 194 195 196 197 199 199 201 201 202 203 204 205 206 206 208 208
-9999 -9999 -9999 -9999 -9999 -9999 -9999 -9999 -9999 -9999 159 160 162 163 165 166 167 169 169 171 172 173 174 174 175 177 178 179 179 180 180 181 181 182 182 182 183 183 183 183 184 184 184 185 185 184 184 184 184 184 184 184 183 184 184 184 184 184 185 185 185 186 186 187 187 189 189 190 191 192 192 193 194 195 196 197 198 199 200 201 202 203 204 205 205 206 208 208
-9999 -9999 -9999 -9999 -9999 -9999 -9999 -9999 -9999 -9999 161 162 164 165 166 167 168 170 170 171 171 173 174 175 176 177 178 178 179 179 181 181 181 182 183 183 183 183 183 184 184 184 184 184 184 184 184 184 184 184 184 184 184 183 183 184 184 184 184 185 185 186 187 187 187 188 189 189 190 191 192 193 194 195 196 196 198 199 200 200 201 203 203 204 205 206 207 208
-9999 -9999 -9999 -9999 -9999 -9999 -9999 -9999 -9999 -9999 -9999 163 165 166 167 168 169 170 171 171 173 173 174 175 176 177 177 179 180 180 181 181 181 182 182 183 183 183 183 183 183 184 184 184 183 184 184 184 183 183 184 183 184 183 184 184 184 184 184 185 185 186 186 187 187 187 188 189 191 191 192 192 194 195 196 197 197 199 200 200 201 202 204 204 204 206 206 207
-9999 -9999 -9999 -9999 -9999 -9999 -9999 -9999 -9999 -9999 162 164 164 167 168 169 170 170 171 172 173 173 174 175 176 177 178 179 179 180 181 181 181 182 182 182 183 183 183 183 184 184 183 184 183 184 184 184 184 183 183 184 183 183 183 183 183 184 184 184 185 185 186 187 188 187 188 189 190 191 192 192 194 195 195 197 197 198 199 200 201 202 203 203 205 206 207 207
-9999 -9999 -9999 -9999 -9999 -9999 -9999 -9999 -9999 -9999 162 164 165 166 168 169 171 171 172 172 173 174 175 175 177 177 178 178 179 180 181 181 181 181 182 182 183 183 183 183 183 183 183 183 183 184 183 183 183 184 183 183 183 183 184 184 183 184 184 184 184 185 186 186 187 188 188 189 190 191 192 192 194 194 195 196 197 198 199 200 200 202 202 204 205 205 206 207
-9999 -9999 -9999 -9999 -9999 -9999 -9999 -9999 -9999 162 164 165 166 168 168 170 172 172 172 173 174 174 174 176 177 177 178 179 179 180 180 181 181 181 182 182 183 183 182 183 183 183 183 184 183 183 183 183 183 183 183 183 183 183 183 183 184 183 184 184 185 186 185 186 187 187 188 188 190 190 191 192 193 194 195 196 197 198 199 200 200 202 202 203 204 205 205 206
-9999 -9999 -9999 -9999 -9999 -9999 -9999 -9999 161 163 163 165 167 168 170 170 172 172 174 173 174 174 176 176 177 178 179 179 179 180 180 181 181 182 182 182 182 182 183 183 183 183 183 183 183 183 183 183 183 183 182 183 182 183 183 183 183 183 184 184 184 185 185 186 186 188 188 188 189 190 191 192 193 194 195 196 197 198 198 199 200 201 202 203 204 205 206 206
-9999 -9999 -9999 -9999 -9999 -9999 -9999 162 163 164 165 166 167 169 170 172 172 173 173 175 174 175 176 176 177 178 178 178 180 180 180 181 181 181 181 181 182 182 183 182 182 182 183 183 183 183 182 182 182 182 182 183 182 183 183 183 183 183 184 184 185 185 185 186 187 187 188 189 190 190 191 191 192 194 194 195 196 198 198 199 200 201 202 202 203 204 205 206
-9999 -9999 -9999 -9999 -9999 -9999 162 163 164 165 165 167 169 170 171 171 172 172 174 175 175 175 175 176 177 177 179 179 179 180 180 180 180 182 181 181 182 182 183 182 182 183 182 182 183 183 182 182 182 182 182 182 183 183 182 183 182 183 184 184 184 185 185 186 187 186 187 188 189 190 191 191 193 194 194 195 196 197 198 199 199 201 201 203 203 204 205 206
-9999 -9999 -9999 -9999 160 162 163 164 166 167 167 167 168 171 172 171 171 172 173 175 175 175 175 176 177 178 178 179 179 179 180 180 181 181 181 182 182 182 182 182 182 182 182 182 183 182 182 182 182 182 182 182 182 182 183 183 183 183 183 184 184 184 185 186 186 186 187 188 189 189 190 192 192 194 194 195 196 197 198 199 200 201 201 201 203 203 204 205
-9999 -9999 -9999 161 162 163 165 166 167 167 168 168 170 171 172 172 171 173 174 174 175 174 175 175 177 178 178 178 179 179 179 180 181 180 181 181 182 181 181 182 182 182 182 182 182 182 182 182 182 182 182 182 182 183 182 183 183 183 183 184 184 184 185 185 186 187 187 187 189 189 190 191 192 193 193 195 196 197 198 199 199 200 201 202 202 203 204 205
-9999 -9999 161 161 164 165 165 167 168 170 171 171 172 172 171 171 171 172 173 173 174 175 176 176 176 178 178 179 178 179 180 180 180 181 180 181 181 182 181 182 181 181 181 182 182 182 182 181 182 181 182 181 182 182 183 182 183 183 183 184 184 184 185 186 186 186 187 188 189 190 190 191 192 193 194 194 196 196 197 198 199 200 201 201 203 203 204 204
-9999 162 162 163 164 166 167 168 170 170 171 172 172 171 171 171 171 171 172 174 175 175 176 177 178 178 178 178 179 179 179 180 180 180 180 181 181 181 181 182 182 182 181 182 182 181 182 182 182 181 181 182 182 182 182 182 183 183 183 183 184 184 185 185 186 186 187 188 189 189 190 191 192 193 193 194 196 196 197 198 198 199 200 201 202 203 203 205
-9999 163 163 165 166 168 169 169 170 170 171 171 171 171 171 171 -9999 -9999 172 173 175 176 177 177 178 178 178 178 178 178 178 179 180 180 180 181 180 181 181 181 182 181 182 181 181 181 181 182 181 181 182 182 182 181 181 182 182 183 183 184 184 184 185 185 186 186 188 187 188 189 190 191 191 193 194 194 195 196 196 197 198 199 200 201 201 203 203 204
163 164 166 167 168 169 169 169 170 170 171 172 171 171 172 -9999 -9999 -9999 173 175 175 176 176 177 177 177 177 178 178 179 179 179 180 180 180 180 180 181 180 181 181 181 181 181 181 181 181 181 181 181 181 181 181 182 182 182 182 183 183 183 184 184 184 185 186 187 187 187 188 189 190 191 192 192 194 194 195 196 197 197 198 199 199 200 201 202 202 203
162 165 167 168 168 169 170 170 170 170 171 172 172 171 171 -9999 -9999 -9999 173 175 175 175 176 176 177 177 178 177 178 179 178 178 179 179 179 180 180 180 181 181 180 180 181 181 180 181 180 181 181 181 181 181 181 181 181 182 182 183 183 183 184 184 185 185 185 186 187 187 188 189 190 191 191 192 193 194 194 194 196 197 197 198 199 200 201 201 203 203
164 165 167 168 169 168 170 170 170 170 171 172 172 171 -9999 -9999 -9999 -9999 -9999 175 175 175 175 176 176 177 177 177 178 178 177 178 178 179 179 180 180 180 180 180 180 181 181 180 180 180 181 180 181 181 181 181 181 181 181 182 182 182 183 183 184 184 185 185 185 186 187 188 188 189 190 190 191 191 192 193 194 195 196 196 197 198 198 199 200 201 202 203
165 166 168 168 168 169 170 170 170 170 171 172 171 -9999 -9999 -9999 -9999 -9999 -9999 174 174 175 175 176 176 177 176 177 -9999 -9999 -9999 -9999 -9999 178 178 179 179 180 180 179 179 180 180 180 180 181 180 181 181 180 180 181 181 181 182 181 181 182 182 183 184 185 184 185 184 185 185 186 187 188 189 190 190 191 192 192 193 194 195 196 196 197 199 199 200 201 201 202
-9999 165 166 167 167 168 169 169 169 170 171 171 171 -9999 -9999 -9999 -9999 -9999 -9999 174 173 175 175 175 175 176 176 -9999 -9999 -9999 -9999 -9999 -9999 -9999 178 178 179 179 179 179 179 179 180 180 180 181 180 181 180 181 180 179 180 180 180 181 180 181 182 182 183 183 184 185 185 185 185 187 187 188 189 189 190 191 191 193 193 194 195 195 197 197 198 199 200 201 201 202
-9999 -9999 167 167 167 167 169 168 170 170 171 171 -9999 -9999 -9999 -9999 -9999 -9999 -9999 -9999 174 174 174 174 175 175 -9999 -9999 -9999 -9999 -9999 -9999 -9999 -9999 178 178 179 178 178 179 179 179 180 178 179 180 179 180 180 180 180 179 179 180 180 180 180 181 181 181 182 183 183 184 184 185 185 186 187 188 189 189 190 191 191 192 193 194 194 195 196 197 197 199 199 200 201 202
-9999 -9999 -9999 166 166 168 168 169 169 170 -9999 -9999 -9999 -9999 -9999 -9999 -9999 -9999 -9999 -9999 -9999 -9999 174 -9999 -9999 -9999 -9999 -9999 -9999 -9999 -9999 -9999 -9999 -9999 178 177 176 177 177 -9999 178 178 178 178 179 178 179 179 179 180 180 179 179 180 180 180 180 181 181 181 182 182 183 184 184 185 185 186 187 188 188 189 190 190 191 192 193 194 194 195 196 197 197 198 199 201 200 201
-9999 -9999 -9999 -9999 -9999 -9999 -9999 -9999 -9999 -9999 -9999 -9999 -9999 -9999 -9999 -9999 -9999 -9999 -9999 -9999 -9999 -9999 -9999 -9999 -9999 -9999 -9999 -9999 -9999 -9999 -9999 -9999 -9999 -9999 176 177 176 176 -9999 -9999 -9999 177 178 178 178 178 178 179 179 180 179 179 179 180 179 180 180 180 181 181 182 183 184 183 184 185 185 186 187 187 188 188 189 190 191 191 192 193 194 195 196 196 198 198 199 200 200 201
-9999 -9999 -9999 -9999 -9999 -9999 -9999 -9999 -9999 -9999 -9999 -9999 -9999 -9999 -9999 -9999 -9999 -9999 -9999 -9999 -9999 -9999 -9999 -9999 -9999 -9999 -9999 -9999 -9999 -9999 -9999 -9999 -9999 -9999 175 176 -9999 -9999 -9999 -9999 -9999 -9999 177 177 178 178 178 178 179 179 179 179 179 179 180 180 180 180 180 181 182 183 183 184 183 184 185 187 187 187 187 188 189 190 191 191 193 193 194 195 196 197 198 198 199 200 200 201
-9999 -9999 -9999 -9999 -9999 -9999 -9999 -9999 -9999 -9999 -9999 -9999 -9999 -9999 -9999 -9999 -9999 -9999 -9999 -9999 -9999 -9999 -9999 -9999 -9999 -9999 -9999 -9999 -9999 -9999 -9999 -9999 -9999 -9999 -9999 -9999 -9999 -9999 -9999 -9999 -9999 -9999 -9999 -9999 176 177 178 177 178 178 178 179 179 179 179 180 180 180 181 181 182 183 183 184 184 185 185 186 186 187 188 188 189 190 191 191 192 193 194 194 195 196 197 197 199 199 201 201
