Capas/FUTURO/Eje_30s/ASC/bio_07.asc
ncols         993
nrows         433
xllcorner     -105.25566776747
yllcorner     17.599810932142
cellsize      0.0083333333
NODATA_value  -9999
[rows 156 to 194 of 433, columns 528 to 615 of 993]
215 215 215 215 214 215 215 215 215 215 215 216 216 216 218 218 218 218 219 219 219 218 218 218 219 218 218 217 217 217 216 217 216 216 216 216 215 214 215 214 213 212 211 210 210 210 209 209 208 208 208 207 207 207 206 206 207 206 206 205 205 205 205 205 204 205 204 205 205 204 205 205 204 205 204 204 204 204 205 205 205 204 202 202 202 202 201 201
215 215 215 215 215 215 215 214 215 214 215 215 216 216 217 217 218 218 218 219 218 218 217 218 217 217 216 217 217 217 217 217 217 217 216 216 215 215 216 214 213 212 211 210 209 209 208 209 208 207 208 207 207 206 206 206 206 206 205 205 205 205 204 204 204 204 204 204 204 204 204 204 205 204 204 204 204 204 204 205 205 204 203 202 202 201 201 201
216 215 215 215 215 215 214 214 214 215 215 215 216 216 217 218 217 217 218 217 218 218 218 217 217 217 217 217 217 216 216 216 217 217 216 217 217 216 216 215 213 212 211 211 210 209 209 208 208 207 207 207 207 207 207 205 205 205 205 205 205 205 205 205 204 204 204 203 203 203 204 203 204 204 203 204 203 204 204 205 205 203 203 201 201 201 201 202
215 215 214 215 215 215 215 214 215 214 216 216 217 218 218 218 218 218 218 218 217 217 217 217 217 217 218 218 217 216 217 216 216 216 218 218 218 217 217 215 214 212 211 210 210 209 208 207 208 207 207 207 207 206 206 206 205 206 205 205 205 205 205 206 207 205 204 204 204 204 204 204 203 203 203 204 203 204 203 203 203 203 202 201 202 201 201 201
215 214 214 215 214 215 216 216 215 215 215 215 216 218 217 217 217 217 218 217 217 217 217 217 217 217 217 217 217 218 217 217 216 216 218 219 217 217 217 216 214 212 211 211 210 209 208 207 208 207 207 207 206 206 206 205 206 207 206 205 204 205 206 208 211 208 205 203 204 204 204 203 203 204 203 202 202 202 203 202 202 202 201 201 201 201 201 202
215 215 214 214 213 215 215 215 215 215 214 216 216 216 217 217 217 217 217 218 217 218 218 217 218 218 218 218 218 218 217 217 217 217 218 219 219 218 216 215 212 211 211 210 209 209 208 208 207 206 206 206 206 206 206 206 207 207 206 205 204 205 206 207 208 207 204 204 205 205 206 205 205 204 203 203 203 203 203 202 202 201 202 201 201 201 202 203
214 214 214 214 214 214 214 214 214 215 216 216 216 216 216 218 220 218 218 218 218 219 218 219 219 218 217 218 219 218 218 217 217 217 218 220 220 218 215 214 212 212 212 210 209 209 208 207 207 207 206 206 206 206 206 205 206 207 205 205 204 205 207 209 209 207 205 205 208 208 208 209 207 205 205 205 205 205 206 205 203 203 202 202 202 203 204 204
214 214 213 214 213 213 214 214 214 215 215 215 216 215 216 217 218 218 218 218 219 220 220 220 220 219 219 219 219 220 219 218 218 218 217 218 218 216 214 212 212 212 212 210 210 209 208 207 207 207 206 207 206 206 206 205 205 206 206 206 206 207 206 208 209 208 207 207 208 209 210 211 209 208 207 205 205 206 206 206 205 205 205 204 204 204 204 204
213 214 213 213 213 213 213 214 215 215 216 216 217 216 216 216 217 216 218 219 219 220 220 221 222 222 222 220 220 220 220 218 219 219 217 216 215 214 213 213 212 212 210 210 209 209 209 208 207 207 206 206 206 206 205 205 205 205 205 206 206 206 207 207 208 208 208 207 209 211 212 213 211 209 207 207 206 207 206 205 205 205 205 205 206 206 205 204
213 214 213 213 213 213 213 214 214 215 215 217 217 216 216 216 216 217 218 219 219 220 221 221 221 221 222 221 221 221 220 220 219 218 216 215 215 214 216 214 214 211 211 209 209 208 207 207 206 206 206 205 205 205 205 206 205 204 205 205 205 207 208 209 209 208 208 208 210 212 214 214 212 210 208 208 208 208 207 205 206 205 205 205 206 208 207 205
213 212 212 213 213 213 215 214 214 215 217 217 218 217 216 217 217 217 219 220 220 220 221 221 222 222 224 222 222 221 221 221 219 218 217 216 216 215 216 215 215 213 211 210 209 209 207 206 207 206 206 205 205 205 204 204 204 204 204 204 206 206 207 209 209 208 208 210 211 212 214 215 212 211 210 208 208 208 207 206 206 205 204 205 206 207 207 206
213 213 212 213 213 214 215 215 215 216 217 218 218 218 218 218 218 217 218 219 220 222 222 222 223 223 222 222 221 222 223 225 222 219 217 216 216 215 215 215 214 213 211 210 209 208 208 207 206 206 205 205 205 205 204 204 203 204 204 204 205 205 206 208 207 207 206 208 210 211 214 215 213 211 210 208 207 206 207 206 206 205 205 205 206 208 206 205
214 214 213 215 215 215 215 216 217 217 217 218 218 219 220 220 218 218 220 219 220 221 221 222 222 222 221 221 222 223 226 226 223 220 218 216 216 216 214 214 214 213 211 210 209 208 207 206 206 205 205 205 205 205 204 204 203 204 204 204 204 205 205 207 206 206 206 208 208 210 210 213 212 210 209 209 207 207 207 207 207 206 204 205 207 209 207 205
214 214 215 215 215 215 215 215 217 218 218 217 217 219 219 218 218 218 220 221 220 221 220 220 221 221 220 221 223 222 225 225 222 220 219 215 215 215 215 214 213 213 213 212 211 210 208 207 206 206 205 205 205 205 204 204 204 204 205 204 204 205 206 206 205 205 206 206 207 209 210 211 211 210 208 208 207 206 206 207 206 205 205 205 206 208 207 205
214 214 214 215 215 215 216 215 216 216 217 216 217 217 218 218 217 219 221 222 220 220 221 220 221 221 221 220 223 223 225 225 221 218 217 215 215 214 215 214 213 214 215 212 210 209 208 206 206 206 206 205 206 205 204 205 203 204 204 204 203 204 204 205 205 206 207 206 207 207 209 211 210 208 207 207 207 205 205 206 205 204 206 207 206 206 207 206
213 213 213 214 214 215 215 215 215 215 216 217 216 217 218 217 217 218 220 220 219 219 219 220 220 221 221 219 219 220 220 221 218 216 216 215 215 215 214 214 213 212 212 211 209 208 207 207 206 206 206 206 206 205 204 205 204 203 204 203 203 204 204 204 206 207 208 206 205 207 208 208 208 207 206 207 205 205 205 206 206 205 205 208 207 206 207 208
212 212 213 213 213 214 214 214 216 216 217 217 216 217 217 217 218 219 218 218 218 219 218 220 221 221 220 218 217 217 218 218 217 215 214 213 213 213 214 214 212 212 210 209 208 208 207 207 207 206 205 206 206 205 205 205 204 203 204 203 203 203 204 204 204 205 206 205 205 206 206 206 206 206 205 206 205 204 205 205 206 205 206 207 207 206 206 206
213 212 213 213 214 213 213 214 214 214 216 217 215 216 216 216 217 218 217 217 217 218 218 217 218 219 218 215 215 216 215 215 214 215 213 212 213 212 213 212 212 211 210 209 208 207 207 206 206 205 205 205 205 204 204 205 205 204 203 203 203 204 205 207 206 205 205 205 204 204 204 205 205 205 205 205 204 205 205 205 205 204 205 206 207 206 206 206
213 213 213 214 214 214 214 214 214 214 214 215 215 214 216 216 216 216 216 217 216 216 215 214 216 215 214 213 213 213 213 214 214 214 213 212 212 214 211 211 209 209 209 209 208 208 206 205 205 205 205 204 205 204 204 204 205 204 204 203 204 203 204 205 207 207 205 205 205 205 204 204 205 205 205 205 204 205 204 206 206 205 205 206 207 208 208 207
212 213 214 215 215 215 216 214 214 214 213 214 214 215 214 214 216 216 217 217 216 214 214 213 213 213 212 211 211 211 212 213 213 213 212 211 212 214 211 210 209 208 208 208 208 208 207 205 205 205 205 204 204 204 204 204 204 203 204 203 204 204 204 204 205 207 206 207 207 206 206 205 208 206 205 205 206 204 204 205 205 205 207 207 207 209 209 209
212 214 213 215 216 216 216 215 216 214 214 214 213 213 214 215 215 216 217 216 216 214 213 212 212 212 211 210 210 211 210 211 211 211 211 210 210 211 209 209 208 208 208 208 208 208 206 205 205 205 204 204 204 204 204 204 205 204 204 203 204 204 205 205 205 207 207 208 206 208 207 208 209 207 206 205 206 205 204 204 204 205 206 205 206 207 209 209
212 213 214 214 215 217 218 216 216 214 214 214 213 213 213 214 215 215 215 215 215 214 213 211 212 211 210 209 208 209 208 210 211 210 210 211 210 208 207 207 207 207 208 208 207 207 206 205 204 205 204 204 205 205 205 205 206 204 204 204 203 204 205 207 207 206 207 208 207 208 208 210 209 207 206 207 205 206 204 206 205 204 205 204 205 206 207 206
212 214 215 215 215 216 216 217 216 215 213 213 212 212 213 212 213 214 214 213 213 212 211 211 210 209 209 208 208 208 207 209 209 210 209 210 209 208 207 207 208 207 206 206 206 206 205 205 205 205 205 204 206 206 206 206 205 206 204 204 204 205 205 206 208 208 207 209 209 208 210 210 208 208 209 209 206 206 205 206 205 205 206 206 206 205 205 204
212 213 214 215 215 216 216 216 215 215 214 212 212 212 213 212 212 212 211 211 211 211 210 210 210 209 208 208 208 208 207 209 208 208 208 208 208 207 206 206 206 206 205 205 205 205 205 205 204 205 205 205 206 206 205 206 206 206 206 205 204 206 205 206 209 210 210 210 211 210 209 211 209 209 210 209 205 207 207 208 206 205 206 206 205 203 203 204
212 213 213 214 215 216 217 216 214 213 213 211 212 211 211 211 212 212 210 210 209 209 209 208 207 208 207 208 207 207 206 207 207 206 206 206 206 205 205 206 205 205 204 205 205 205 205 205 204 204 205 204 205 206 206 206 208 206 207 206 205 206 208 207 209 209 211 210 213 210 210 211 210 209 209 208 207 207 206 207 207 206 205 204 204 202 202 202
213 213 214 214 215 215 216 214 214 212 212 212 212 211 211 211 211 211 210 209 208 208 208 207 207 207 207 207 206 206 206 206 206 205 205 205 205 205 205 204 204 204 204 204 204 205 204 206 205 204 204 203 204 205 206 207 207 207 208 207 206 206 209 209 210 210 211 211 211 211 210 212 210 209 209 208 208 207 209 207 208 206 206 204 203 202 201 201
213 213 214 214 214 215 215 214 214 214 213 213 212 210 210 210 209 208 208 207 207 208 207 207 208 207 206 206 206 206 206 206 206 206 205 205 204 204 205 204 203 203 203 203 203 203 204 205 204 204 204 204 203 205 205 206 206 205 207 208 207 207 208 210 211 211 212 212 212 213 211 212 210 210 209 208 209 210 209 208 206 205 204 203 202 201 199 199
212 213 213 213 214 214 214 214 214 213 212 210 210 209 208 209 209 208 207 207 206 206 207 206 206 205 205 205 206 206 206 207 207 205 205 204 204 203 203 203 203 203 203 202 202 203 204 204 204 203 203 203 203 204 204 204 204 205 205 206 204 205 205 207 210 211 213 215 214 213 212 211 211 210 210 208 210 211 209 206 205 205 204 202 201 201 198 198
212 211 212 212 213 213 212 213 213 212 211 210 209 208 208 209 208 207 206 206 205 205 205 205 204 204 205 204 205 207 206 208 208 207 205 204 205 204 203 203 203 202 201 202 202 202 203 203 203 203 203 203 203 202 202 203 204 204 204 205 204 204 204 205 206 208 210 213 214 214 212 211 210 210 210 209 209 209 208 205 204 204 203 203 201 200 199 198
210 210 211 212 212 211 211 210 211 211 210 209 208 208 209 208 207 206 206 206 205 205 205 205 205 206 205 204 205 204 206 207 207 207 205 205 204 204 203 203 202 -9999 -9999 -9999 200 202 203 204 203 203 203 204 203 203 203 202 203 203 203 203 202 202 204 204 205 207 209 211 211 213 211 211 210 212 212 209 207 206 206 204 204 203 202 201 200 199 198 198
209 209 209 210 210 208 210 210 209 210 208 208 208 209 209 208 208 206 206 206 206 205 205 205 206 207 206 206 206 205 203 205 205 205 205 205 205 204 -9999 -9999 -9999 -9999 -9999 -9999 -9999 201 200 201 200 201 203 204 204 204 203 202 203 202 203 203 202 202 202 203 204 204 207 209 209 210 210 211 213 212 211 208 207 206 205 205 203 202 202 202 200 199 198 197
209 208 208 209 209 207 208 209 208 208 207 208 209 209 208 208 208 208 207 207 207 206 205 206 207 207 207 207 206 204 202 203 205 206 206 206 204 204 -9999 -9999 -9999 -9999 -9999 -9999 -9999 -9999 198 199 199 201 202 203 204 204 203 203 202 202 203 201 201 201 202 202 203 203 205 205 206 208 207 209 212 210 209 208 206 206 205 204 203 202 203 200 199 198 198 198
208 207 206 207 207 206 206 206 207 208 207 208 210 209 208 207 207 207 206 206 208 208 206 206 208 207 208 207 206 204 203 204 204 207 208 205 205 205 -9999 -9999 -9999 -9999 -9999 -9999 -9999 -9999 199 199 199 201 203 204 203 205 203 203 203 203 202 202 200 200 201 201 202 203 203 205 208 206 206 207 210 212 211 209 208 206 205 205 204 202 201 199 198 197 197 198
208 207 205 205 205 204 204 205 206 207 207 207 209 209 208 207 206 207 207 206 207 206 205 206 206 207 207 205 203 203 202 203 205 207 208 206 206 205 -9999 -9999 -9999 -9999 -9999 -9999 -9999 -9999 -9999 199 199 200 202 202 203 205 203 203 205 202 202 201 200 200 200 200 200 201 202 205 205 204 206 208 210 212 211 211 209 207 206 204 204 203 201 200 199 198 198 197
207 206 206 203 204 203 204 203 204 205 206 208 208 207 206 207 206 205 206 205 205 205 205 204 206 207 206 205 203 202 203 203 203 204 205 207 207 208 -9999 -9999 -9999 -9999 -9999 -9999 -9999 -9999 -9999 198 198 199 200 201 202 203 203 203 203 202 203 200 200 199 199 199 200 200 203 203 203 204 205 208 210 211 211 210 208 206 205 203 202 201 200 199 199 199 198 197
206 205 205 203 202 203 203 202 203 204 205 207 207 207 206 206 206 205 205 204 204 205 204 205 204 205 205 205 203 202 202 203 204 204 205 205 206 207 -9999 -9999 -9999 -9999 -9999 -9999 -9999 -9999 -9999 -9999 199 201 202 201 200 201 202 203 202 202 202 200 200 199 199 200 199 199 200 201 202 203 206 209 210 209 209 209 207 205 204 203 202 201 200 200 200 199 198 197
204 204 204 203 203 202 202 202 201 203 203 205 206 206 206 205 205 204 203 204 204 203 204 203 204 204 204 203 204 202 201 203 204 204 205 203 203 205 -9999 -9999 -9999 -9999 -9999 -9999 -9999 -9999 -9999 -9999 198 199 200 199 200 201 202 202 201 201 200 200 199 199 200 200 201 202 200 202 203 204 207 209 211 211 208 206 206 206 205 202 203 201 200 199 199 198 197 196
204 203 203 202 202 201 201 201 201 202 202 203 204 205 204 205 204 204 203 204 203 203 203 204 203 204 203 202 203 202 201 202 204 203 202 201 201 201 -9999 -9999 -9999 -9999 -9999 -9999 -9999 -9999 -9999 -9999 196 197 200 198 199 200 200 200 201 200 199 199 199 199 199 200 203 203 204 204 204 205 207 209 212 212 209 208 207 205 202 202 203 200 199 199 198 198 196 195
204 203 202 202 201 201 201 200 201 201 201 203 204 204 204 203 203 203 203 203 203 203 203 203 203 202 203 202 202 202 202 202 204 204 202 201 199 199 -9999 -9999 -9999 -9999 -9999 -9999 -9999 -9999 -9999 -9999 -9999 197 197 197 197 198 198 199 202 201 201 201 199 198 198 199 200 202 203 204 203 204 206 207 209 211 210 209 207 205 204 203 201 200 199 199 198 198 196 196
