Capas/FUTURO/Eje_30s/ASC/bio_04.asc
ncols         993
nrows         433
xllcorner     -105.25566776747
yllcorner     17.599810932142
cellsize      0.0083333333
NODATA_value  -9999
[rows 72 to 107 of 433, columns 328 to 409 of 993]
2348 2318 2349 2348 2340 2318 2328 2328 2326 2314 2326 2315 2312 2289 2303 2314 2312 2290 2291 2289 2291 2291 -9999 -9999 -9999 -9999 -9999 -9999 -9999 -9999 -9999 -9999 -9999 -9999 -9999 -9999 -9999 -9999 -9999 -9999 -9999 -9999 -9999 -9999 -9999 -9999 -9999 -9999 -9999 -9999 -9999 -9999 -9999 -9999 -9999 -9999 -9999 -9999 -9999 -9999 -9999 -9999 -9999 -9999 -9999 -9999 -9999 -9999 -9999 -9999 -9999 -9999 -9999 -9999 -9999 -9999 -9999 -9999 -9999 -9999 -9999 -9999
2349 2337 2349 2337 2351 2351 2346 2315 2323 2323 2316 2303 2316 2326 2313 2303 2325 2325 2317 2300 2289 2300 2301 2305 -9999 -9999 -9999 -9999 -9999 -9999 -9999 -9999 -9999 -9999 -9999 -9999 -9999 -9999 -9999 -9999 -9999 -9999 -9999 -9999 -9999 -9999 -9999 -9999 -9999 -9999 -9999 -9999 -9999 -9999 -9999 -9999 -9999 -9999 -9999 -9999 -9999 -9999 -9999 -9999 -9999 -9999 -9999 -9999 -9999 -9999 -9999 -9999 -9999 -9999 -9999 -9999 -9999 -9999 -9999 -9999 -9999 -9999
2349 2349 2321 2348 2349 2348 2348 2346 2340 2346 2323 2310 2321 2315 2314 2324 2298 2325 2314 2289 2302 2290 2317 2300 2293 2286 -9999 -9999 -9999 -9999 -9999 -9999 -9999 -9999 -9999 -9999 -9999 -9999 -9999 -9999 -9999 -9999 -9999 -9999 -9999 -9999 -9999 -9999 -9999 -9999 -9999 -9999 -9999 -9999 -9999 -9999 -9999 -9999 -9999 -9999 -9999 -9999 -9999 -9999 -9999 -9999 -9999 -9999 -9999 -9999 -9999 -9999 -9999 -9999 -9999 -9999 -9999 -9999 -9999 -9999 -9999 -9999
2337 2338 2335 2348 2349 2324 2310 2346 2348 2313 2310 2310 2310 2323 2314 2318 2316 2316 2325 2325 2312 2289 2317 2317 2332 2303 2307 2306 -9999 -9999 -9999 -9999 -9999 -9999 -9999 -9999 -9999 -9999 -9999 -9999 -9999 -9999 -9999 -9999 -9999 -9999 -9999 -9999 -9999 -9999 -9999 -9999 -9999 -9999 -9999 -9999 -9999 -9999 -9999 -9999 -9999 -9999 -9999 -9999 -9999 -9999 -9999 -9999 -9999 -9999 -9999 -9999 -9999 -9999 -9999 -9999 -9999 -9999 -9999 -9999 -9999 -9999
2329 2332 2335 2349 2348 2310 2336 2334 2313 2309 2334 2310 2323 2332 2326 2314 2316 2321 2330 2330 2318 2304 2317 2307 2307 2307 2307 2307 2306 2306 2306 -9999 -9999 -9999 -9999 -9999 -9999 -9999 -9999 -9999 -9999 -9999 -9999 -9999 -9999 -9999 -9999 -9999 -9999 -9999 -9999 -9999 -9999 -9999 -9999 -9999 -9999 -9999 -9999 -9999 -9999 -9999 -9999 -9999 -9999 -9999 -9999 -9999 -9999 -9999 -9999 -9999 -9999 -9999 -9999 -9999 -9999 -9999 -9999 -9999 -9999 -9999
2339 2339 2339 2349 2338 2322 2310 2343 2310 2346 2324 2324 2313 2332 2341 2343 2335 2326 2338 2314 2305 2304 2327 2329 2303 2304 2303 2304 2304 2307 2296 2307 2307 2307 2307 2281 -9999 -9999 -9999 -9999 -9999 -9999 -9999 -9999 -9999 -9999 -9999 -9999 -9999 -9999 -9999 -9999 -9999 -9999 -9999 -9999 -9999 -9999 -9999 -9999 -9999 -9999 -9999 -9999 -9999 -9999 -9999 -9999 -9999 -9999 -9999 -9999 -9999 -9999 -9999 -9999 -9999 -9999 -9999 -9999 -9999 -9999
2331 2322 2338 2322 2313 2332 2349 2349 2345 2332 2324 2339 2362 2327 2338 2343 2325 2338 2324 2314 2304 2334 2304 2304 2299 2304 2304 2327 2304 2306 2296 2306 2307 2308 2306 2306 2288 2296 2285 2307 2284 2281 -9999 -9999 -9999 -9999 -9999 -9999 -9999 -9999 -9999 -9999 -9999 -9999 -9999 -9999 -9999 -9999 -9999 -9999 -9999 -9999 -9999 -9999 -9999 -9999 -9999 -9999 -9999 -9999 -9999 -9999 -9999 -9999 -9999 -9999 -9999 -9999 -9999 -9999 -9999 -9999
2319 2323 2333 2345 2360 2355 2368 2360 2374 2360 2361 2368 2335 2357 2348 2348 2349 2319 2319 2346 2334 2309 2304 2334 2304 2327 2312 2303 2315 2307 2304 2303 2307 2304 2306 2307 2307 2277 2307 2280 2305 2318 2297 2280 2285 2299 2294 2296 2273 -9999 -9999 -9999 -9999 -9999 -9999 -9999 -9999 -9999 -9999 -9999 -9999 -9999 -9999 -9999 -9999 -9999 -9999 -9999 -9999 -9999 -9999 -9999 -9999 -9999 -9999 -9999 -9999 -9999 -9999 -9999 -9999 -9999
2332 2345 2343 2355 2366 2370 2378 2384 2381 2360 2357 2357 2366 2357 2352 2335 2348 2333 2335 2335 2341 2348 2324 2330 2320 2304 2304 2304 2304 2312 2302 2303 2307 2304 2312 2303 2306 2289 2307 2307 2307 2307 2284 2297 2319 2273 2295 2304 2298 2298 2284 2284 -9999 -9999 -9999 -9999 -9999 -9999 -9999 -9999 -9999 -9999 -9999 -9999 -9999 -9999 -9999 -9999 -9999 -9999 -9999 -9999 -9999 -9999 -9999 -9999 -9999 -9999 -9999 -9999 -9999 -9999
2342 2345 2372 2368 2360 2368 2370 2370 2374 2370 2361 2371 2338 2369 2369 2352 2348 2348 2335 2335 2332 2319 2334 2319 2345 2320 2327 2320 2312 2329 2304 2304 2302 2306 2303 2314 2307 2312 2304 2307 2307 2307 2292 2307 2281 2298 2273 2294 2288 2273 2273 2271 2274 -9999 -9999 -9999 -9999 -9999 -9999 -9999 -9999 -9999 -9999 -9999 -9999 -9999 -9999 -9999 -9999 -9999 -9999 -9999 -9999 -9999 -9999 -9999 -9999 -9999 -9999 -9999 -9999 -9999
2347 2359 2347 2358 2357 2368 2368 2383 2369 2369 2346 2360 2352 2369 2369 2349 2349 2338 2348 2348 2335 2336 2332 2348 2348 2310 2313 2313 2329 2327 2327 2317 2317 2314 2314 2304 2304 2306 2304 2304 2307 2313 2305 2296 2294 2268 2267 2296 2293 2273 2293 2273 2284 2282 -9999 -9999 -9999 -9999 -9999 -9999 -9999 -9999 -9999 -9999 -9999 -9999 -9999 -9999 -9999 -9999 -9999 -9999 -9999 -9999 -9999 -9999 -9999 -9999 -9999 -9999 -9999 -9999
2347 2365 2347 2360 2368 2381 2381 2389 2384 2357 2357 2352 2346 2352 2360 2366 2348 2352 2352 2367 2348 2349 2344 2334 2348 2324 2341 2340 2318 2330 2312 2313 2329 2317 2314 2319 2303 2304 2312 2304 2307 2307 2307 2305 2292 2298 2267 2282 2293 2273 2287 2274 2287 2300 2281 -9999 -9999 -9999 -9999 -9999 -9999 -9999 -9999 -9999 -9999 -9999 -9999 -9999 -9999 -9999 -9999 -9999 -9999 -9999 -9999 -9999 -9999 -9999 -9999 -9999 -9999 -9999
2350 2348 2358 2360 2364 2368 2370 2381 2368 2368 2355 2357 2341 2367 2357 2350 2356 2350 2338 2350 2352 2334 2344 2346 2319 2333 2324 2341 2341 2329 2320 2312 2302 2302 2327 2314 2327 2303 2302 2307 2304 2307 2286 2313 2283 2283 2296 2282 2287 2273 2275 2284 2271 2282 2287 2300 2274 -9999 -9999 -9999 -9999 -9999 -9999 -9999 -9999 -9999 -9999 -9999 -9999 -9999 -9999 -9999 -9999 -9999 -9999 -9999 -9999 -9999 -9999 -9999 -9999 -9999
2365 2364 2345 2360 2360 2364 2365 2372 2370 2370 2357 2347 2347 2367 2357 2367 2338 2350 2350 2350 2344 2344 2332 2333 2335 2348 2345 2336 2340 2340 2329 2310 2318 2317 2302 2328 2327 2314 2303 2303 2296 2302 2302 2305 2266 2280 2303 2282 2296 2273 2293 2284 2274 2293 2287 2280 2293 2274 -9999 -9999 -9999 -9999 -9999 -9999 -9999 -9999 -9999 -9999 -9999 -9999 -9999 -9999 -9999 -9999 -9999 -9999 -9999 -9999 -9999 -9999 -9999 -9999
2366 2352 2366 2345 2347 2355 2364 2364 2370 2358 2358 2370 2357 2357 2357 2357 2357 2357 2350 2336 2352 2352 2348 2346 2344 2336 2341 2336 2324 2330 2324 2310 2327 2313 2329 2330 2310 2302 2302 2303 2316 2302 2305 2314 2281 2303 2282 2293 2267 2302 2273 2298 2293 2297 2282 2287 2282 2285 2272 -9999 -9999 -9999 -9999 -9999 -9999 -9999 -9999 -9999 -9999 -9999 -9999 -9999 -9999 -9999 -9999 -9999 -9999 -9999 -9999 -9999 -9999 -9999
2353 2366 2345 2344 2344 2358 2360 2357 2364 2353 2353 2347 2347 2347 2347 2345 2350 2352 2370 2353 2352 2350 2346 2352 2349 2344 2334 2330 2341 2324 2337 2324 2329 2318 2324 2323 2328 2328 2338 2325 2302 2328 2304 2282 2303 2292 2303 2266 2293 2282 2271 2293 2282 2282 2282 2287 2274 2285 2272 2277 -9999 -9999 -9999 -9999 -9999 -9999 -9999 -9999 -9999 -9999 -9999 -9999 -9999 -9999 -9999 -9999 -9999 -9999 -9999 -9999 -9999 -9999
2366 2367 2364 2345 2360 2360 2360 2358 2358 2358 2356 2370 2357 2342 2356 2356 2357 2358 2370 2353 2368 2368 2349 2352 2348 2348 2344 2344 2345 2343 2330 2343 2324 2313 2324 2324 2310 2327 2327 2301 2325 2318 2302 2300 2292 2292 2291 2282 2282 2282 2293 2283 2282 2274 2282 2282 2293 2287 2274 2282 2276 -9999 -9999 -9999 -9999 -9999 -9999 -9999 -9999 -9999 -9999 -9999 -9999 -9999 -9999 -9999 -9999 -9999 -9999 -9999 -9999 -9999
2367 2370 2367 2360 2360 2343 2355 2360 2360 2370 2370 2360 2360 2368 2367 2342 2353 2366 2370 2366 2370 2370 2350 2344 2360 2348 2344 2344 2332 2332 2324 2343 2323 2324 2329 2327 2328 2328 2328 2338 2326 2314 2336 2312 2300 2315 2289 2289 2303 2283 2293 2301 2283 2291 2297 2282 2297 2280 2287 2281 2275 2280 -9999 -9999 -9999 -9999 -9999 -9999 -9999 -9999 -9999 -9999 -9999 -9999 -9999 -9999 -9999 -9999 -9999 -9999 -9999 -9999
2397 2384 2382 2360 2366 2355 2355 2353 2355 2365 2370 2370 2370 2370 2370 2352 2356 2356 2370 2365 2370 2370 2362 2348 2360 2355 2348 2336 2347 2336 2343 2336 2345 2329 2334 2329 2310 2323 2327 2302 2326 2328 2312 2313 2289 2298 2298 2305 2303 2293 2301 2283 2293 2302 2282 2282 2292 2282 2280 2275 2291 2290 2290 -9999 -9999 -9999 -9999 -9999 -9999 -9999 -9999 -9999 -9999 -9999 -9999 -9999 -9999 -9999 -9999 -9999 -9999 -9999
2397 2380 2382 2355 2366 2353 2353 2353 2364 2355 2353 2365 2365 2365 2370 2368 2364 2366 2370 2372 2368 2368 2362 2368 2352 2348 2348 2362 2344 2346 2348 2345 2345 2340 2334 2318 2312 2327 2327 2325 2338 2309 2325 2324 2292 2291 2315 2290 2302 2301 2298 2298 2298 2291 2282 2297 2294 2295 2280 2280 2283 2290 2290 2291 -9999 -9999 -9999 -9999 -9999 -9999 -9999 -9999 -9999 -9999 -9999 -9999 -9999 -9999 -9999 -9999 -9999 -9999
2367 2374 2366 2366 2355 2356 2361 2364 2364 2364 2355 2353 2353 2353 2365 2365 2366 2368 2366 2364 2366 2358 2366 2350 2358 2359 2352 2348 2348 2346 2348 2357 2332 2345 2334 2334 2324 2323 2328 2338 2318 2325 2287 2315 2299 2303 2290 2303 2301 2313 2302 2302 2293 2301 2301 2297 2292 2297 2295 2290 2293 2290 2302 2293 2304 -9999 -9999 -9999 -9999 -9999 -9999 -9999 -9999 -9999 -9999 -9999 -9999 -9999 -9999 -9999 -9999 -9999
2367 2349 2355 2359 2364 2364 2364 2364 2364 2364 2364 2364 2364 2353 2353 2353 2355 2366 2366 2370 2372 2368 2370 2345 2367 2350 2352 2362 2348 2359 2344 2358 2344 2345 2345 2327 2340 2340 2326 2309 2336 2332 2324 2324 2315 2323 2315 2290 2313 2313 2318 2318 2301 2301 2302 2297 2297 2302 2298 2290 2293 2302 2312 2291 2292 2292 2312 -9999 -9999 -9999 -9999 -9999 -9999 -9999 -9999 -9999 -9999 -9999 -9999 -9999 -9999 -9999
2343 2354 2359 2343 2364 2364 2364 2364 2364 2364 2364 2364 2364 2361 2364 2363 2363 2363 2370 2368 2366 2366 2347 2366 2368 2358 2367 2367 2362 2344 2352 2344 2357 2359 2357 2347 2332 2334 2334 2338 2333 2336 2323 2309 2312 2313 2313 2292 2310 2321 2302 2301 2317 2323 2301 2299 2317 2297 2309 2290 2290 2290 2316 2291 2292 2316 2317 2316 -9999 -9999 -9999 -9999 -9999 -9999 -9999 -9999 -9999 -9999 -9999 -9999 -9999 -9999
2366 2349 2355 2364 2364 2366 2364 2380 2364 2364 2379 2364 2364 2364 2364 2364 2355 2366 2366 2365 2365 2370 2365 2365 2347 2366 2355 2352 2359 2367 2344 2350 2351 2344 2348 2337 2347 2347 2345 2337 2346 2338 2323 2308 2325 2315 2321 2318 2302 2323 2302 2321 2301 2318 2299 2297 2297 2302 2297 2316 2296 2299 2302 2290 2307 2327 2300 2316 2292 -9999 -9999 -9999 -9999 -9999 -9999 -9999 -9999 -9999 -9999 -9999 -9999 -9999
2341 2343 2356 2364 2364 2366 2358 2366 2379 2379 2379 2379 2364 2364 2379 2364 2363 2363 2363 2361 2365 2365 2366 2366 2368 2368 2367 2352 2365 2351 2344 2351 2351 2344 2362 2346 2344 2347 2347 2334 2361 2336 2348 2325 2325 2324 2324 2323 2323 2318 2323 2318 2301 2301 2301 2301 2309 2295 2328 2295 2316 2296 2316 2300 2300 2316 2322 2312 2300 2303 -9999 -9999 -9999 -9999 -9999 -9999 -9999 -9999 -9999 -9999 -9999 -9999
2346 2364 2364 2364 2344 2355 2366 2355 2369 2371 2371 2379 2379 2379 2379 2389 2366 2363 2363 2361 2374 2370 2367 2365 2366 2367 2366 2358 2353 2358 2359 2359 2362 2344 2348 2335 2343 2364 2347 2343 2359 2356 2348 2336 2324 2323 2321 2321 2323 2326 2326 2301 2318 2301 2299 2299 2314 2299 2328 2300 2302 2307 2311 2323 2316 2312 2312 2323 2300 2299 2312 -9999 -9999 -9999 -9999 -9999 -9999 -9999 -9999 -9999 -9999 -9999
2364 2364 2339 2341 2341 2355 2355 2355 2355 2355 2378 2372 2381 2381 2381 2381 2381 2374 2363 2363 2361 2363 2366 2380 2368 2370 2370 2373 2361 2359 2360 2359 2359 2359 2351 2335 2360 2359 2343 2347 2368 2347 2348 2331 2331 2336 2324 2334 2324 2324 2322 2323 2332 2337 2316 2316 2317 2316 2305 2320 2323 2311 2300 2324 2312 2324 2322 2313 2315 2315 2317 2317 -9999 -9999 -9999 -9999 -9999 -9999 -9999 -9999 -9999 -9999
2339 2339 2328 2340 2355 2355 2355 2355 2365 2365 2365 2364 2365 2376 2362 2381 2381 2388 2363 2363 2366 2380 2380 2380 2368 2366 2369 2373 2359 2361 2363 2359 2359 2363 2349 2353 2353 2348 2358 2357 2360 2343 2321 2331 2331 2324 2336 2340 2339 2326 2323 2326 2318 2326 2309 2333 2316 2316 2328 2323 2323 2300 2311 2324 2312 2331 2325 2327 2315 2315 2312 2312 2320 -9999 -9999 -9999 -9999 -9999 -9999 -9999 -9999 -9999
2328 2328 2343 2343 2343 2355 2365 2365 2365 2365 2365 2365 2365 2365 2365 2364 2376 2381 2388 2381 2380 2380 2380 2380 2380 2366 2353 2364 2373 2369 2360 2359 2359 2359 2360 2349 2359 2367 2372 2343 2368 2333 2340 2343 2336 2323 2346 2339 2326 2347 2326 2326 2326 2338 2316 2322 2314 2327 2336 2300 2320 2331 2331 2331 2331 2323 2336 2322 2310 2310 2312 2312 2332 2321 -9999 -9999 -9999 -9999 -9999 -9999 -9999 -9999
2330 2345 2345 2343 2353 2353 2353 2365 2365 2353 2353 2365 2365 2365 2365 2364 2362 2376 2381 2381 2381 2380 2380 2380 2380 2373 2359 2380 2378 2369 2373 2359 2369 2378 2349 2351 2362 2367 2372 2357 2359 2341 2347 2343 2331 2341 2348 2333 2339 2321 2334 2324 2326 2337 2333 2337 2324 2314 2316 2320 2331 2320 2331 2331 2332 2338 2338 2327 2312 2312 2312 2332 2321 2321 2339 2347 -9999 -9999 -9999 -9999 -9999 -9999
2330 2346 2345 2355 2355 2355 2353 2356 2353 2355 2365 2362 2365 2353 2365 2365 2364 2376 2376 2381 2381 2381 2382 2380 2373 2374 2369 2369 2373 2373 2381 2379 2379 2378 2349 2365 2368 2367 2372 2359 2368 2354 2345 2333 2348 2348 2331 2324 2346 2334 2348 2326 2332 2332 2325 2324 2337 2335 2337 2336 2320 2323 2331 2332 2332 2347 2358 2338 2315 2315 2329 2332 2321 2321 2321 2347 2359 -9999 -9999 -9999 -9999 -9999
2331 2356 2356 2356 2356 2356 2355 2356 2356 2353 2353 2353 2365 2365 2365 2365 2365 2364 2378 2381 2381 2382 2382 2380 2374 2369 2373 2373 2373 2380 2373 2367 2383 2369 2365 2357 2365 2375 2369 2372 2357 2354 2356 2343 2354 2348 2348 2330 2338 2334 2346 2349 2326 2337 2337 2353 2338 2348 2335 2353 2330 2331 2331 2331 2331 2359 2359 2331 2326 2340 2340 2342 2326 2321 2339 2360 2367 2367 -9999 -9999 -9999 -9999
2356 2356 2356 2356 2356 2356 2356 2356 2364 2355 2353 2353 2365 2365 2365 2365 2365 2374 2376 2381 2374 2374 2382 2380 2380 2373 2373 2380 2380 2378 2373 2381 2369 2360 2349 2349 2368 2356 2367 2358 2372 2356 2355 2356 2355 2343 2348 2341 2321 2338 2358 2334 2326 2326 2332 2332 2348 2335 2348 2336 2314 2331 2331 2331 2346 2323 2331 2347 2346 2339 2339 2347 2336 2338 2338 2359 2367 2364 2344 -9999 -9999 -9999
2343 2356 2356 2356 2356 2356 2356 2356 2355 2353 2353 2353 2353 2365 2353 2365 2378 2365 2364 2372 2391 2378 2391 2382 2380 2373 2380 2378 2380 2378 2378 2369 2362 2362 2369 2357 2373 2377 2384 2367 2368 2369 2355 2369 2343 2355 2341 2348 2359 2321 2321 2357 2349 2326 2332 2325 2324 2332 2353 2336 2353 2331 2331 2331 2346 2338 2331 2344 2358 2355 2355 2355 2344 2357 2349 2356 2367 2365 2344 2353 -9999 -9999
2329 2343 2356 2356 2348 2356 2356 2356 2356 2353 2353 2353 2353 2351 2365 2364 2362 2364 2378 2381 2381 2391 2391 2389 2388 2380 2380 2380 2380 2378 2368 2368 2368 2369 2369 2379 2391 2372 2375 2384 2368 2357 2354 2356 2356 2351 2354 2354 2328 2346 2321 2346 2334 2347 2358 2326 2332 2352 2353 2353 2339 2331 2347 2346 2347 2331 2361 2344 2346 2347 2360 2357 2357 2357 2357 2356 2365 2365 2365 2353 2353 2335
2315 2341 2323 2315 2343 2348 2356 2351 2356 2356 2353 2353 2353 2353 2381 2365 2362 2381 2381 2367 2381 2389 2389 2389 2388 2388 2388 2388 2388 2368 2368 2368 2358 2383 2391 2391 2391 2372 2391 2372 2391 2364 2356 2355 2352 2348 2356 2328 2328 2329 2346 2334 2357 2341 2347 2341 2352 2332 2332 2353 2335 2351 2348 2346 2331 2372 2359 2367 2346 2347 2347 2357 2357 2357 2338 2336 2346 2354 2354 2354 2353 2347
