Capas/FUTURO/Eje_30s/ASC/bio_12.asc
ncols         993
nrows         433
xllcorner     -105.25566776747
yllcorner     17.599810932142
cellsize      0.0083333333
NODATA_value  -9999
[rows 245 to 279 of 433, columns 711 to 789 of 993]
15434 15556 15618 15647 15562 15603 15375 15141 15090 14931 14697 14602 14605 14587 14447 14281 14104 13901 13676 13408 13133 12918 12739 12653 12687 12825 12950 13055 13134 13139 13101 13029 13032 12952 12818 12732 12687 12629 12583 12488 12334 12192 12110 12043 12077 12121 12137 12083 11995 11861 11666 11434 11153 10823 10518 10045 9742 9631 9694 9736 9888 10165 10319 10407 10527 10660 10753 10941 11146 11345 11569 11813 12123 12487 12806 12915 12979 12988 12913
15581 15734 15831 15868 15796 15660 15435 15250 15096 14899 14784 14751 14786 14833 14780 14631 14435 14205 13968 13714 13512 13337 13203 13152 13206 13297 13447 13626 13643 13634 13582 13552 13550 13449 13363 13309 13283 13226 13175 13067 12942 12761 12632 12560 12552 12571 12591 12553 12385 12190 12017 11789 11495 11179 10822 10372 10020 9836 9850 9855 9967 10141 10265 10406 10555 10655 10755 10912 11094 11314 11551 11799 12128 12466 12722 12789 12885 12951 13020
15781 15953 16122 16132 16052 15865 15654 15427 15215 15038 14923 14874 14903 14945 14950 14861 14706 14491 14272 14053 13889 13751 13635 13608 13638 13675 13780 13922 14003 14018 13966 14019 13991 13896 13846 13835 13836 13792 13757 13651 13524 13381 13220 13056 12987 12964 12917 12824 12669 12515 12331 12086 11794 11468 11103 10690 10320 10074 9949 9949 9998 10106 10236 10386 10515 10646 10797 10948 11097 11294 11544 11811 12146 12386 12596 12796 12894 12945 12980
16061 16233 16493 16416 16305 16116 15904 15635 15396 15196 15060 15001 14976 14964 14978 14935 14838 14684 14514 14353 14237 14132 14019 14043 14103 14095 14155 14200 14269 14314 14326 14380 14352 14271 14261 14291 14327 14317 14277 14220 14143 14078 13885 13597 13444 13359 13255 13115 12979 12831 12564 12358 12117 11740 11361 10986 10610 10348 10132 10025 10038 10110 10202 10339 10518 10700 10889 11045 11180 11365 11639 11874 12106 12383 12633 12793 12914 12979 12963
16270 16509 16669 16701 16579 16368 16116 15827 15568 15354 15172 15083 15037 15022 15005 14986 14925 14800 14691 14620 14547 14469 14355 14317 14361 14413 14419 14414 14455 14517 14593 14615 14576 14565 14612 14675 14739 14769 14743 14731 14689 14644 14453 14174 13926 13838 13688 13460 13219 13091 12886 12562 12232 11914 11582 11258 10855 10583 10356 10202 10132 10190 10338 10491 10653 10831 11038 11201 11312 11465 11651 11842 12112 12356 12538 12693 12781 12770 12800
16405 16614 16800 16813 16726 16627 16248 15965 15693 15442 15239 15115 15052 15052 15023 15022 14979 14889 14846 14851 14852 14714 14599 14576 14607 14642 14657 14680 14748 14767 14763 14746 14775 14830 14907 15004 15106 15138 15141 15144 15128 15060 14922 14690 14379 14194 13994 13744 13489 13248 13007 12725 12402 12124 11823 11505 11174 10855 10574 10400 10364 10453 10627 10767 10913 11025 11167 11316 11438 11569 11714 11892 12119 12348 12517 12695 13031 13104 13031
16468 16711 16910 16848 16748 16677 16456 16033 15746 15483 15281 15140 15052 15033 15018 15014 15011 14952 14910 14906 14918 14821 14768 14784 14819 14869 14956 15025 15083 15105 14985 14926 14968 15006 15081 15309 15438 15394 15409 15482 15441 15396 15308 15106 14798 14481 14240 13995 13739 13484 13245 12956 12680 12350 12085 11804 11496 11220 10927 10727 10689 10767 10865 11001 11118 11228 11342 11464 11574 11679 11796 11955 12146 12330 12497 12762 13006 13039 13197
16437 16718 16849 16874 16895 16645 16403 16020 15767 15533 15343 15097 15022 15006 15004 14996 14969 14960 14912 14877 14865 14864 14906 14953 15001 15037 15122 15208 15176 15133 15074 15061 15106 15195 15291 15439 15525 15558 15667 15763 15797 15860 15701 15457 15124 14772 14527 14293 14021 13803 13511 13192 12881 12533 12315 12070 11798 11542 11316 11119 11044 11039 11125 11236 11322 11412 11510 11612 11706 11796 11901 12020 12172 12339 12539 12655 12691 12751 12942
16312 16681 16858 16850 16743 16525 16254 15945 15725 15409 15159 15010 15004 14991 14906 14910 14917 14945 14921 14862 14860 14917 15019 15124 15147 15135 15170 15206 15220 15210 15170 15171 15192 15269 15352 15455 15544 15641 15794 15974 16014 15968 15847 15659 15336 15034 14777 14493 14231 14070 13733 13365 13029 12748 12473 12277 12134 11920 11674 11455 11340 11314 11373 11456 11515 11575 11659 11751 11838 11920 12009 12118 12253 12384 12483 12556 12661 12782 12875
16157 16477 16641 16746 16628 16397 16107 15787 15553 15286 15032 14862 14797 14769 14755 14780 14817 14871 14892 14827 14830 14910 15026 15164 15144 15164 15204 15254 15293 15280 15232 15229 15235 15282 15357 15454 15614 15702 15840 15991 16050 16079 15914 15714 15444 15221 14984 14673 14337 14038 13752 13452 13172 12889 12635 12450 12335 12079 11890 11651 11578 11566 11652 11691 11673 11717 11775 11857 11942 12028 12121 12224 12341 12450 12530 12596 12671 12748 12822
16053 16278 16539 16605 16470 16274 15928 15600 15318 15072 14828 14679 14638 14650 14605 14600 14651 14712 14709 14691 14746 14809 14892 14975 15031 15085 15156 15265 15343 15301 15247 15218 15238 15294 15382 15459 15612 15725 15862 15964 16006 16005 15845 15673 15477 15281 15051 14625 14258 13985 13714 13537 13276 13005 12745 12560 12409 12174 11983 11823 11724 11690 11698 11747 11766 11791 11847 11929 12014 12112 12212 12315 12431 12533 12605 12627 12661 12790 12957
16100 16286 16479 16526 16340 16115 15757 15407 15107 14842 14616 14487 14496 14556 14527 14447 14494 14555 14565 14572 14630 14678 14731 14829 14900 14984 15088 15244 15297 15289 15242 15212 15254 15295 15341 15441 15568 15688 15841 15912 15927 15887 15748 15521 15341 15114 14798 14449 14137 13860 13662 13563 13290 13060 12797 12606 12467 12284 12126 11960 11811 11738 11715 11744 11779 11813 11894 11983 12065 12175 12289 12394 12511 12611 12664 12683 12690 12726 12973
15986 16184 16368 16490 16255 15879 15570 15228 14903 14638 14425 14313 14324 14405 14459 14342 14364 14410 14433 14451 14493 14552 14601 14646 14758 14924 15084 15238 15208 15236 15234 15216 15252 15305 15380 15562 15622 15683 15778 15875 15895 15766 15533 15318 15105 14841 14531 14230 13943 13669 13426 13321 13151 12998 12781 12593 12480 12339 12187 12021 11866 11756 11716 11729 11763 11834 11925 12026 12127 12241 12346 12461 12576 12653 12694 12744 12699 12635 12638
15953 16065 16252 16420 16221 15792 15417 15058 14783 14536 14281 14143 14124 14130 14157 14175 14222 14254 14290 14319 14359 14404 14462 14536 14657 14794 14923 15032 15095 15179 15209 15236 15304 15342 15431 15517 15591 15648 15674 15752 15678 15471 15237 15016 14780 14480 14208 13924 13675 13410 13137 13032 12945 12908 12687 12527 12432 12320 12186 12043 11906 11789 11718 11718 11762 11853 11964 12083 12194 12302 12420 12530 12641 12715 12775 12746 12766 12770 12736
15784 16031 16226 16193 16063 15731 15220 14833 14536 14292 14086 13937 13898 13926 13941 13965 14011 14082 14109 14154 14203 14253 14317 14403 14515 14656 14789 14889 14977 15075 15132 15204 15347 15338 15369 15427 15490 15515 15460 15471 15367 15145 14897 14654 14407 14124 13873 13589 13340 13028 12826 12737 12777 12760 12539 12417 12344 12250 12135 12035 11920 11800 11733 11757 11819 11915 12034 12156 12262 12365 12478 12592 12691 12744 12806 12762 12745 12758 12893
15779 15969 16093 16037 15759 15467 15043 14561 14236 13991 13821 13686 13651 13689 13691 13705 13788 13846 13894 13924 13991 14043 14098 14191 14301 14441 14592 14704 14806 14909 14963 15009 15102 15172 15234 15285 15297 15255 15190 15152 14960 14771 14497 14246 14005 13738 13521 13241 12994 12707 12516 12436 12436 12415 12392 12423 12330 12203 12128 12046 11954 11867 11827 11846 11906 12007 12128 12235 12342 12462 12577 12660 12728 12807 12822 12889 12839 12770 12771
15508 15511 15606 15701 15419 15042 14688 14185 13872 13643 13489 13399 13373 13382 13400 13429 13516 13562 13585 13625 13707 13757 13794 13875 14013 14167 14306 14420 14526 14649 14718 14694 14744 14812 14965 15021 15012 14910 14798 14675 14494 14294 14047 13823 13594 13370 13158 12914 12698 12425 12248 12151 12155 12233 12368 12448 12392 12196 12115 12052 11973 11937 11973 11972 12012 12122 12227 12319 12429 12549 12641 12719 12768 12790 12787 12906 12945 12884 12914
15277 15296 15167 15099 14864 14489 14157 13767 13444 13232 13100 13029 13024 13033 13065 13104 13175 13203 13218 13259 13334 13392 13414 13451 13608 13746 13840 13982 14153 14327 14378 14305 14278 14378 14517 14655 14655 14577 14432 14257 14009 13773 13589 13396 13219 13020 12821 12581 12319 12115 12032 11914 11946 12054 12193 12277 12251 12152 12071 12043 11998 12004 12042 12059 12122 12226 12327 12407 12505 12608 12693 12747 12759 12809 12846 12851 12814 12703 12725
14780 14735 14640 14408 14207 13921 13622 13272 12978 12784 12672 12623 12636 12661 12702 12725 12756 12791 12818 12845 12877 12924 12945 13016 13153 13278 13430 13656 13866 13951 14011 13944 13864 13970 14056 14277 14303 14220 14032 13838 13572 13313 13157 13028 12884 12708 12513 12295 12057 11857 11715 11696 11774 11920 12063 12162 12169 12095 12016 12012 12030 12046 12092 12170 12218 12313 12415 12485 12563 12649 12709 12768 12842 12809 12774 12714 12624 12553 12610
14233 14124 14040 13851 13554 13333 13117 12783 12501 12328 12225 12201 12225 12283 12322 12335 12345 12360 12385 12426 12463 12483 12513 12608 12762 12927 13122 13332 13516 13419 13683 13664 13602 13628 13621 13836 13906 13896 13746 13500 13251 12939 12757 12657 12588 12428 12248 12071 11858 11647 11497 11478 11616 11803 11898 12018 12068 12013 11969 12005 12058 12092 12157 12193 12243 12352 12448 12537 12638 12730 12787 12831 12844 12808 12755 12677 12548 12486 12512
13743 13529 13463 13267 13028 12733 12537 12285 12052 11897 11798 11786 11820 11887 11931 11945 11968 11982 12022 12066 12081 12091 12147 12260 12431 12627 12784 12893 12854 12863 13190 13254 13291 13250 13190 13425 13520 13554 13477 13199 12946 12645 12460 12346 12337 12229 12101 11934 11730 11551 11446 11417 11512 11666 11747 11858 11892 11858 11912 11984 12059 12127 12207 12241 12291 12389 12521 12664 12744 12807 12857 12911 12900 12868 12754 12632 12558 12490 12450
13288 13057 12912 12765 12495 12256 12043 11855 11681 11516 11410 11419 11441 11506 11565 11604 11650 11683 11694 11733 11762 11806 11889 11994 12172 12364 12484 12517 12475 12497 12645 12808 12872 12883 12856 13099 13062 13291 13176 12920 12775 12441 12275 12174 12152 12119 12007 11858 11689 11551 11462 11465 11458 11500 11558 11647 11732 11770 11851 11946 12032 12159 12264 12306 12369 12479 12645 12774 12864 12877 12923 12967 12984 12952 12829 12641 12499 12373 12311
12821 12655 12425 12321 12092 11883 11679 11494 11365 11218 11129 11114 11144 11196 11258 11322 11402 11442 11436 11468 11513 11554 11664 11791 11950 12149 12326 12398 12357 12359 12386 12460 12530 12553 12550 12522 12735 12908 12938 12720 12529 12300 12182 12096 12055 12047 11952 11839 11710 11629 11513 11458 11458 11455 11416 11467 11579 11667 11778 11938 12095 12260 12346 12391 12507 12625 12763 12878 12966 12967 12975 13028 13021 12955 12785 12542 12370 12251 12149
12477 12242 12107 11979 11799 11614 11438 11262 11105 11000 10930 10916 10942 10981 11030 11106 11176 11219 11263 11313 11350 11386 11486 11617 11771 11981 12141 12202 12333 12374 12262 -9999 -9999 -9999 -9999 -9999 -9999 -9999 -9999 -9999 -9999 -9999 -9999 -9999 -9999 -9999 -9999 -9999 -9999 -9999 -9999 -9999 -9999 11373 11354 11376 11453 11588 11769 12028 12208 12347 12428 12559 12718 12785 12864 12949 13007 13051 13020 13017 12949 12831 12632 12428 12259 12149 12097
12228 11946 11884 11707 11553 11408 11246 11101 10966 10847 10793 10783 10813 10835 10868 10932 11004 11066 11143 11239 -9999 -9999 -9999 -9999 -9999 -9999 -9999 -9999 -9999 -9999 -9999 -9999 -9999 -9999 -9999 -9999 -9999 -9999 -9999 -9999 -9999 -9999 -9999 -9999 -9999 -9999 -9999 -9999 -9999 -9999 -9999 -9999 -9999 -9999 -9999 -9999 11452 11612 11827 12101 12276 12416 12538 12686 12808 12891 12966 12985 12987 12993 12964 12910 12804 12691 12546 12345 12181 12113 12018
11889 11781 11665 11505 11376 11238 11109 10984 10871 10758 10695 10681 10703 10735 10784 10842 -9999 -9999 -9999 -9999 -9999 -9999 -9999 -9999 -9999 -9999 -9999 -9999 -9999 -9999 -9999 -9999 -9999 -9999 -9999 -9999 -9999 -9999 -9999 -9999 -9999 -9999 -9999 -9999 -9999 -9999 -9999 -9999 -9999 -9999 -9999 -9999 -9999 -9999 -9999 -9999 -9999 -9999 11969 12166 12289 12470 12682 12742 12828 12899 12928 12917 12924 12909 12860 12791 12704 12611 12440 12262 12216 12075 11923
11735 11603 11481 11355 11222 11112 11009 10896 10802 10697 10629 10614 10624 -9999 -9999 -9999 -9999 -9999 -9999 -9999 -9999 -9999 -9999 -9999 -9999 -9999 -9999 -9999 -9999 -9999 -9999 -9999 -9999 -9999 -9999 -9999 -9999 -9999 -9999 -9999 -9999 -9999 -9999 -9999 -9999 -9999 -9999 -9999 -9999 -9999 -9999 -9999 -9999 -9999 -9999 -9999 -9999 -9999 -9999 -9999 12322 12527 12670 12737 12785 12822 12837 12816 12840 12795 12756 12699 12595 12562 12354 12265 12218 12018 11797
11558 11441 11331 11228 11106 11017 10922 10836 10747 10657 -9999 -9999 -9999 -9999 -9999 -9999 -9999 -9999 -9999 -9999 -9999 -9999 -9999 -9999 -9999 -9999 -9999 -9999 -9999 -9999 -9999 -9999 -9999 -9999 -9999 -9999 -9999 -9999 -9999 -9999 -9999 -9999 -9999 -9999 -9999 -9999 -9999 -9999 -9999 -9999 -9999 -9999 -9999 -9999 -9999 -9999 -9999 -9999 -9999 -9999 -9999 12569 12664 12703 12720 12731 12762 12789 12782 12748 12695 12662 12548 12505 12344 12243 12057 11969 11667
11402 11293 11198 11111 11009 10928 10847 -9999 -9999 -9999 -9999 -9999 -9999 -9999 -9999 -9999 -9999 -9999 -9999 -9999 -9999 -9999 -9999 -9999 -9999 -9999 -9999 -9999 -9999 -9999 -9999 -9999 -9999 -9999 -9999 -9999 -9999 -9999 -9999 -9999 -9999 -9999 -9999 -9999 -9999 -9999 -9999 -9999 -9999 -9999 -9999 -9999 -9999 -9999 -9999 -9999 -9999 -9999 -9999 -9999 -9999 -9999 12653 12669 12659 12711 12738 12753 12740 12675 12646 12506 12357 12352 12275 11996 11902 11803 11576
11266 11161 11076 11008 10924 -9999 -9999 -9999 -9999 -9999 -9999 -9999 -9999 -9999 -9999 -9999 -9999 -9999 -9999 -9999 -9999 -9999 -9999 -9999 -9999 -9999 -9999 -9999 -9999 -9999 -9999 -9999 -9999 -9999 -9999 -9999 -9999 -9999 -9999 -9999 -9999 -9999 -9999 -9999 -9999 -9999 -9999 -9999 -9999 -9999 -9999 -9999 -9999 -9999 -9999 -9999 -9999 -9999 -9999 -9999 -9999 -9999 -9999 12620 12609 12642 12667 12660 12622 12569 12441 12282 12150 12091 11982 11805 11632 11504 11414
11135 11044 -9999 -9999 -9999 -9999 -9999 -9999 -9999 -9999 -9999 -9999 -9999 -9999 -9999 -9999 -9999 -9999 -9999 -9999 -9999 -9999 -9999 -9999 -9999 -9999 -9999 -9999 -9999 -9999 -9999 -9999 -9999 -9999 -9999 -9999 -9999 -9999 -9999 -9999 -9999 -9999 -9999 -9999 -9999 -9999 -9999 -9999 -9999 -9999 -9999 -9999 -9999 -9999 -9999 -9999 -9999 -9999 -9999 -9999 -9999 -9999 -9999 -9999 12538 12562 12560 12501 12450 12352 12223 12082 11913 11807 11671 11533 11356 11344 11395
-9999 -9999 -9999 -9999 -9999 -9999 -9999 -9999 -9999 -9999 -9999 -9999 -9999 -9999 -9999 -9999 -9999 -9999 -9999 -9999 -9999 -9999 -9999 -9999 -9999 -9999 -9999 -9999 -9999 -9999 -9999 -9999 -9999 -9999 -9999 -9999 -9999 -9999 -9999 -9999 -9999 -9999 -9999 -9999 -9999 -9999 -9999 -9999 -9999 -9999 -9999 -9999 -9999 -9999 -9999 -9999 -9999 -9999 -9999 -9999 -9999 -9999 -9999 -9999 12407 12397 12344 12287 12219 12114 11989 11841 11710 11584 11409 11279 11281 11247 11246
-9999 -9999 -9999 -9999 -9999 -9999 -9999 -9999 -9999 -9999 -9999 -9999 -9999 -9999 -9999 -9999 -9999 -9999 -9999 -9999 -9999 -9999 -9999 -9999 -9999 -9999 -9999 -9999 -9999 -9999 -9999 -9999 -9999 -9999 -9999 -9999 -9999 -9999 -9999 -9999 -9999 -9999 -9999 -9999 -9999 -9999 -9999 -9999 -9999 -9999 -9999 -9999 -9999 -9999 -9999 -9999 -9999 -9999 -9999 -9999 -9999 -9999 -9999 -9999 -9999 12170 12114 12050 11977 11886 11777 11619 11491 11378 11200 11083 11121 11035 10952
-9999 -9999 -9999 -9999 -9999 -9999 -9999 -9999 -9999 -9999 -9999 -9999 -9999 -9999 -9999 -9999 -9999 -9999 -9999 -9999 -9999 -9999 -9999 -9999 -9999 -9999 -9999 -9999 -9999 -9999 -9999 -9999 -9999 -9999 -9999 -9999 -9999 -9999 -9999 -9999 -9999 -9999 -9999 -9999 -9999 -9999 -9999 -9999 -9999 -9999 -9999 -9999 -9999 -9999 -9999 -9999 -9999 -9999 -9999 -9999 -9999 -9999 -9999 -9999 -9999 -9999 11907 11839 11800 11651 11549 11418 11298 11157 10998 10905 10861 10792 10741
-9999 -9999 -9999 -9999 -9999 -9999 -9999 -9999 -9999 -9999 -9999 -9999 -9999 -9999 -9999 -9999 -9999 -9999 -9999 -9999 -9999 -9999 -9999 -9999 -9999 -9999 -9999 -9999 -9999 -9999 -9999 -9999 -9999 -9999 -9999 -9999 -9999 -9999 -9999 -9999 -9999 -9999 -9999 -9999 -9999 -9999 -9999 -9999 -9999 -9999 -9999 -9999 -9999 -9999 -9999 -9999 -9999 -9999 -9999 -9999 -9999 -9999 -9999 -9999 -9999 -9999 -9999 11726 11618 11497 11385 11272 11156 10986 10817 10751 10690 10600 10547
