Capas/FUTURO/Eje_30s/ASC/bio_02.asc
ncols         993
nrows         433
xllcorner     -105.25566776747
yllcorner     17.599810932142
cellsize      0.0083333333
NODATA_value  -9999
[rows 78 to 116 of 433, columns 264 to 351 of 993]
111 111 111 110 110 110 110 110 110 110 110 110 110 111 111 111 112 112 113 113 114 114 115 115 115 116 117 118 118 118 119 120 120 121 122 122 123 123 124 125 125 126 127 127 128 129 129 130 131 132 132 133 134 134 135 136 137 137 138 138 139 139 140 141 141 141 142 142 142 143 143 143 143 143 143 143 143 143 143 143 143 143 142 142 142 142 142 142
111 110 110 109 110 109 109 109 109 109 109 109 110 110 110 111 111 112 112 112 113 113 114 115 115 116 117 117 118 118 119 120 120 121 121 122 123 123 124 124 125 126 126 127 128 129 129 130 131 132 132 133 134 135 135 136 137 137 138 139 139 140 140 141 142 142 142 142 143 143 143 143 144 144 144 144 144 144 144 143 143 143 143 143 143 143 143 143
110 110 109 109 109 108 108 108 108 108 109 109 109 109 110 110 111 111 111 112 112 113 114 114 115 115 116 117 117 118 119 119 120 121 121 122 122 123 124 124 125 125 126 127 128 128 129 130 131 132 132 133 134 135 136 136 137 138 139 139 140 140 141 141 142 143 143 143 144 144 144 144 144 144 144 144 144 144 144 144 144 144 144 144 144 144 144 143
109 109 108 108 108 108 108 108 108 108 108 108 108 108 109 109 109 110 111 111 112 112 113 113 114 115 116 116 117 118 118 119 119 120 121 121 122 123 123 124 124 125 126 127 128 129 129 130 131 132 132 133 134 135 136 137 137 138 139 140 140 141 141 142 143 143 143 144 144 144 144 144 145 145 145 145 145 145 145 145 145 145 145 145 145 144 144 144
109 108 108 108 107 107 107 107 107 107 107 108 108 108 108 108 109 110 110 111 111 112 112 113 114 114 115 116 117 117 118 119 119 120 121 121 122 122 123 124 124 125 126 127 128 129 129 130 131 132 133 134 134 135 136 137 138 138 139 140 141 141 142 142 143 143 144 144 144 145 145 145 145 145 146 146 145 146 146 146 146 145 145 145 145 145 145 144
108 108 107 107 107 106 107 106 106 107 107 107 107 107 108 108 109 109 109 110 111 112 112 113 113 114 115 115 116 117 118 118 119 120 120 121 122 122 123 124 124 125 126 127 128 129 129 131 131 132 133 134 135 135 136 137 138 139 139 140 141 141 142 143 143 144 144 144 145 145 145 145 146 146 146 146 146 146 146 146 146 146 145 145 146 145 145 145
107 107 107 106 106 106 106 106 106 106 106 106 107 107 107 108 108 109 109 110 110 111 112 112 113 114 114 115 116 117 118 118 119 120 120 121 122 122 123 123 125 125 126 127 128 128 129 130 131 132 133 134 135 135 136 137 138 139 140 140 141 142 142 143 143 144 144 145 145 145 146 146 146 146 146 147 146 146 147 146 146 146 146 146 146 146 145 145
107 107 106 106 106 106 105 105 105 105 106 106 106 106 107 107 108 108 109 109 110 111 112 112 113 113 114 115 116 117 117 118 118 119 120 121 121 122 123 124 124 125 126 127 128 129 129 130 131 132 133 134 135 136 137 138 138 139 140 141 142 142 143 143 144 144 145 145 146 146 146 146 147 147 147 147 147 147 147 147 147 147 147 146 146 146 146 146
107 106 106 106 106 105 105 105 105 105 105 106 106 106 106 107 107 108 108 109 110 110 111 112 113 113 114 115 115 116 117 118 119 119 120 121 122 122 123 123 124 125 126 127 128 129 130 131 131 132 133 134 135 136 137 138 139 139 140 141 142 143 143 144 144 145 145 145 146 146 147 147 147 147 147 147 147 147 147 147 147 147 147 147 147 147 147 146
107 106 106 105 105 105 105 104 105 105 105 105 105 106 106 106 107 107 108 109 109 110 111 111 112 113 114 114 115 116 117 118 118 119 120 121 121 122 123 124 124 125 126 127 128 128 130 131 131 132 134 134 135 136 137 138 139 140 140 141 142 143 144 144 145 145 145 146 146 147 147 147 147 147 148 148 148 148 148 148 148 148 147 147 147 147 147 147
106 106 105 105 105 104 104 104 104 104 104 105 105 105 106 106 107 107 108 109 109 110 110 111 112 113 113 114 115 116 117 117 118 119 120 121 121 122 123 124 124 125 126 127 128 129 130 131 132 133 133 135 135 136 137 138 139 140 141 141 142 143 144 144 145 145 146 146 146 147 147 147 148 148 148 148 148 148 148 148 148 148 148 148 147 147 147 147
106 105 105 105 104 104 104 104 104 104 104 104 105 105 105 106 106 107 107 108 109 110 110 111 112 113 113 114 115 116 117 117 118 119 120 120 121 122 123 124 124 125 126 127 128 129 130 131 132 133 134 135 135 136 137 138 139 140 141 142 143 143 144 145 145 146 146 146 147 147 148 148 148 148 148 148 148 148 148 149 148 148 148 148 148 148 147 147
105 105 104 104 104 104 103 103 104 104 104 104 104 105 105 106 106 107 107 108 109 109 110 111 112 113 113 114 115 116 116 117 118 119 120 121 121 122 123 124 124 125 126 127 128 129 130 131 132 133 134 135 136 137 138 138 139 140 141 142 143 144 144 145 145 146 147 147 147 148 148 148 148 148 148 148 149 149 149 149 149 149 148 148 148 148 148 148
105 104 104 103 103 103 103 103 103 103 103 104 104 104 105 105 106 106 107 108 109 109 110 111 111 112 113 114 115 116 117 117 118 119 120 121 121 122 123 124 124 125 126 127 128 129 130 131 132 133 134 135 136 137 138 139 139 141 141 142 143 144 145 145 146 146 147 147 147 148 148 148 149 149 149 149 149 149 149 149 149 149 149 148 149 149 148 148
105 104 104 103 103 103 103 103 103 103 103 103 103 104 104 105 106 106 107 107 108 109 110 110 111 112 113 114 115 116 117 117 118 119 120 121 121 122 123 124 125 125 126 128 128 129 130 131 132 133 134 135 136 137 138 139 140 141 142 143 143 144 145 145 146 146 147 147 148 148 148 149 149 149 149 149 149 149 149 149 149 149 149 149 149 149 149 148
104 104 103 103 103 103 102 102 102 102 103 103 103 104 104 105 105 106 107 107 108 109 110 110 111 112 113 114 115 115 116 117 118 119 120 121 121 122 123 124 125 126 126 128 128 129 130 131 132 133 134 135 136 138 138 139 140 141 142 143 144 144 145 145 146 147 147 148 148 148 149 149 149 149 149 149 149 150 150 150 149 149 149 149 149 149 149 148
104 103 103 103 103 102 102 102 102 102 102 103 103 103 104 104 105 106 106 107 108 109 110 110 111 112 113 114 115 116 116 117 118 119 120 121 122 122 123 124 125 126 127 127 129 130 130 131 132 133 134 135 137 137 138 139 140 141 142 143 144 145 145 146 146 147 147 148 148 149 149 149 149 150 150 150 150 150 150 150 150 150 150 150 150 149 149 149
104 103 103 103 102 102 102 102 102 102 102 102 103 103 104 104 105 106 106 107 108 108 109 110 111 112 113 114 115 116 116 117 118 119 120 121 122 122 123 124 125 126 127 128 128 130 130 132 133 134 135 136 137 138 139 139 140 142 142 143 144 145 145 146 147 147 147 148 149 149 149 149 150 150 150 150 150 150 150 150 150 150 150 150 150 150 150 149
103 103 102 102 102 102 101 102 102 102 102 102 102 103 103 104 105 105 106 107 108 108 109 110 111 112 113 114 115 116 117 117 118 119 120 121 122 122 123 124 125 126 127 128 129 130 131 132 133 134 135 136 137 138 139 140 141 142 142 143 144 145 146 146 147 147 148 149 149 149 149 149 150 150 150 150 150 150 150 150 150 150 150 150 150 150 150 150
103 103 102 102 101 101 101 101 101 102 102 102 103 103 103 104 105 106 106 107 108 108 109 110 111 112 113 114 115 116 117 118 118 119 120 121 122 123 123 124 125 126 127 128 129 130 131 132 133 134 135 136 137 138 139 140 141 142 143 144 144 145 146 146 147 147 148 149 149 149 149 150 150 150 150 150 151 151 151 151 151 151 150 150 150 150 150 150
103 102 102 102 101 101 101 101 101 101 102 102 102 103 103 104 105 105 106 107 107 108 109 110 111 112 113 114 115 116 117 118 118 120 120 121 122 123 124 124 125 126 127 128 129 130 131 132 133 134 135 136 137 138 139 140 141 142 143 143 144 145 146 147 147 148 148 148 149 149 150 150 150 150 151 151 151 151 151 151 151 151 151 151 151 150 150 150
103 102 102 101 101 101 101 101 101 101 101 102 102 103 103 104 104 105 106 107 108 108 109 110 111 112 113 114 115 116 117 118 119 120 120 121 122 123 124 124 125 127 128 128 129 130 131 133 133 134 135 136 137 139 139 140 141 142 143 144 144 145 146 147 147 148 148 149 149 150 150 150 151 151 151 151 151 151 151 151 151 151 151 151 151 151 151 150
103 102 102 101 101 101 100 101 101 101 101 101 102 102 103 104 104 105 106 107 107 108 109 110 111 112 113 114 115 116 117 118 119 120 120 122 122 123 124 125 126 127 128 129 129 131 131 132 134 134 135 136 138 139 139 140 141 142 143 144 145 146 146 147 148 148 149 149 149 150 150 150 151 151 151 151 151 151 151 151 151 151 151 151 151 151 151 151
103 102 102 101 101 101 101 101 101 101 101 102 102 102 103 103 104 105 106 106 107 108 109 110 111 112 113 114 115 116 117 118 119 120 121 122 122 123 124 125 126 127 128 129 130 131 132 133 134 135 136 136 138 139 139 140 142 142 143 144 145 145 146 147 148 148 149 149 149 150 150 150 151 151 151 151 151 151 151 151 151 151 151 151 151 151 151 151
103 102 102 101 101 101 100 100 101 101 101 101 102 103 103 104 104 105 106 107 107 108 109 110 111 112 113 114 115 116 117 118 119 120 121 122 123 123 124 125 126 127 128 129 130 131 132 133 134 135 136 137 138 139 140 141 142 142 143 144 145 146 146 147 148 148 149 149 149 150 150 151 151 151 151 151 152 151 152 151 151 151 151 152 151 151 151 151
102 102 101 101 101 100 101 100 100 101 101 101 102 102 103 103 104 105 106 107 108 108 109 110 111 112 113 114 115 116 117 118 119 120 121 122 123 124 125 125 126 127 128 129 130 131 132 133 134 135 136 137 138 139 140 141 142 143 144 144 145 146 147 147 148 148 149 149 150 150 150 151 151 151 151 151 151 152 152 152 152 152 151 152 152 151 151 151
102 102 101 101 101 100 100 100 101 101 101 101 102 102 103 104 104 105 106 107 108 108 109 110 112 112 113 114 115 116 117 118 119 120 121 122 123 124 124 125 126 127 129 129 130 131 132 133 134 135 136 137 138 139 140 141 142 143 144 144 145 146 147 147 148 148 149 149 150 150 150 151 151 152 152 152 152 152 152 152 152 152 152 152 152 152 152 151
102 101 101 101 100 100 100 100 101 101 101 101 102 102 103 104 104 105 106 107 108 108 110 111 112 113 113 114 115 117 117 119 120 121 121 122 123 124 125 126 127 128 129 130 131 131 132 133 134 136 136 138 138 139 140 141 142 143 144 145 145 146 147 147 148 148 149 150 150 150 151 151 151 151 151 152 152 152 152 152 152 152 152 152 152 152 152 152
102 102 101 101 100 100 100 100 100 101 101 101 102 103 103 104 105 105 106 107 108 109 110 111 112 113 114 115 116 117 118 119 120 121 122 122 123 124 125 126 127 128 129 130 130 132 133 134 135 136 136 137 139 140 140 141 142 143 144 145 146 146 147 148 148 149 149 150 150 150 151 151 151 152 152 152 152 152 152 152 152 152 152 152 152 152 152 152
102 102 101 101 100 100 100 100 100 101 101 102 102 102 103 104 104 105 106 107 108 109 110 111 112 113 114 115 116 117 118 119 120 121 122 123 124 125 125 126 127 128 129 130 131 132 133 134 135 136 137 138 139 139 140 141 142 143 144 145 146 146 147 147 148 149 149 150 150 151 151 151 151 152 152 152 152 152 152 152 152 152 152 152 152 152 152 152
102 102 101 101 100 100 100 100 100 101 101 102 102 102 103 104 104 105 106 107 108 109 110 111 112 113 114 115 116 117 118 119 120 121 122 123 124 125 126 127 127 128 129 130 131 132 133 134 135 136 137 138 139 140 141 142 142 143 144 145 146 146 147 148 148 149 149 150 150 151 151 151 151 152 152 152 152 152 152 152 152 152 152 152 152 152 152 152
102 102 101 101 101 100 100 100 100 101 101 102 102 102 103 104 105 105 106 107 108 109 110 111 112 113 114 115 117 117 118 119 120 121 122 123 124 125 126 126 127 128 129 130 131 132 133 134 135 136 137 138 139 140 141 142 142 143 144 145 145 146 147 148 148 149 149 150 150 150 151 151 151 152 152 152 152 152 152 152 153 152 152 152 152 152 152 152
102 102 101 101 101 100 100 100 101 101 101 102 102 103 103 104 105 105 106 107 108 109 110 111 112 113 115 115 117 118 119 120 120 122 123 123 125 125 126 127 128 129 130 130 131 132 133 134 135 136 137 138 139 140 140 142 142 143 144 145 146 146 147 147 148 149 149 150 150 150 151 151 151 152 152 152 152 152 152 152 152 152 152 152 152 152 152 152
102 102 102 101 101 101 100 101 101 101 101 102 102 103 104 104 105 106 107 107 108 109 111 111 113 113 115 116 117 118 119 120 121 122 123 124 125 125 126 127 128 129 130 131 132 132 134 134 135 136 137 138 139 140 141 142 142 143 144 145 145 146 147 147 148 149 149 149 150 150 151 151 151 152 152 152 152 152 152 152 152 152 152 152 152 152 152 152
102 102 102 101 101 101 101 101 101 101 101 102 103 103 104 104 105 106 107 108 109 110 111 112 113 113 115 116 117 118 119 120 121 122 123 124 125 126 126 127 128 129 130 131 132 132 134 135 135 136 137 138 139 140 141 142 142 143 144 145 145 146 147 147 148 149 149 149 150 150 150 151 151 152 152 152 152 152 152 152 152 152 152 152 152 152 152 152
102 102 102 102 101 101 101 101 101 102 102 102 103 103 104 105 105 106 107 108 109 110 111 112 113 114 115 116 117 118 119 120 122 122 123 124 125 126 127 127 128 129 130 131 132 133 134 135 135 136 137 138 139 140 141 142 143 143 144 145 145 146 147 147 148 149 149 150 150 150 150 151 151 151 151 151 151 152 152 152 152 152 152 152 152 152 152 152
103 103 102 102 102 102 101 102 102 102 102 102 103 104 104 105 106 107 107 108 109 110 111 112 113 114 115 116 118 118 119 121 122 122 123 124 125 126 127 128 128 129 130 131 132 133 134 135 135 137 138 138 139 140 141 142 143 143 144 145 145 146 147 147 148 149 149 149 150 150 150 151 151 151 151 151 151 151 152 152 152 152 152 152 152 152 152 152
103 103 102 102 102 102 102 102 102 102 102 103 103 104 104 105 106 107 107 108 109 110 111 112 113 115 116 117 118 119 120 121 122 123 124 124 125 126 127 128 129 130 130 131 132 133 134 135 136 137 138 139 139 140 141 142 142 143 144 145 145 146 147 147 148 148 149 149 150 150 150 150 151 151 151 152 151 152 152 152 152 152 152 152 152 152 152 152
103 103 103 102 102 102 102 102 102 102 103 103 104 104 105 105 106 107 108 109 110 111 112 113 114 115 116 117 118 119 120 121 122 123 124 125 126 126 127 128 129 130 131 131 132 133 134 135 136 137 138 139 139 140 141 142 143 143 144 145 146 146 147 147 148 148 149 149 150 150 150 150 151 151 151 151 151 151 152 152 152 152 152 152 152 152 152 151
