Capas/FUTURO/Eje_30s/ASC/bio_15.asc
ncols         993
nrows         433
xllcorner     -105.25566776747
yllcorner     17.599810932142
cellsize      0.0083333333
NODATA_value  -9999
[rows 156 to 194 of 433, columns 696 to 782 of 993]
863 865 868 870 871 870 869 868 867 865 864 862 860 857 854 851 847 843 840 836 832 830 827 826 824 824 823 823 823 823 823 823 824 824 825 825 826 826 826 825 825 823 822 821 819 817 815 813 811 809 806 803 800 797 793 789 786 782 -9999 -9999 -9999 -9999 -9999 -9999 -9999 -9999 -9999 -9999 -9999 -9999 -9999 -9999 -9999 -9999 -9999 -9999 -9999 -9999 -9999 -9999 -9999 -9999 -9999 -9999 -9999 -9999 -9999
862 865 868 870 871 870 870 869 867 866 864 862 860 857 855 851 848 843 840 836 833 831 828 826 826 825 824 824 824 823 824 824 824 824 825 826 826 827 827 827 826 825 824 822 821 819 817 815 814 811 808 805 803 799 796 793 790 785 -9999 -9999 -9999 -9999 -9999 -9999 -9999 -9999 -9999 -9999 -9999 -9999 -9999 -9999 -9999 -9999 -9999 -9999 -9999 -9999 -9999 -9999 -9999 -9999 -9999 -9999 -9999 -9999 -9999
862 865 868 870 871 871 871 869 867 866 864 862 860 857 855 851 847 843 839 835 833 830 829 827 826 826 826 825 825 824 825 824 824 825 825 826 827 827 829 828 827 826 825 824 822 820 818 816 814 812 809 807 804 802 799 795 793 789 -9999 -9999 -9999 -9999 -9999 -9999 -9999 -9999 -9999 -9999 -9999 -9999 -9999 -9999 -9999 -9999 -9999 -9999 -9999 -9999 -9999 -9999 -9999 -9999 -9999 -9999 -9999 -9999 -9999
863 866 868 871 872 872 871 869 867 866 864 862 860 857 854 850 847 842 838 835 832 830 829 828 827 827 826 826 825 825 825 824 824 825 825 826 827 828 829 829 828 827 826 824 822 820 818 816 815 812 811 808 807 803 800 797 794 791 -9999 -9999 -9999 -9999 -9999 -9999 -9999 -9999 -9999 -9999 -9999 -9999 -9999 -9999 -9999 -9999 -9999 -9999 -9999 -9999 -9999 -9999 -9999 -9999 -9999 -9999 -9999 -9999 -9999
864 867 870 872 873 872 871 870 868 866 865 862 860 857 853 849 845 841 838 834 832 830 829 828 828 827 827 827 826 825 824 824 823 824 825 826 826 827 829 829 827 827 826 825 822 820 818 817 815 813 811 809 808 806 802 800 797 793 -9999 -9999 -9999 -9999 -9999 -9999 -9999 -9999 -9999 -9999 -9999 -9999 -9999 -9999 -9999 -9999 -9999 -9999 -9999 -9999 -9999 -9999 -9999 -9999 -9999 -9999 -9999 -9999 -9999
867 869 872 873 874 873 872 870 868 867 864 863 860 856 853 849 844 840 837 834 832 830 829 829 829 828 828 827 827 826 825 824 823 823 824 825 826 826 828 827 827 826 825 824 822 820 818 815 814 813 812 810 809 807 805 802 798 796 -9999 -9999 -9999 -9999 -9999 -9999 -9999 -9999 -9999 -9999 -9999 -9999 -9999 -9999 -9999 -9999 -9999 -9999 -9999 -9999 -9999 -9999 -9999 -9999 -9999 -9999 -9999 -9999 -9999
870 872 873 875 874 874 873 871 869 867 866 863 860 857 852 848 844 840 836 834 832 831 830 830 829 829 829 829 827 826 825 824 823 824 824 824 825 826 826 826 826 825 824 822 821 819 817 815 814 814 813 811 810 807 806 803 800 797 794 -9999 -9999 -9999 -9999 -9999 -9999 -9999 -9999 -9999 -9999 -9999 -9999 -9999 -9999 -9999 -9999 -9999 -9999 -9999 -9999 -9999 -9999 -9999 -9999 -9999 -9999 -9999 -9999
873 874 876 876 876 875 874 872 870 869 867 864 861 857 852 848 844 840 837 835 833 832 831 831 831 830 830 829 828 827 825 824 823 822 822 822 823 823 824 824 824 824 822 821 819 818 816 816 815 815 813 812 811 809 807 805 802 799 796 -9999 -9999 -9999 -9999 -9999 -9999 -9999 -9999 -9999 -9999 -9999 -9999 -9999 -9999 -9999 -9999 -9999 -9999 -9999 -9999 -9999 -9999 -9999 -9999 -9999 -9999 -9999 -9999
876 877 878 878 877 877 875 873 871 869 867 865 862 857 853 849 844 841 838 835 834 833 834 833 833 833 832 831 830 829 826 825 823 821 821 821 821 822 822 823 822 821 820 819 819 816 816 815 815 815 813 813 811 810 809 805 803 801 797 -9999 -9999 -9999 -9999 -9999 -9999 -9999 -9999 -9999 -9999 -9999 -9999 -9999 -9999 -9999 -9999 -9999 -9999 -9999 -9999 -9999 -9999 -9999 -9999 -9999 -9999 -9999 -9999
879 880 880 880 879 878 876 874 873 870 868 866 862 859 855 850 846 843 840 838 836 836 836 836 835 835 834 833 832 830 828 826 824 822 821 820 820 820 821 821 821 819 820 819 818 817 816 816 816 815 815 813 813 811 810 807 805 801 799 -9999 -9999 -9999 -9999 -9999 -9999 -9999 -9999 -9999 -9999 -9999 -9999 -9999 -9999 -9999 -9999 -9999 -9999 -9999 -9999 -9999 -9999 -9999 -9999 -9999 -9999 -9999 -9999
882 882 882 882 881 880 878 876 874 872 870 867 864 860 857 852 848 844 842 840 839 838 838 838 838 837 837 835 834 831 830 827 825 823 821 821 820 820 820 820 820 819 819 818 818 817 817 817 816 816 815 814 814 812 810 808 806 803 801 -9999 -9999 -9999 -9999 -9999 -9999 -9999 -9999 -9999 -9999 -9999 -9999 -9999 -9999 -9999 -9999 -9999 -9999 -9999 -9999 -9999 -9999 -9999 -9999 -9999 -9999 -9999 -9999
885 884 884 883 883 882 879 878 876 873 871 869 866 862 858 855 851 848 845 843 842 841 840 840 840 840 839 837 836 833 831 829 826 824 822 820 819 819 819 819 819 819 819 818 818 818 818 818 817 818 816 816 814 813 812 810 807 803 -9999 -9999 -9999 -9999 -9999 -9999 -9999 -9999 -9999 -9999 -9999 -9999 -9999 -9999 -9999 -9999 -9999 -9999 -9999 -9999 -9999 -9999 -9999 -9999 -9999 -9999 -9999 -9999 -9999
887 886 885 885 884 883 881 879 877 875 873 870 867 864 860 856 853 850 848 845 844 844 843 843 842 841 841 839 838 835 833 831 828 825 823 822 820 820 819 820 820 819 819 820 819 819 818 818 818 818 818 817 816 814 812 810 808 805 -9999 -9999 -9999 -9999 -9999 -9999 -9999 -9999 -9999 -9999 -9999 -9999 -9999 -9999 -9999 -9999 -9999 -9999 -9999 -9999 -9999 -9999 -9999 -9999 -9999 -9999 -9999 -9999 -9999
889 888 887 886 886 885 883 881 879 877 874 872 869 866 862 859 856 853 851 848 847 845 844 844 843 843 842 841 839 838 835 833 830 828 825 823 821 821 820 820 820 820 820 820 820 819 819 820 819 820 819 819 818 817 814 812 809 -9999 -9999 -9999 -9999 -9999 -9999 -9999 -9999 -9999 -9999 -9999 -9999 -9999 -9999 -9999 -9999 -9999 -9999 -9999 -9999 -9999 -9999 -9999 -9999 -9999 -9999 -9999 -9999 -9999 -9999
890 889 889 888 887 886 885 882 880 878 876 873 871 867 864 861 858 855 852 850 848 846 844 843 843 843 842 842 841 840 837 835 833 830 827 825 824 822 821 821 822 821 822 821 821 821 821 821 821 822 821 820 819 817 815 813 811 -9999 -9999 -9999 -9999 -9999 -9999 -9999 -9999 -9999 -9999 -9999 -9999 -9999 -9999 -9999 -9999 -9999 -9999 -9999 -9999 -9999 -9999 -9999 -9999 -9999 -9999 -9999 -9999 -9999 -9999
891 891 890 889 888 887 886 884 882 880 877 874 872 869 866 862 859 856 853 850 847 845 843 842 842 842 842 842 841 840 839 836 834 832 830 827 825 824 824 823 823 823 824 823 824 824 823 824 823 822 823 822 820 819 817 815 -9999 -9999 -9999 -9999 -9999 -9999 -9999 -9999 -9999 -9999 -9999 -9999 -9999 -9999 -9999 -9999 -9999 -9999 -9999 -9999 -9999 -9999 -9999 -9999 -9999 -9999 -9999 -9999 -9999 -9999 -9999
892 892 891 890 889 888 886 884 882 881 878 876 873 870 867 863 860 856 853 850 846 844 842 840 840 840 840 841 841 841 840 839 836 833 832 829 827 826 826 825 825 824 825 825 826 825 825 826 825 825 824 824 822 820 819 -9999 -9999 -9999 -9999 -9999 -9999 -9999 -9999 -9999 -9999 -9999 -9999 -9999 -9999 -9999 -9999 -9999 -9999 -9999 -9999 -9999 -9999 -9999 -9999 -9999 -9999 -9999 -9999 -9999 -9999 -9999 -9999
893 893 892 891 890 888 887 886 883 882 879 877 874 870 867 864 860 856 852 849 846 842 840 839 837 838 839 840 840 841 841 839 837 835 833 831 830 829 828 828 827 827 828 828 828 828 828 828 828 827 827 826 825 823 -9999 -9999 -9999 -9999 -9999 -9999 -9999 -9999 -9999 -9999 -9999 -9999 -9999 -9999 -9999 -9999 -9999 -9999 -9999 -9999 -9999 -9999 -9999 -9999 -9999 -9999 -9999 -9999 -9999 -9999 -9999 -9999 -9999
894 893 893 891 890 889 888 886 884 882 880 877 874 871 867 864 860 856 852 848 844 841 838 837 836 836 838 839 840 841 841 840 839 837 835 833 832 831 830 830 830 830 830 831 830 831 831 831 830 830 829 827 827 -9999 -9999 -9999 -9999 -9999 -9999 -9999 -9999 -9999 -9999 -9999 -9999 -9999 -9999 -9999 -9999 -9999 -9999 -9999 -9999 -9999 -9999 -9999 -9999 -9999 -9999 -9999 -9999 -9999 -9999 -9999 -9999 -9999 -9999
894 894 893 892 891 889 888 886 884 883 880 877 874 871 867 863 860 855 851 847 843 840 837 836 835 836 837 838 840 841 841 841 840 838 836 835 834 833 833 833 833 833 833 834 833 833 833 833 833 832 831 831 -9999 -9999 -9999 -9999 -9999 -9999 -9999 -9999 -9999 -9999 -9999 -9999 -9999 -9999 -9999 -9999 -9999 -9999 -9999 -9999 -9999 -9999 -9999 -9999 -9999 -9999 -9999 -9999 -9999 -9999 -9999 -9999 -9999 -9999 -9999
895 895 894 893 891 890 888 887 885 883 880 877 874 871 867 863 859 855 850 846 842 839 837 835 835 836 837 838 839 841 841 841 840 839 838 837 836 835 835 835 835 836 836 836 837 836 836 835 835 834 834 -9999 -9999 -9999 -9999 -9999 -9999 -9999 -9999 -9999 -9999 -9999 -9999 -9999 -9999 -9999 -9999 -9999 -9999 -9999 -9999 -9999 -9999 -9999 -9999 -9999 -9999 -9999 -9999 -9999 -9999 -9999 -9999 -9999 -9999 -9999 -9999
896 896 894 894 892 891 888 887 885 883 880 877 874 871 867 863 859 854 850 846 842 839 837 836 836 837 837 838 840 841 841 841 841 840 839 838 838 838 838 837 837 838 839 839 840 839 839 839 838 837 -9999 -9999 -9999 -9999 -9999 -9999 -9999 -9999 -9999 -9999 -9999 -9999 -9999 -9999 -9999 -9999 -9999 -9999 -9999 -9999 -9999 -9999 -9999 -9999 -9999 -9999 -9999 -9999 -9999 -9999 -9999 -9999 -9999 -9999 -9999 -9999 -9999
897 896 896 894 893 891 889 887 885 883 880 878 875 871 867 862 858 854 850 846 843 840 838 837 837 838 838 839 840 841 841 841 841 840 840 840 839 839 839 840 840 841 841 841 842 842 842 841 840 -9999 -9999 -9999 -9999 -9999 -9999 -9999 -9999 -9999 -9999 -9999 -9999 -9999 -9999 -9999 -9999 -9999 -9999 -9999 -9999 -9999 -9999 -9999 -9999 -9999 -9999 -9999 -9999 -9999 -9999 -9999 -9999 -9999 -9999 -9999 -9999 -9999 -9999
898 898 896 895 893 892 890 888 885 883 881 878 875 871 867 863 859 855 850 847 844 842 840 839 838 839 840 840 841 842 842 842 842 842 841 841 841 841 842 842 843 843 844 844 844 845 845 844 -9999 -9999 -9999 -9999 -9999 -9999 -9999 -9999 -9999 -9999 -9999 -9999 -9999 -9999 -9999 -9999 -9999 -9999 -9999 -9999 -9999 -9999 -9999 -9999 -9999 -9999 -9999 -9999 -9999 -9999 -9999 -9999 -9999 -9999 -9999 -9999 -9999 -9999 -9999
900 899 898 896 894 892 890 888 886 884 881 878 875 872 868 863 859 855 852 848 845 843 842 840 840 841 841 841 842 843 843 843 843 842 842 843 843 843 843 844 845 846 846 847 847 847 847 -9999 -9999 -9999 -9999 -9999 -9999 -9999 -9999 -9999 -9999 -9999 -9999 -9999 -9999 -9999 -9999 -9999 -9999 -9999 -9999 -9999 -9999 -9999 -9999 -9999 -9999 -9999 -9999 -9999 -9999 -9999 -9999 -9999 -9999 -9999 -9999 -9999 -9999 -9999 -9999
901 900 899 897 895 893 891 889 887 884 882 879 876 872 868 864 860 857 854 850 847 845 844 843 843 843 843 843 844 844 844 844 844 844 844 844 845 845 845 846 847 848 849 849 849 849 -9999 -9999 -9999 -9999 -9999 -9999 -9999 -9999 -9999 -9999 -9999 -9999 -9999 -9999 -9999 -9999 -9999 -9999 -9999 -9999 -9999 -9999 -9999 -9999 -9999 -9999 -9999 -9999 -9999 -9999 -9999 -9999 -9999 -9999 -9999 -9999 -9999 -9999 -9999 -9999 -9999
902 901 899 898 896 894 892 890 888 885 882 879 877 873 870 866 862 858 856 852 850 848 846 845 845 845 845 845 845 846 845 845 846 845 846 846 846 847 847 848 849 849 851 851 851 852 -9999 -9999 -9999 -9999 -9999 -9999 -9999 -9999 -9999 -9999 -9999 -9999 -9999 -9999 -9999 -9999 -9999 -9999 -9999 -9999 -9999 -9999 -9999 -9999 -9999 -9999 -9999 -9999 -9999 -9999 -9999 -9999 -9999 -9999 -9999 -9999 -9999 761 -9999 -9999 -9999
902 902 901 899 897 895 893 891 888 886 883 881 878 875 871 868 865 861 858 855 853 851 850 849 848 848 848 848 848 848 847 847 847 847 848 848 848 849 849 851 851 852 853 853 854 855 -9999 -9999 -9999 -9999 -9999 -9999 -9999 -9999 -9999 -9999 -9999 -9999 -9999 -9999 -9999 -9999 -9999 -9999 -9999 -9999 -9999 -9999 -9999 -9999 -9999 -9999 -9999 -9999 -9999 -9999 -9999 -9999 -9999 -9999 -9999 769 768 765 763 761 757
903 902 902 900 899 896 894 892 889 887 884 882 879 876 873 870 867 864 861 859 856 855 853 852 851 850 850 851 850 850 850 849 849 850 849 850 850 851 851 853 853 854 855 856 857 -9999 -9999 -9999 -9999 -9999 -9999 -9999 -9999 -9999 -9999 -9999 -9999 -9999 -9999 -9999 -9999 -9999 -9999 -9999 -9999 -9999 -9999 -9999 -9999 -9999 -9999 -9999 -9999 -9999 -9999 -9999 -9999 -9999 778 777 775 773 771 769 766 763 760
903 903 902 901 899 897 895 893 890 888 886 883 880 878 875 872 869 867 864 861 860 858 857 855 854 854 853 853 853 853 852 852 852 852 852 852 853 853 854 854 856 857 858 859 860 -9999 -9999 -9999 -9999 -9999 -9999 -9999 -9999 -9999 -9999 -9999 -9999 -9999 -9999 -9999 -9999 -9999 -9999 -9999 -9999 -9999 -9999 -9999 -9999 -9999 -9999 -9999 -9999 -9999 -9999 -9999 -9999 783 782 781 778 776 773 771 767 766 763
904 903 903 902 900 898 896 894 892 889 887 884 882 879 877 874 872 869 866 864 862 861 860 858 857 856 856 856 856 855 855 854 854 854 854 854 855 856 856 857 858 860 861 862 862 -9999 -9999 -9999 -9999 -9999 -9999 -9999 -9999 -9999 -9999 -9999 -9999 -9999 -9999 -9999 -9999 -9999 -9999 -9999 -9999 -9999 -9999 -9999 -9999 -9999 -9999 -9999 -9999 -9999 -9999 -9999 787 786 785 783 781 778 776 773 769 766 764
904 904 903 902 901 900 897 895 893 891 888 886 883 881 878 876 873 871 869 867 865 863 862 861 860 859 859 858 858 857 857 857 857 857 857 857 857 858 858 860 861 862 863 864 866 -9999 -9999 -9999 -9999 -9999 -9999 -9999 -9999 -9999 -9999 -9999 -9999 -9999 -9999 -9999 -9999 -9999 -9999 -9999 -9999 -9999 -9999 -9999 -9999 -9999 -9999 -9999 -9999 -9999 -9999 790 789 789 786 785 783 780 777 773 770 768 766
903 904 904 903 902 900 898 896 894 892 890 887 885 883 880 878 875 873 871 869 867 866 865 863 862 861 861 860 860 860 860 859 859 859 859 859 859 859 861 862 863 864 866 867 868 -9999 -9999 -9999 -9999 -9999 -9999 -9999 -9999 -9999 -9999 -9999 -9999 -9999 -9999 -9999 -9999 -9999 -9999 -9999 -9999 -9999 -9999 -9999 -9999 -9999 -9999 -9999 -9999 -9999 -9999 793 791 790 789 786 784 781 777 774 771 768 766
903 904 904 903 902 901 900 897 895 894 891 889 887 884 881 879 877 875 873 871 869 868 867 866 865 864 863 862 862 862 862 862 861 861 861 861 861 862 862 863 865 866 867 868 870 -9999 -9999 -9999 -9999 -9999 -9999 -9999 -9999 -9999 -9999 -9999 -9999 -9999 -9999 -9999 -9999 -9999 -9999 -9999 -9999 -9999 -9999 -9999 -9999 -9999 -9999 -9999 -9999 -9999 795 794 793 791 790 787 785 782 778 774 772 769 767
902 903 904 904 903 902 901 899 897 894 893 890 889 886 884 881 879 877 875 873 872 870 869 868 867 866 866 864 864 864 864 863 863 862 862 862 862 863 864 865 866 867 868 869 871 -9999 -9999 -9999 -9999 -9999 -9999 -9999 -9999 -9999 -9999 -9999 -9999 -9999 -9999 -9999 -9999 -9999 -9999 -9999 -9999 -9999 -9999 -9999 -9999 -9999 -9999 -9999 -9999 -9999 797 796 794 793 791 788 786 782 779 775 772 769 767
901 902 903 904 904 903 902 900 898 896 894 892 890 888 886 883 881 879 877 876 874 872 871 870 869 869 867 866 866 865 865 865 863 863 863 863 863 863 864 864 866 867 868 869 -9999 -9999 -9999 -9999 -9999 -9999 -9999 -9999 -9999 -9999 -9999 -9999 -9999 -9999 -9999 -9999 -9999 -9999 -9999 -9999 -9999 -9999 -9999 -9999 -9999 -9999 -9999 -9999 -9999 -9999 798 796 795 793 791 789 785 782 779 774 772 769 767
900 902 903 904 904 903 902 901 899 897 895 893 892 889 887 885 883 881 880 878 876 875 873 872 871 871 869 868 867 867 866 865 865 864 864 863 863 863 863 863 864 865 866 867 -9999 -9999 -9999 -9999 -9999 -9999 -9999 -9999 -9999 -9999 -9999 -9999 -9999 -9999 -9999 -9999 -9999 -9999 -9999 -9999 -9999 -9999 -9999 -9999 -9999 -9999 -9999 -9999 -9999 801 799 797 795 794 791 788 786 782 778 775 772 769 768
898 901 902 903 904 904 903 902 901 899 897 895 893 892 889 887 885 884 882 880 879 877 876 874 874 872 871 870 869 867 867 866 865 864 864 863 862 861 861 861 863 863 864 -9999 -9999 -9999 -9999 -9999 -9999 -9999 -9999 -9999 -9999 -9999 -9999 -9999 -9999 -9999 -9999 -9999 -9999 -9999 -9999 -9999 -9999 -9999 -9999 -9999 -9999 -9999 -9999 -9999 806 803 800 797 796 793 791 788 785 782 778 776 773 770 769
897 899 901 903 903 904 904 902 902 900 898 897 895 893 891 889 888 886 885 883 881 880 879 877 876 874 873 871 870 868 867 866 865 864 862 861 860 860 859 859 860 861 862 -9999 -9999 -9999 -9999 -9999 -9999 -9999 -9999 -9999 -9999 -9999 -9999 -9999 -9999 -9999 -9999 -9999 -9999 -9999 -9999 -9999 -9999 -9999 -9999 -9999 -9999 -9999 -9999 810 808 804 801 799 796 793 790 788 784 781 779 776 773 771 770
