Capas/FUTURO/Eje_30s/ASC/bio_14.asc
ncols         993
nrows         433
xllcorner     -105.25566776747
yllcorner     17.599810932142
cellsize      0.0083333333
NODATA_value  -9999
[rows 164 to 204 of 433, columns 658 to 751 of 993]
90 92 93 94 94 95 95 95 94 95 96 98 99 100 100 100 102 102 101 100 99 97 95 93 91 90 89 88 87 88 90 91 92 93 93 92 90 89 86 85 83 82 81 79 79 79 79 79 78 77 76 74 72 71 70 70 71 72 72 71 70 70 70 69 67 65 62 60 59 57 57 58 57 57 58 57 57 56 54 53 51 50 47 48 46 45 44 43 43 42 42 42 41 41
89 91 92 93 94 94 95 94 94 95 95 97 98 100 100 102 103 104 104 103 102 100 98 96 94 92 91 90 89 89 90 91 92 92 91 90 89 87 85 84 83 81 80 79 79 79 79 79 79 77 76 74 73 71 70 70 71 72 72 72 70 69 68 68 66 64 62 60 58 57 57 56 56 56 56 56 56 55 53 52 49 48 47 46 46 45 44 43 42 42 42 42 41 41
88 90 91 92 93 93 93 93 93 94 94 96 97 98 100 101 103 103 104 104 104 102 100 99 96 95 93 92 91 91 91 91 91 91 90 88 86 86 85 84 83 81 80 79 79 79 80 80 79 78 76 75 74 72 71 71 71 72 72 72 71 70 69 68 66 64 62 60 58 57 56 55 55 55 54 54 54 52 51 50 49 48 46 46 45 44 44 43 42 42 42 42 41 41
88 89 91 91 92 92 92 92 92 92 93 95 96 97 99 101 103 103 103 104 104 104 103 101 99 97 96 95 94 94 93 93 91 89 88 86 85 84 85 84 83 82 81 80 80 81 81 81 80 78 77 76 75 74 73 72 72 72 73 73 72 72 71 69 67 65 63 61 59 57 56 55 54 54 53 53 52 51 50 49 48 47 46 45 45 44 43 43 43 42 42 42 41 41
87 89 90 91 92 92 91 91 90 91 92 93 94 95 97 99 101 103 104 104 103 104 103 102 101 99 99 98 98 97 96 95 93 90 88 87 85 85 84 84 83 82 82 81 81 82 82 81 80 78 78 77 76 76 74 73 73 74 74 74 74 73 72 71 68 67 64 62 60 58 56 55 54 53 52 52 51 50 50 49 48 47 46 45 45 44 44 43 43 42 42 42 42 42
88 89 91 92 92 92 91 90 90 89 90 91 91 93 95 97 99 101 102 103 103 102 103 102 102 102 102 101 101 100 99 97 95 92 89 87 86 86 84 83 83 83 83 82 82 82 82 81 80 79 79 78 77 77 76 75 75 76 76 76 76 75 74 73 71 68 66 63 61 59 57 55 54 53 52 51 51 50 49 49 48 47 46 46 45 44 44 43 43 42 42 42 42 42
88 91 92 93 93 92 92 90 90 89 89 89 89 91 93 94 96 99 100 101 101 102 102 103 103 103 104 104 104 103 102 99 96 94 90 88 87 86 85 84 83 84 83 83 83 83 83 81 80 80 80 79 78 78 77 77 78 78 78 79 78 78 76 75 73 70 68 65 63 60 58 56 55 53 52 52 51 50 49 49 48 47 47 46 45 45 44 44 43 42 42 42 42 42
90 93 94 95 95 94 93 92 91 90 89 88 88 89 91 92 94 96 98 99 100 101 101 102 103 105 106 106 105 104 102 101 98 95 91 89 88 87 86 85 84 83 84 84 84 84 83 82 81 81 80 79 79 79 79 80 80 80 81 81 81 81 79 77 75 72 70 67 65 61 59 57 55 54 53 52 51 50 50 49 48 48 47 46 45 45 44 44 43 42 42 42 42 42
92 95 97 97 97 96 95 94 92 91 89 88 88 88 89 90 92 94 96 98 99 100 101 103 105 105 106 106 105 104 103 102 99 95 92 90 89 88 87 86 85 85 85 84 85 84 84 83 82 82 81 80 80 81 81 81 82 83 84 84 84 84 82 80 77 74 71 68 65 62 60 58 56 55 54 53 52 51 50 50 49 48 47 47 46 45 44 44 43 42 42 42 41 -9999
95 97 99 100 100 99 98 97 95 93 91 89 88 88 88 88 90 92 94 96 98 100 101 103 105 106 107 106 106 105 103 101 98 95 92 91 89 88 87 87 86 86 85 85 85 85 85 84 83 82 82 81 81 82 82 83 84 85 86 87 87 86 84 81 78 75 72 68 66 63 61 59 57 56 55 54 53 52 51 50 49 49 48 47 46 45 45 44 43 43 42 42 -9999 -9999
97 99 102 103 102 101 100 99 97 95 92 91 89 88 87 87 89 91 94 96 98 100 101 104 105 106 107 106 106 106 104 102 99 95 93 92 90 89 88 87 87 86 86 86 85 85 85 85 83 83 82 82 82 83 84 84 85 86 87 88 88 87 85 83 79 76 72 69 66 64 62 60 58 57 55 54 53 52 52 51 50 49 48 48 47 46 45 44 44 43 42 -9999 -9999 -9999
98 101 104 105 104 103 103 101 99 96 94 92 90 89 88 88 90 92 94 96 98 100 102 104 105 106 106 107 107 106 105 102 99 96 94 92 91 89 88 88 87 87 86 86 86 85 85 85 84 83 83 83 83 83 84 86 85 86 87 88 88 87 85 82 80 76 72 69 66 64 62 60 59 57 56 55 54 53 52 51 51 50 49 48 47 46 45 45 44 43 -9999 -9999 -9999 -9999
96 101 104 105 105 105 104 102 100 98 96 93 91 89 88 89 90 92 94 96 98 100 102 104 105 106 107 108 107 105 103 101 99 96 94 92 91 90 89 88 88 87 87 86 86 86 85 85 85 84 83 83 83 84 85 85 85 85 86 87 87 85 84 81 79 76 73 69 67 64 63 61 59 58 57 56 55 54 53 52 51 50 49 49 48 47 46 45 44 -9999 -9999 -9999 -9999 -9999
93 98 101 103 104 104 104 102 101 99 96 92 90 89 89 90 91 92 94 97 99 101 103 104 105 106 107 107 106 105 103 101 99 96 94 93 91 90 89 88 88 87 87 87 87 86 86 85 84 84 83 83 83 84 84 84 83 83 84 85 85 83 82 80 78 75 72 69 66 64 62 61 59 58 57 56 55 55 54 53 52 51 50 49 48 47 46 45 -9999 -9999 -9999 -9999 -9999 -9999
91 94 97 100 101 101 102 101 100 99 96 92 90 89 89 90 91 93 95 98 100 102 104 105 106 107 107 107 106 105 103 101 99 97 95 93 92 90 89 89 88 88 87 87 87 87 86 85 85 83 83 83 84 84 82 82 82 82 82 82 82 81 79 78 76 73 71 68 66 64 62 61 60 59 58 57 56 56 55 54 53 52 51 50 49 48 47 -9999 -9999 -9999 -9999 -9999 -9999 -9999
88 91 94 96 98 99 99 99 99 98 96 92 90 89 89 90 91 93 95 98 101 103 105 106 107 107 108 107 106 105 103 100 98 97 95 93 92 91 90 89 88 88 88 88 87 87 86 86 85 84 83 83 83 82 82 80 79 79 79 79 79 78 77 75 73 71 69 67 65 64 62 61 60 59 58 58 58 57 56 55 54 52 51 50 49 48 -9999 -9999 -9999 -9999 -9999 -9999 -9999 -9999
85 88 91 93 94 96 97 97 97 96 95 92 90 91 91 91 92 94 96 98 101 103 106 107 108 108 108 108 107 105 103 100 98 97 95 93 92 91 90 89 89 89 88 88 88 87 87 86 85 84 83 82 82 81 80 79 77 77 76 77 76 75 74 72 71 69 68 67 65 64 62 61 60 59 58 58 58 58 57 56 54 53 51 50 49 -9999 -9999 -9999 -9999 -9999 -9999 -9999 -9999 -9999
83 86 88 90 91 93 94 94 94 93 91 90 90 90 91 91 92 94 97 99 101 104 106 108 109 109 109 109 107 105 103 101 99 97 96 94 93 92 90 90 89 89 89 88 88 88 87 86 85 84 83 82 81 80 79 78 76 75 75 74 73 72 71 70 69 68 67 66 65 64 62 61 60 59 58 58 58 58 57 56 54 53 52 51 -9999 -9999 -9999 -9999 -9999 -9999 -9999 -9999 -9999 -9999
82 83 85 87 88 90 90 91 91 89 88 88 89 89 90 91 92 95 97 100 102 105 107 108 110 111 110 110 108 107 105 103 100 98 96 95 94 92 91 90 90 89 89 89 88 88 87 87 86 85 84 82 81 81 79 78 77 75 74 73 72 71 71 70 69 68 67 66 65 64 62 61 60 59 58 58 58 57 56 55 54 53 52 51 -9999 -9999 -9999 -9999 -9999 -9999 -9999 -9999 -9999 -9999
80 82 83 84 86 87 88 88 88 87 87 87 87 88 89 90 91 94 96 99 102 105 107 109 110 112 112 111 110 108 107 105 102 100 98 96 95 93 92 91 90 90 90 89 89 88 88 87 86 85 84 83 82 81 80 79 77 76 74 73 72 72 71 70 69 68 67 66 65 64 63 61 60 59 58 58 57 56 55 55 54 53 52 51 -9999 -9999 -9999 -9999 -9999 -9999 -9999 -9999 -9999 -9999
79 80 81 82 83 84 85 85 85 85 85 86 86 87 88 89 91 93 96 99 102 105 108 110 111 113 113 113 112 111 109 107 105 102 100 97 96 94 93 92 91 90 90 90 89 89 89 88 87 86 85 84 82 81 79 79 78 76 75 74 73 72 71 71 70 68 67 66 65 64 63 62 61 60 59 58 57 56 55 55 54 53 52 -9999 -9999 -9999 -9999 -9999 -9999 -9999 -9999 -9999 -9999 -9999
78 79 80 80 81 82 82 83 83 83 84 84 85 85 87 88 90 92 95 98 101 105 107 110 112 114 115 115 114 113 112 110 107 105 102 100 97 97 95 93 92 92 91 90 90 90 89 88 87 86 85 84 83 82 81 80 79 77 76 75 74 74 72 71 70 68 68 67 66 64 63 62 61 60 59 58 57 56 55 55 54 53 52 -9999 -9999 -9999 -9999 -9999 -9999 -9999 -9999 -9999 -9999 -9999
78 79 79 80 80 81 81 81 82 82 83 83 84 84 85 87 88 91 93 96 100 104 108 111 113 115 117 117 117 116 115 113 111 108 105 102 100 98 97 95 94 93 92 91 91 90 89 89 88 87 86 85 84 82 81 80 80 79 77 76 76 75 73 72 70 69 68 67 66 65 63 62 61 60 59 58 57 56 56 55 54 53 53 -9999 -9999 -9999 -9999 -9999 -9999 -9999 -9999 -9999 -9999 -9999
79 79 79 80 80 80 80 81 81 82 83 83 84 84 85 86 88 90 92 95 98 103 107 111 113 116 118 120 119 120 118 116 115 112 109 106 103 101 98 97 95 94 92 92 91 91 90 89 88 87 86 85 84 83 82 80 79 79 78 77 76 75 74 72 71 70 69 68 67 65 64 62 61 60 59 58 57 57 56 55 55 54 53 -9999 -9999 -9999 -9999 -9999 -9999 -9999 -9999 -9999 -9999 -9999
78 79 79 79 80 80 80 80 81 82 82 83 83 84 84 85 87 90 92 94 98 103 107 110 114 116 120 121 120 122 121 121 119 116 113 110 108 104 101 98 97 95 93 93 92 91 90 89 88 87 86 85 84 83 82 81 80 78 77 76 76 75 74 73 72 71 70 69 67 65 64 62 61 60 59 59 58 57 57 57 56 56 55 -9999 -9999 -9999 -9999 -9999 -9999 -9999 -9999 -9999 -9999 -9999
78 78 78 79 79 80 80 81 81 82 82 82 83 83 84 85 86 88 91 94 97 102 106 110 114 117 121 122 122 122 123 124 123 121 117 114 111 107 104 101 98 97 95 94 92 92 90 89 88 87 86 85 84 83 81 80 79 78 77 76 75 74 74 74 73 72 70 69 67 65 64 63 62 61 60 59 59 59 59 59 58 58 57 -9999 -9999 -9999 -9999 -9999 -9999 -9999 -9999 -9999 -9999 -9999
78 78 79 79 80 80 81 81 82 82 82 83 83 83 84 86 85 87 90 93 97 101 105 110 114 117 122 123 123 124 125 126 126 124 121 118 114 110 107 103 100 97 96 95 93 92 91 90 89 88 86 85 83 82 81 79 78 77 76 77 76 75 74 74 73 72 70 69 67 66 64 63 62 61 61 61 62 62 63 62 62 61 60 -9999 -9999 -9999 -9999 -9999 -9999 -9999 -9999 -9999 -9999 -9999
78 79 79 80 80 81 81 82 82 83 83 83 83 83 84 84 84 86 89 93 97 101 104 110 113 117 121 124 125 125 127 127 127 126 124 121 117 113 109 105 101 98 97 95 93 92 91 90 88 87 86 85 84 82 81 80 78 77 77 77 77 76 75 74 73 72 70 70 68 66 65 64 64 63 62 63 64 65 65 65 65 64 -9999 -9999 -9999 -9999 -9999 -9999 -9999 -9999 -9999 -9999 -9999 -9999
79 79 80 80 81 81 82 83 83 84 84 84 84 84 84 84 84 86 89 92 97 101 104 108 112 116 120 124 126 127 128 128 127 127 126 123 119 115 111 106 103 100 97 96 94 92 91 90 89 88 86 85 84 83 81 81 79 78 78 77 77 77 76 74 73 72 71 70 70 68 65 65 64 63 63 65 66 68 69 69 69 68 -9999 -9999 -9999 -9999 -9999 -9999 -9999 -9999 -9999 -9999 -9999 -9999
80 81 81 82 82 82 83 84 85 85 86 86 85 85 84 84 85 87 89 93 96 100 104 109 113 116 120 123 125 128 129 129 130 129 127 126 121 117 112 107 103 100 97 96 94 93 91 90 89 88 86 86 85 83 82 81 80 79 78 78 77 77 76 75 74 73 72 71 70 68 66 65 64 64 65 67 69 71 72 74 73 -9999 -9999 -9999 -9999 -9999 -9999 -9999 -9999 -9999 -9999 -9999 -9999 -9999
81 82 82 83 83 84 84 85 86 87 87 88 87 87 86 86 86 88 90 93 96 100 104 109 114 117 122 124 125 127 129 130 131 130 129 127 123 119 114 110 105 101 98 95 94 93 91 90 89 87 86 86 85 84 83 82 81 80 79 78 77 76 76 75 74 73 72 71 70 68 66 65 65 65 66 67 69 71 73 74 75 -9999 -9999 -9999 -9999 -9999 -9999 -9999 -9999 -9999 -9999 -9999 -9999 -9999
82 83 83 84 84 85 86 87 88 89 89 89 89 89 88 87 87 89 90 93 96 100 104 108 114 118 121 124 124 126 128 129 130 130 129 126 124 120 117 112 108 104 101 98 96 94 92 90 89 88 87 86 85 84 83 82 81 81 79 78 77 76 76 74 73 71 70 69 68 67 67 67 66 66 67 68 70 70 72 74 -9999 -9999 -9999 -9999 -9999 -9999 -9999 -9999 -9999 -9999 -9999 -9999 -9999 -9999
83 84 84 85 85 86 87 89 91 93 94 93 91 90 90 89 89 90 91 93 96 100 104 109 114 119 120 123 123 125 127 128 130 129 128 126 126 124 120 114 111 107 104 100 97 95 93 92 90 89 88 86 85 84 84 83 82 81 80 80 78 76 73 73 72 70 69 68 67 66 67 67 67 66 67 69 68 69 71 -9999 -9999 -9999 -9999 -9999 -9999 -9999 -9999 -9999 -9999 -9999 -9999 -9999 -9999 -9999
84 85 85 85 86 87 89 92 95 98 98 96 94 92 92 91 91 92 93 94 96 100 104 109 114 116 119 121 122 126 128 129 131 130 129 127 127 126 121 118 114 111 107 102 99 96 94 92 91 89 88 87 86 86 84 83 82 81 81 80 78 75 73 72 72 71 70 68 66 65 66 66 66 67 68 67 67 67 -9999 -9999 -9999 -9999 -9999 -9999 -9999 -9999 -9999 -9999 -9999 -9999 -9999 -9999 -9999 -9999
85 85 85 87 88 89 91 94 97 101 101 99 97 95 94 94 92 92 93 95 97 102 106 109 113 115 118 120 122 126 130 128 130 129 128 129 129 126 123 121 118 114 109 104 101 97 96 94 92 90 88 87 87 87 85 84 83 82 81 80 78 76 74 72 72 72 70 67 66 64 64 63 64 65 65 64 64 -9999 -9999 -9999 -9999 -9999 -9999 -9999 -9999 -9999 -9999 -9999 -9999 -9999 -9999 -9999 -9999 -9999
87 87 87 88 90 91 94 97 100 102 102 101 100 97 95 94 94 94 95 96 98 102 105 109 114 115 118 119 122 124 127 128 129 129 130 130 131 127 125 124 121 117 113 107 103 100 97 95 92 90 89 88 88 87 86 84 83 82 81 79 78 77 76 74 72 71 69 67 65 64 63 62 62 63 63 62 64 66 -9999 -9999 -9999 -9999 -9999 -9999 -9999 -9999 -9999 -9999 -9999 -9999 -9999 -9999 -9999 -9999
89 89 89 89 91 93 95 98 102 103 103 102 100 98 96 96 95 95 96 97 99 102 105 110 112 115 117 119 121 122 124 127 130 129 130 130 130 128 127 127 123 119 115 111 107 103 99 96 94 92 90 90 89 88 87 84 83 81 80 79 78 77 75 74 71 70 68 67 65 64 63 62 61 62 61 61 64 66 -9999 -9999 -9999 -9999 -9999 -9999 -9999 -9999 -9999 -9999 -9999 -9999 -9999 -9999 -9999 -9999
91 90 90 90 91 93 96 99 102 102 102 102 101 99 99 98 97 97 98 99 102 104 106 110 112 114 116 118 120 121 123 126 128 129 129 129 129 129 128 126 125 122 118 114 110 105 101 97 95 93 91 90 90 89 87 84 83 81 80 79 77 76 74 72 70 70 68 67 65 64 62 61 61 60 60 60 62 64 -9999 -9999 -9999 -9999 -9999 -9999 -9999 -9999 -9999 -9999 -9999 -9999 -9999 -9999 -9999 -9999
92 91 91 91 91 93 95 97 99 101 101 101 101 100 100 100 100 100 101 102 103 106 108 110 112 114 115 117 119 121 124 127 128 129 130 130 129 130 130 128 127 123 120 116 111 107 103 100 96 95 93 91 89 88 86 84 82 81 80 79 77 76 74 72 71 69 69 67 65 64 62 61 60 60 59 59 60 61 61 -9999 -9999 -9999 -9999 -9999 -9999 -9999 -9999 -9999 -9999 -9999 -9999 -9999 -9999 -9999
93 92 91 91 91 92 93 95 97 98 99 99 99 99 99 100 100 100 102 103 104 106 108 111 112 113 115 117 119 121 124 126 126 126 129 129 129 129 129 129 127 126 122 118 114 110 107 103 100 97 95 92 89 87 85 84 83 81 80 78 77 75 74 73 71 69 68 66 65 63 62 61 60 60 59 59 59 59 60 -9999 -9999 -9999 -9999 -9999 -9999 -9999 -9999 -9999 -9999 -9999 -9999 -9999 -9999 -9999
93 92 91 91 91 91 92 93 94 95 96 97 97 98 98 98 99 100 101 102 103 105 107 109 110 112 114 115 117 120 123 124 125 126 129 129 127 129 130 130 128 127 122 119 117 114 111 106 104 100 97 92 89 87 86 84 82 81 79 77 76 74 73 72 70 68 67 66 64 63 62 61 60 60 59 58 58 58 59 60 -9999 -9999 -9999 -9999 -9999 -9999 -9999 -9999 -9999 -9999 -9999 -9999 -9999 -9999
