Capas/FUTURO/Eje_30s/ASC/bio_16.asc
ncols         993
nrows         433
xllcorner     -105.25566776747
yllcorner     17.599810932142
cellsize      0.0083333333
NODATA_value  -9999
[rows 180 to 215 of 433, columns 574 to 655 of 993]
5231 5280 5322 5360 5399 5444 5508 5593 5709 5840 5971 6103 6211 6306 6369 6409 6455 6542 6642 6749 6851 6962 7024 7080 7100 7065 7024 6962 6888 6801 6709 6617 6536 6446 6355 6269 6163 6047 5925 5813 5695 5587 5502 5435 5370 5305 5236 5162 5092 5031 4985 4960 4948 4959 4981 5019 5067 5115 5152 5170 5161 5127 5065 4921 4844 4804 4714 4607 4475 4379 4304 4262 4226 4175 4128 4104 4084 4078 4086 4108 4149 4207
5056 5120 5180 5245 5312 5385 5470 5574 5696 5836 5977 6115 6240 6352 6436 6501 6547 6627 6708 6800 6891 6984 7049 7092 7126 7099 7099 7052 6986 6916 6822 6739 6644 6558 6461 6355 6233 6104 5959 5812 5670 5537 5426 5334 5268 5207 5138 5070 5004 4945 4902 4876 4866 4873 4898 4937 4992 5048 5099 5128 5132 5109 5059 4966 4920 4844 4761 4662 4533 4426 4343 4297 4260 4200 4147 4114 4094 4085 4089 4103 4131 4173
4912 4980 5056 5142 5232 5328 5429 5541 5670 5809 5956 6101 6227 6341 6442 6516 6580 6641 6711 6778 6859 6929 6989 7040 7095 7109 7112 7080 7046 6994 6909 6823 6739 6649 6559 6430 6300 6144 5980 5807 5650 5502 5375 5279 5203 5135 5070 5006 4945 4891 4851 4824 4813 4815 4835 4870 4926 4986 5044 5081 5092 5081 5045 5000 4936 4880 4803 4692 4587 4472 4377 4313 4280 4216 4160 4129 4104 4092 4089 4093 4107 4138
4812 4876 4959 5062 5171 5284 5401 5524 5661 5801 5939 6069 6192 6298 6401 6474 6546 6604 6658 6704 6754 6811 6878 6946 7017 7064 7094 7094 7084 7052 6972 6887 6817 6747 6631 6495 6343 6173 5994 5820 5648 5491 5353 5258 5178 5109 5048 4988 4931 4880 4839 4811 4795 4789 4799 4824 4870 4923 4977 5017 5037 5034 5014 4982 4928 4882 4811 4710 4601 4491 4390 4322 4291 4228 4160 4140 4125 4118 4113 4112 4120 4136
4753 4807 4894 5003 5129 5257 5391 5533 5671 5801 5924 6041 6146 6239 6324 6391 6459 6519 6583 6627 6663 6692 6738 6824 6911 7001 7064 7090 7093 7072 7030 6964 6887 6805 6691 6533 6368 6193 6012 5829 5656 5501 5361 5260 5184 5118 5064 5007 4942 4914 4871 4840 4816 4799 4794 4806 4834 4873 4914 4951 4976 4981 4973 4951 4906 4856 4793 4714 4594 4503 4406 4336 4300 4239 4163 4143 4145 4142 4143 4145 4156 4170
4729 4767 4847 4963 5098 5243 5399 5556 5700 5830 5943 6042 6127 6199 6264 6315 6361 6426 6476 6511 6547 6575 6633 6698 6809 6911 6986 7025 7055 7094 7093 7039 6960 6856 6731 6568 6398 6214 6032 5857 5685 5536 5404 5299 5222 5160 5096 5044 4991 4959 4935 4912 4875 4848 4829 4820 4828 4847 4873 4900 4925 4936 4935 4926 4883 4802 4735 4662 4586 4508 4422 4348 4308 4258 4195 4169 4168 4164 4168 4173 4186 4208
4661 4686 4776 4932 5078 5241 5418 5597 5756 5891 5998 6088 6154 6202 6232 6275 6314 6351 6395 6428 6445 6479 6549 6604 6711 6806 6874 6954 7032 7094 7110 7074 7000 6891 6760 6600 6428 6238 6054 5882 5727 5585 5457 5356 5281 5226 5186 5152 5122 5084 5054 4984 4930 4927 4900 4872 4862 4859 4868 4849 4877 4916 4921 4916 4861 4778 4728 4677 4613 4540 4458 4382 4330 4289 4242 4210 4195 4190 4196 4206 4216 4238
4620 4615 4709 4915 5072 5253 5452 5645 5824 5972 6085 6161 6214 6256 6225 6250 6295 6316 6342 6354 6385 6427 6466 6528 6646 6734 6799 6910 7009 7077 7119 7098 7035 6923 6785 6626 6442 6265 6095 5933 5781 5644 5523 5415 5346 5303 5268 5228 5204 5173 5159 5133 5006 4967 4948 4916 4875 4868 4872 4843 4861 4922 4937 4947 4930 4841 4782 4746 4691 4616 4536 4445 4373 4319 4279 4248 4229 4222 4228 4239 4252 4271
4657 4635 4718 4911 5073 5263 5489 5699 5891 6054 6174 6253 6300 6329 6262 6261 6305 6317 6320 6323 6345 6355 6380 6474 6585 6672 6742 6827 6958 7059 7098 7105 7057 6948 6808 6644 6477 6319 6155 5995 5845 5709 5591 5482 5408 5371 5338 5300 5267 5260 5254 5233 5141 5115 5108 5061 4984 4929 4908 4886 4907 4964 4980 4997 5005 4978 4907 4842 4783 4715 4634 4532 4437 4363 4310 4276 4260 4259 4264 4276 4282 4291
-9999 4694 4754 4915 5090 5284 5513 5738 5946 6119 6233 6336 6388 6412 6339 6300 6303 6321 6337 6332 6328 6323 6362 6448 6501 6594 6677 6782 6919 7021 7103 7134 7076 6981 6842 6675 6512 6363 6208 6047 5907 5779 5665 5565 5485 5432 5389 5348 5334 5312 5316 5307 5282 5249 5215 5182 5150 5085 5006 4969 4990 5048 5062 5081 5096 5094 5056 4977 4894 4824 4743 4643 4536 4449 4375 4325 4291 4276 4283 4301 4312 4323
-9999 4760 4812 4958 5109 5299 5534 5772 5989 6174 6317 6419 6469 6504 6426 6372 6351 6352 6363 6369 6343 6355 6396 6432 6477 6545 6638 6769 6904 7045 7147 7179 7137 7043 6910 6742 6584 6422 6246 6095 5968 5845 5727 5626 5544 5480 5431 5396 5373 5354 5351 5346 5332 5322 5314 5298 5278 5255 5172 5105 5111 5162 5166 5185 5206 5222 5194 5142 5057 4955 4865 4765 4655 4561 4480 4416 4367 4336 4323 4332 4347 4360
-9999 -9999 4877 4999 5124 5312 5551 5796 6023 6220 6385 6500 6558 6603 6515 6472 6474 6492 6467 6443 6425 6423 6424 6437 6470 6526 6626 6793 6953 7080 7174 7231 7199 7109 6965 6803 6640 6468 6308 6164 6021 5904 5787 5680 5581 5490 5450 5409 5377 5355 5352 5351 5359 5374 5391 5404 5404 5394 5371 5312 5300 5294 5299 5315 5329 5345 5347 5300 5232 5122 5006 4899 4791 4685 4599 4528 4473 4431 4403 4390 4395 4407
-9999 -9999 4905 5026 5142 5326 5561 5809 6045 6261 6438 6574 6658 6672 6604 6590 6626 6586 6538 6514 6499 6476 6460 6457 6475 6536 6626 6786 6973 7128 7229 7255 7221 7156 7000 6863 6706 6550 6401 6257 6107 5973 5846 5725 5574 5494 5457 5409 5368 5346 5338 5345 5369 5403 5440 5484 5515 5523 5512 5488 5458 5437 5436 5453 5466 5484 5509 5482 5388 5299 5167 5038 4928 4822 4730 4652 4593 4545 4504 4473 4465 4475
-9999 -9999 4889 4994 5159 5327 5573 5832 6082 6306 6493 6641 6738 6789 6755 6697 6732 6695 6638 6596 6565 6533 6519 6512 6526 6576 6649 6785 6964 7118 7221 7306 7294 7197 7065 6958 6810 6645 6502 6338 6190 6042 5904 5767 5628 5538 5470 5405 5353 5321 5316 5329 5367 5421 5488 5554 5600 5628 5633 5619 5595 5572 5563 5571 5587 5620 5645 5624 5543 5467 5350 5186 5066 4969 4872 4787 4719 4664 4614 4572 4550 4551
-9999 -9999 -9999 4965 5122 5314 5563 5848 6127 6362 6545 6698 6798 6853 6882 6795 6796 6814 6767 6730 6673 6630 6620 6601 6620 6669 6741 6827 6964 7111 7236 7315 7285 7236 7157 7032 6898 6745 6568 6408 6256 6109 5969 5830 5697 5584 5487 5405 5342 5300 5294 5313 5361 5430 5509 5586 5656 5711 5731 5730 5713 5690 5677 5685 5696 5715 5757 5766 5719 5620 5510 5383 5237 5123 5016 4929 4850 4788 4733 4686 4657 4653
-9999 -9999 -9999 4978 5143 5374 5650 5924 6173 6433 6624 6777 6873 6928 6964 6894 6897 6912 6881 6848 6796 6750 6724 6705 6720 6753 6811 6879 6990 7119 7234 7298 7297 7286 7221 7115 6991 6828 6662 6501 6340 6183 6035 5888 5749 5622 5507 5412 5335 5291 5279 5299 5345 5424 5513 5599 5682 5753 5793 5806 5796 5777 5765 5766 5779 5808 5836 5850 5839 5760 5679 5577 5449 5290 5165 5069 4991 4921 4861 4814 4788 4782
-9999 -9999 -9999 5044 5245 5513 5794 6050 6299 6516 6708 6857 6958 7017 7037 7006 7015 6988 6953 6921 6876 6836 6807 6792 6795 6810 6845 6923 6980 7061 7163 7248 7273 7264 7208 7134 7052 6926 6772 6612 6439 6271 6108 5952 5801 5661 5535 5424 5331 5272 5259 5280 5325 5400 5493 5585 5677 5749 5807 5835 5836 5824 5816 5816 5829 5853 5885 5914 5917 5914 5855 5753 5626 5484 5321 5215 5136 5064 5000 4959 4932 4909
-9999 -9999 -9999 5165 5405 5672 5914 6167 6407 6620 6799 6935 7028 7085 7108 7103 7082 7051 7011 6967 6925 6877 6855 6856 6864 6884 6914 6945 6992 7042 7106 7195 7270 7290 7268 7211 7135 7005 6859 6705 6540 6365 6193 6025 5864 5709 5569 5443 5331 5261 5235 5246 5283 5354 5444 5557 5642 5713 5773 5811 5819 5818 5819 5827 5841 5871 5912 5959 5990 6012 5994 5900 5798 5671 5523 5384 5287 5206 5151 5115 5083 5037
-9999 -9999 -9999 -9999 5575 5806 6046 6293 6525 6730 6900 7026 7104 7152 7173 7164 7140 7100 7053 7000 6948 6907 6875 6875 6884 6903 6933 6957 6989 7026 7080 7152 7234 7260 7250 7211 7177 7093 6960 6801 6625 6445 6268 6091 5927 5765 5609 5464 5344 5262 5207 5197 5229 5302 5385 5486 5569 5634 5684 5727 5744 5753 5764 5781 5807 5856 5909 5966 6027 6081 6095 6069 5978 5855 5731 5597 5457 5358 5320 5295 5247 5183
-9999 -9999 -9999 -9999 5702 5947 6178 6414 6639 6837 6998 7112 7179 7210 7225 7216 7184 7134 7077 7018 6965 6923 6893 6883 6896 6887 6904 6929 6950 6984 7032 7094 7157 7175 7214 7226 7209 7140 7022 6881 6716 6527 6340 6166 5993 5821 5650 5491 5353 5262 5181 5158 5178 5230 5299 5386 5473 5536 5575 5602 5625 5643 5668 5698 5742 5802 5875 5954 6038 6117 6173 6195 6139 6044 5913 5780 5667 5575 5507 5466 5395 5316
-9999 -9999 -9999 -9999 5873 6079 6300 6521 6736 6924 7070 7175 7234 7252 7255 7242 7207 7156 7094 7033 6977 6933 6909 6898 6900 6887 6878 6874 6891 6915 6967 7016 7050 7105 7160 7209 7243 7212 7115 6966 6798 6617 6434 6247 6058 5874 5691 5525 5374 5257 5173 5127 5125 5149 5208 5274 5342 5397 5428 5451 5474 5504 5540 5587 5649 5727 5821 5922 6028 6140 6232 6263 6230 6168 6070 5956 5852 5749 5670 5635 5510 5429
-9999 -9999 -9999 -9999 6005 6201 6399 6605 6802 6979 7111 7209 7257 7264 7256 7234 7195 7152 7103 7055 7003 6950 6922 6912 6898 6862 6834 6815 6822 6836 6886 6939 6979 7023 7115 7209 7257 7249 7186 7052 6880 6700 6506 6311 6119 5923 5732 5553 5385 5244 5168 5100 5065 5068 5111 5169 5212 5252 5274 5294 5317 5354 5400 5465 5545 5644 5752 5865 5994 6113 6214 6262 6257 6216 6130 6043 5943 5886 5821 5704 5609 5515
-9999 -9999 -9999 -9999 -9999 6291 6469 6655 6839 7004 7132 7218 7221 7200 7239 7216 7189 7158 7125 7073 7030 6985 6944 6907 6878 6817 6773 6726 6730 6744 6765 6812 6873 6980 7081 7184 7273 7293 7225 7107 6947 6750 6560 6367 6171 5975 5779 5588 5410 5261 5160 5074 5024 4998 5017 5062 5095 5117 5129 5144 5167 5206 5260 5338 5435 5547 5672 5799 5926 6049 6145 6197 6218 6189 6132 6062 5986 5969 5881 5780 5681 5585
-9999 -9999 -9999 -9999 -9999 6343 6507 6678 6848 7002 7126 7206 7142 7134 7158 7160 7141 7150 7119 7083 7048 7001 6955 -9999 -9999 -9999 6712 6651 6639 6639 6650 6687 6767 6900 7061 7165 7263 7306 7265 7156 7000 6813 6608 6417 6223 6031 5834 5634 5446 5274 5151 5073 5006 4962 4961 4977 4995 5001 5005 5015 5035 5071 5132 5217 5325 5450 5582 5713 5840 5953 6043 6098 6127 6118 6083 6031 5971 5910 5844 5774 5683 5607
-9999 -9999 -9999 -9999 -9999 -9999 6513 6673 6812 6967 7086 7109 7092 7101 7119 7112 7101 7125 7112 -9999 -9999 -9999 -9999 -9999 -9999 -9999 6644 6565 6547 6536 6548 6583 6690 6832 7011 7163 7246 7303 7288 7196 7041 6858 6650 6460 6270 6073 5884 5688 5497 5299 5150 5088 5007 4955 4932 4926 4919 4913 4900 4900 4928 4962 5022 5112 5223 5353 5491 5616 5731 5828 5910 5969 6003 6012 5995 5961 5917 5863 5799 5747 5678 5602
-9999 -9999 -9999 -9999 -9999 -9999 6507 6644 6781 6913 7005 7044 7062 7092 7116 7118 7122 7128 7111 -9999 -9999 -9999 -9999 -9999 -9999 -9999 -9999 6508 6439 6456 6465 6504 6628 6797 6974 7148 7271 7330 7300 7212 7080 6905 6703 6507 6315 6127 5933 5740 5548 5374 5191 5070 5010 4960 4918 4888 4850 4828 4816 4816 4853 4881 4938 5021 5128 5251 5385 5506 5603 5685 5758 5815 5853 5870 5873 5856 5826 5799 5758 5691 5636 5582
-9999 -9999 -9999 -9999 -9999 -9999 -9999 6626 6763 6882 6967 7020 7058 7099 7122 7134 7155 7149 -9999 -9999 -9999 -9999 -9999 -9999 -9999 -9999 -9999 -9999 6382 6404 6416 6467 6597 6767 6958 7136 7264 7327 7319 7227 7085 6911 6733 6546 6358 6177 5974 5779 5590 5417 5269 5092 4984 4919 4863 4826 4799 4784 4766 4763 4801 4828 4874 4943 5035 5144 5261 5369 5456 5529 5590 5641 5682 5702 5717 5720 5715 5695 5657 5613 5558 5512
-9999 -9999 -9999 -9999 -9999 -9999 -9999 6649 6797 6910 6992 7050 7087 7117 7130 7136 7161 -9999 -9999 -9999 -9999 -9999 -9999 -9999 -9999 -9999 -9999 -9999 6402 6417 6425 6482 6612 6772 6957 7133 7270 7336 7321 7245 7116 6949 6773 6586 6401 6218 6026 5830 5646 5471 5325 5135 5010 4932 4877 4836 4806 4782 4757 4742 4759 4799 4829 4879 4952 5036 5129 5219 5294 5357 5414 5453 5490 5514 5541 5550 5578 5555 5535 5509 5474 5423
-9999 -9999 -9999 -9999 -9999 -9999 -9999 -9999 6941 7026 7077 7116 7133 7144 7150 7152 -9999 -9999 -9999 -9999 -9999 -9999 -9999 -9999 -9999 -9999 -9999 -9999 6490 6472 6493 6566 6688 6828 6989 7152 7289 7346 7318 7247 7129 6976 6795 6609 6427 6251 6068 5882 5700 5529 5369 5182 5064 5002 4966 4916 4861 4820 4788 4762 4753 4765 4808 4838 4886 4945 5012 5081 5143 5198 5245 5278 5309 5333 5355 5377 5406 5408 5409 5392 5377 5319
-9999 -9999 -9999 -9999 -9999 -9999 -9999 -9999 -9999 -9999 7165 7172 7174 7174 7185 -9999 -9999 -9999 -9999 -9999 -9999 -9999 -9999 -9999 -9999 -9999 -9999 -9999 6603 6594 6623 6701 6818 6946 7081 7228 7332 7378 7348 7262 7134 6982 6800 6615 6435 6263 6093 5915 5744 5580 5397 5246 5151 5126 5066 5026 4966 4900 4858 4822 4791 4772 4782 4812 4855 4891 4936 4985 5031 5075 5112 5132 5147 5163 5183 5218 5253 5282 5305 5300 5265 5220
-9999 -9999 -9999 -9999 -9999 -9999 -9999 -9999 -9999 -9999 -9999 -9999 -9999 -9999 -9999 -9999 -9999 -9999 -9999 -9999 -9999 -9999 -9999 -9999 -9999 -9999 -9999 6777 6753 6762 6807 6889 7000 7115 7229 7340 7423 7441 7392 7287 7141 6968 6786 6599 6420 6251 6087 5923 5764 5583 5458 5354 5266 5200 5156 5130 5088 5023 4972 4923 4879 4839 4817 4817 4840 4881 4914 4930 4954 4989 5018 5033 5048 5067 5093 5121 5143 5164 5188 5203 5192 5142
-9999 -9999 -9999 -9999 -9999 -9999 -9999 -9999 -9999 -9999 -9999 -9999 -9999 -9999 -9999 -9999 -9999 -9999 -9999 -9999 -9999 -9999 -9999 -9999 -9999 -9999 -9999 6935 6932 6956 7017 7114 7218 7327 7430 7510 7545 7516 7430 7298 7123 6930 6739 6556 6379 6215 6057 5909 5757 5595 5485 5394 5319 5277 5259 5255 5223 5179 5124 5070 5018 4964 4918 4898 4906 4932 4945 4944 4949 4970 4997 5004 5011 5033 5069 5090 5102 5111 5136 5147 5124 5095
-9999 -9999 -9999 -9999 -9999 -9999 -9999 -9999 -9999 -9999 -9999 -9999 -9999 -9999 -9999 -9999 -9999 -9999 -9999 -9999 -9999 -9999 -9999 -9999 -9999 7135 7110 7102 7124 7173 7249 7357 7448 7550 7636 7687 7678 7596 7461 7283 7079 6869 6669 6477 6303 6146 5999 5861 5727 5578 5501 5420 5366 5357 5365 5384 5392 5368 5317 5273 5233 5171 5098 5049 5038 5050 5048 5043 5022 5020 5031 5030 5037 5090 5136 5151 5147 5140 5150 5134 5111 5113
-9999 -9999 -9999 -9999 -9999 -9999 -9999 -9999 -9999 -9999 -9999 -9999 -9999 -9999 -9999 -9999 -9999 -9999 -9999 -9999 -9999 -9999 -9999 7321 7280 7251 7242 7260 7306 7385 7480 7596 7695 7774 7829 7848 7796 7660 7472 7242 6993 6760 6556 6365 6203 6055 5914 5790 5673 5533 5498 5441 5412 5432 5467 5513 5550 5570 5564 5539 5487 5430 5367 5285 5236 5221 5205 5185 5173 5155 5143 5122 5131 5184 5196 5201 5203 5198 5177 5143 5135 5154
-9999 -9999 -9999 -9999 -9999 -9999 -9999 -9999 -9999 -9999 -9999 -9999 -9999 -9999 -9999 -9999 -9999 -9999 -9999 -9999 -9999 7514 7468 7416 7373 7352 7360 7401 7471 7570 7692 7809 7911 7982 8016 7983 7876 7691 7448 7169 6884 6631 6418 6234 6077 5947 5828 5717 5601 5488 5460 5462 5465 5509 5577 5651 5715 5760 5777 5765 5721 5669 5609 5547 5486 5437 5392 5359 5333 5312 5276 5255 5266 5285 5284 5277 5265 5247 5232 5202 5181 5182
-9999 -9999 -9999 -9999 -9999 -9999 -9999 -9999 -9999 -9999 -9999 -9999 -9999 -9999 -9999 -9999 -9999 -9999 -9999 -9999 7636 7595 7548 7494 7449 7433 7456 7516 7609 7724 7851 7981 8091 8153 8158 8083 7917 7676 7382 7064 6758 6493 6276 6100 5960 5825 5718 5628 5529 5454 5440 5499 5534 5600 5695 5795 5878 5940 5979 5982 5948 5897 5829 5762 5697 5640 5584 5538 5499 5452 5433 5425 5409 5398 5382 5367 5336 5326 5303 5269 5220 5215
