Capas/FUTURO/Eje_30s/ASC/bio_13.asc
ncols         993
nrows         433
xllcorner     -105.25566776747
yllcorner     17.599810932142
cellsize      0.0083333333
NODATA_value  -9999
[rows 72 to 107 of 433, columns 328 to 409 of 993]
2318 2318 2307 2287 2264 2237 2208 2179 2151 2108 2079 2072 2069 2059 2052 2049 2047 2045 2047 2051 2059 2070 -9999 -9999 -9999 -9999 -9999 -9999 -9999 -9999 -9999 -9999 -9999 -9999 -9999 -9999 -9999 -9999 -9999 -9999 -9999 -9999 -9999 -9999 -9999 -9999 -9999 -9999 -9999 -9999 -9999 -9999 -9999 -9999 -9999 -9999 -9999 -9999 -9999 -9999 -9999 -9999 -9999 -9999 -9999 -9999 -9999 -9999 -9999 -9999 -9999 -9999 -9999 -9999 -9999 -9999 -9999 -9999 -9999 -9999 -9999 -9999
2312 2310 2297 2276 2250 2222 2193 2164 2135 2089 2061 2058 2059 2050 2045 2042 2040 2039 2039 2043 2052 2062 2073 2079 -9999 -9999 -9999 -9999 -9999 -9999 -9999 -9999 -9999 -9999 -9999 -9999 -9999 -9999 -9999 -9999 -9999 -9999 -9999 -9999 -9999 -9999 -9999 -9999 -9999 -9999 -9999 -9999 -9999 -9999 -9999 -9999 -9999 -9999 -9999 -9999 -9999 -9999 -9999 -9999 -9999 -9999 -9999 -9999 -9999 -9999 -9999 -9999 -9999 -9999 -9999 -9999 -9999 -9999 -9999 -9999 -9999 -9999
2290 2285 2272 2250 2224 2197 2169 2143 2117 2076 2040 2038 2050 2044 2039 2035 2032 2029 2028 2030 2037 2045 2053 2057 2057 2049 -9999 -9999 -9999 -9999 -9999 -9999 -9999 -9999 -9999 -9999 -9999 -9999 -9999 -9999 -9999 -9999 -9999 -9999 -9999 -9999 -9999 -9999 -9999 -9999 -9999 -9999 -9999 -9999 -9999 -9999 -9999 -9999 -9999 -9999 -9999 -9999 -9999 -9999 -9999 -9999 -9999 -9999 -9999 -9999 -9999 -9999 -9999 -9999 -9999 -9999 -9999 -9999 -9999 -9999 -9999 -9999
2250 2244 2229 2210 2186 2157 2113 2094 2084 2051 2026 2038 2046 2039 2033 2028 2023 2017 2013 2012 2013 2017 2020 2022 2019 2011 1998 1968 -9999 -9999 -9999 -9999 -9999 -9999 -9999 -9999 -9999 -9999 -9999 -9999 -9999 -9999 -9999 -9999 -9999 -9999 -9999 -9999 -9999 -9999 -9999 -9999 -9999 -9999 -9999 -9999 -9999 -9999 -9999 -9999 -9999 -9999 -9999 -9999 -9999 -9999 -9999 -9999 -9999 -9999 -9999 -9999 -9999 -9999 -9999 -9999 -9999 -9999 -9999 -9999 -9999 -9999
2199 2192 2178 2161 2124 2079 2052 2040 2037 2025 2028 2049 2042 2034 2027 2020 2012 2004 1996 1989 1985 1983 1981 1979 1975 1967 1943 1912 1895 1883 1869 -9999 -9999 -9999 -9999 -9999 -9999 -9999 -9999 -9999 -9999 -9999 -9999 -9999 -9999 -9999 -9999 -9999 -9999 -9999 -9999 -9999 -9999 -9999 -9999 -9999 -9999 -9999 -9999 -9999 -9999 -9999 -9999 -9999 -9999 -9999 -9999 -9999 -9999 -9999 -9999 -9999 -9999 -9999 -9999 -9999 -9999 -9999 -9999 -9999 -9999 -9999
2141 2117 2102 2081 2047 2032 2037 2045 2043 2042 2055 2047 2040 2032 2023 2012 2002 1990 1972 1956 1946 1935 1923 1916 1914 1902 1880 1863 1854 1849 1845 1836 1834 1839 1841 1836 -9999 -9999 -9999 -9999 -9999 -9999 -9999 -9999 -9999 -9999 -9999 -9999 -9999 -9999 -9999 -9999 -9999 -9999 -9999 -9999 -9999 -9999 -9999 -9999 -9999 -9999 -9999 -9999 -9999 -9999 -9999 -9999 -9999 -9999 -9999 -9999 -9999 -9999 -9999 -9999 -9999 -9999 -9999 -9999 -9999 -9999
2067 2035 2018 2011 2016 2040 2063 2064 2063 2060 2055 2048 2038 2029 2017 2004 1978 1957 1936 1916 1902 1890 1875 1864 1862 1861 1852 1848 1852 1848 1834 1823 1826 1832 1831 1820 1804 1802 1809 1807 1806 1808 -9999 -9999 -9999 -9999 -9999 -9999 -9999 -9999 -9999 -9999 -9999 -9999 -9999 -9999 -9999 -9999 -9999 -9999 -9999 -9999 -9999 -9999 -9999 -9999 -9999 -9999 -9999 -9999 -9999 -9999 -9999 -9999 -9999 -9999 -9999 -9999 -9999 -9999 -9999 -9999
1979 1970 1975 1990 2025 2039 2050 2057 2061 2059 2054 2030 2010 2002 1992 1969 1941 1924 1907 1886 1868 1857 1844 1839 1849 1859 1855 1852 1864 1859 1851 1830 1826 1832 1827 1819 1791 1771 1782 1790 1788 1788 1791 1794 1799 1804 1809 1813 1818 -9999 -9999 -9999 -9999 -9999 -9999 -9999 -9999 -9999 -9999 -9999 -9999 -9999 -9999 -9999 -9999 -9999 -9999 -9999 -9999 -9999 -9999 -9999 -9999 -9999 -9999 -9999 -9999 -9999 -9999 -9999 -9999 -9999
1926 1944 1966 1988 2001 2017 2033 2047 2054 2056 2026 2009 2000 1997 1990 1964 1927 1904 1890 1873 1856 1842 1830 1829 1843 1854 1847 1842 1854 1853 1849 1844 1838 1831 1823 1812 1792 1758 1755 1767 1773 1772 1774 1778 1783 1790 1798 1805 1813 1822 1816 1824 -9999 -9999 -9999 -9999 -9999 -9999 -9999 -9999 -9999 -9999 -9999 -9999 -9999 -9999 -9999 -9999 -9999 -9999 -9999 -9999 -9999 -9999 -9999 -9999 -9999 -9999 -9999 -9999 -9999 -9999
1898 1925 1944 1952 1965 1991 2012 2029 2040 2028 2003 2002 2010 2015 2001 1985 1939 1903 1889 1880 1865 1845 1828 1822 1829 1839 1843 1848 1854 1850 1845 1839 1832 1825 1815 1803 1779 1742 1731 1735 1740 1746 1744 1742 1753 1760 1765 1772 1784 1799 1823 1850 1864 -9999 -9999 -9999 -9999 -9999 -9999 -9999 -9999 -9999 -9999 -9999 -9999 -9999 -9999 -9999 -9999 -9999 -9999 -9999 -9999 -9999 -9999 -9999 -9999 -9999 -9999 -9999 -9999 -9999
1866 1881 1890 1898 1919 1957 1986 2006 2019 2001 1982 1987 2004 2005 1992 1980 1940 1908 1906 1914 1904 1875 1844 1825 1828 1848 1863 1858 1853 1847 1839 1832 1824 1815 1805 1784 1744 1722 1720 1728 1739 1743 1736 1730 1731 1742 1771 1799 1813 1829 1849 1862 1875 1890 -9999 -9999 -9999 -9999 -9999 -9999 -9999 -9999 -9999 -9999 -9999 -9999 -9999 -9999 -9999 -9999 -9999 -9999 -9999 -9999 -9999 -9999 -9999 -9999 -9999 -9999 -9999 -9999
1842 1845 1849 1863 1899 1937 1959 1978 1991 1982 1960 1960 1970 1982 1981 1957 1922 1914 1933 1946 1935 1906 1860 1838 1845 1872 1867 1859 1850 1841 1825 1807 1811 1801 1791 1749 1719 1716 1724 1734 1743 1744 1743 1743 1741 1758 1793 1809 1826 1842 1855 1868 1880 1892 1903 -9999 -9999 -9999 -9999 -9999 -9999 -9999 -9999 -9999 -9999 -9999 -9999 -9999 -9999 -9999 -9999 -9999 -9999 -9999 -9999 -9999 -9999 -9999 -9999 -9999 -9999 -9999
1841 1837 1837 1847 1874 1916 1933 1949 1962 1946 1932 1930 1932 1931 1925 1914 1906 1916 1940 1949 1935 1899 1868 1858 1868 1883 1873 1859 1829 1800 1777 1768 1781 1785 1768 1727 1710 1721 1735 1734 1731 1731 1738 1751 1762 1781 1796 1812 1828 1841 1853 1862 1870 1880 1887 1895 1899 -9999 -9999 -9999 -9999 -9999 -9999 -9999 -9999 -9999 -9999 -9999 -9999 -9999 -9999 -9999 -9999 -9999 -9999 -9999 -9999 -9999 -9999 -9999 -9999 -9999
1856 1848 1843 1843 1853 1872 1895 1907 1906 1900 1900 1902 1902 1899 1895 1892 1894 1904 1914 1914 1903 1892 1888 1889 1887 1875 1857 1844 1824 1790 1756 1738 1738 1741 1730 1711 1709 1728 1736 1735 1729 1727 1738 1754 1767 1782 1797 1812 1825 1835 1842 1848 1853 1858 1861 1865 1867 1853 -9999 -9999 -9999 -9999 -9999 -9999 -9999 -9999 -9999 -9999 -9999 -9999 -9999 -9999 -9999 -9999 -9999 -9999 -9999 -9999 -9999 -9999 -9999 -9999
1885 1873 1862 1855 1851 1851 1854 1859 1862 1869 1875 1879 1881 1881 1880 1878 1882 1891 1903 1915 1925 1930 1938 1937 1916 1880 1855 1857 1845 1808 1755 1725 1711 1706 1708 1707 1709 1724 1734 1733 1733 1737 1742 1751 1764 1779 1792 1805 1815 1816 1805 1811 1829 1830 1832 1833 1832 1820 1830 -9999 -9999 -9999 -9999 -9999 -9999 -9999 -9999 -9999 -9999 -9999 -9999 -9999 -9999 -9999 -9999 -9999 -9999 -9999 -9999 -9999 -9999 -9999
1931 1916 1898 1882 1869 1859 1852 1850 1852 1855 1860 1863 1866 1867 1867 1868 1878 1905 1943 1975 1990 1998 1994 1979 1951 1903 1865 1853 1839 1798 1752 1725 1711 1705 1708 1713 1714 1718 1727 1730 1730 1733 1737 1744 1755 1768 1780 1791 1795 1782 1775 1783 1799 1802 1802 1801 1801 1799 1797 1795 -9999 -9999 -9999 -9999 -9999 -9999 -9999 -9999 -9999 -9999 -9999 -9999 -9999 -9999 -9999 -9999 -9999 -9999 -9999 -9999 -9999 -9999
2018 1996 1957 1921 1897 1880 1866 1856 1852 1850 1851 1852 1854 1857 1858 1862 1882 1928 1967 1992 2014 2027 2029 2015 1978 1922 1872 1839 1811 1781 1758 1742 1730 1725 1730 1736 1738 1737 1737 1729 1720 1720 1728 1734 1742 1753 1764 1774 1769 1761 1758 1765 1775 1777 1775 1774 1773 1767 1770 1766 1761 -9999 -9999 -9999 -9999 -9999 -9999 -9999 -9999 -9999 -9999 -9999 -9999 -9999 -9999 -9999 -9999 -9999 -9999 -9999 -9999 -9999
2091 2067 2030 1967 1929 1903 1883 1867 1856 1849 1846 1846 1847 1849 1850 1858 1885 1938 1974 2005 2031 2050 2055 2045 2001 1939 1887 1850 1819 1802 1796 1789 1778 1776 1783 1789 1785 1774 1754 1728 1709 1703 1702 1706 1717 1729 1742 1755 1757 1749 1741 1741 1742 1746 1750 1748 1738 1732 1739 1743 1737 1713 -9999 -9999 -9999 -9999 -9999 -9999 -9999 -9999 -9999 -9999 -9999 -9999 -9999 -9999 -9999 -9999 -9999 -9999 -9999 -9999
2128 2100 2071 2008 1955 1923 1898 1877 1861 1850 1845 1843 1843 1843 1844 1855 1885 1942 1974 2008 2037 2058 2066 2057 2001 1948 1909 1882 1864 1860 1868 1868 1861 1865 1861 1850 1835 1816 1774 1735 1710 1695 1686 1685 1692 1704 1725 1743 1749 1745 1733 1723 1716 1713 1714 1712 1709 1712 1718 1723 1718 1687 1658 -9999 -9999 -9999 -9999 -9999 -9999 -9999 -9999 -9999 -9999 -9999 -9999 -9999 -9999 -9999 -9999 -9999 -9999 -9999
2150 2117 2086 2027 1971 1935 1907 1884 1866 1853 1845 1841 1839 1838 1839 1847 1877 1931 1967 2000 2030 2052 2062 2053 1992 1951 1932 1929 1927 1917 1915 1917 1921 1922 1917 1904 1883 1856 1805 1754 1720 1698 1685 1682 1689 1701 1718 1732 1738 1742 1731 1718 1704 1697 1695 1694 1698 1702 1703 1706 1698 1667 1640 1629 -9999 -9999 -9999 -9999 -9999 -9999 -9999 -9999 -9999 -9999 -9999 -9999 -9999 -9999 -9999 -9999 -9999 -9999
2167 2132 2089 2027 1979 1942 1910 1886 1867 1854 1845 1839 1837 1834 1832 1837 1858 1902 1951 1981 2009 2029 2040 2028 1975 1954 1950 1963 1950 1945 1948 1958 1970 1976 1973 1958 1931 1898 1841 1779 1735 1707 1693 1690 1696 1704 1714 1724 1730 1726 1717 1707 1697 1690 1688 1689 1695 1696 1688 1686 1672 1647 1631 1628 1631 -9999 -9999 -9999 -9999 -9999 -9999 -9999 -9999 -9999 -9999 -9999 -9999 -9999 -9999 -9999 -9999 -9999
2143 2097 2050 2009 1973 1941 1913 1888 1867 1852 1843 1837 1834 1832 1830 1832 1841 1868 1917 1952 1974 1993 2003 1978 1952 1952 1967 1962 1959 1963 1973 1989 2008 2020 2021 2004 1974 1934 1873 1805 1753 1721 1708 1708 1711 1710 1714 1717 1710 1704 1699 1695 1691 1686 1684 1687 1694 1695 1685 1674 1654 1633 1625 1630 1641 1636 1609 -9999 -9999 -9999 -9999 -9999 -9999 -9999 -9999 -9999 -9999 -9999 -9999 -9999 -9999 -9999
2087 2049 2015 1984 1958 1931 1907 1885 1868 1855 1846 1841 1836 1833 1828 1826 1828 1840 1864 1896 1923 1935 1929 1920 1922 1939 1949 1950 1956 1970 1987 2007 2034 2054 2058 2043 2010 1964 1897 1830 1772 1734 1718 1717 1708 1706 1708 1703 1694 1693 1695 1694 1689 1684 1681 1683 1690 1695 1693 1681 1651 1627 1617 1621 1636 1635 1624 1585 -9999 -9999 -9999 -9999 -9999 -9999 -9999 -9999 -9999 -9999 -9999 -9999 -9999 -9999
2046 2011 1983 1958 1936 1915 1896 1880 1866 1856 1847 1842 1837 1833 1826 1821 1819 1820 1827 1838 1848 1856 1863 1874 1887 1900 1915 1929 1944 1966 1992 2019 2051 2077 2085 2070 2036 1987 1918 1849 1784 1735 1710 1702 1700 1696 1688 1681 1683 1693 1699 1695 1688 1682 1678 1679 1685 1692 1694 1684 1652 1624 1612 1614 1630 1633 1624 1596 1562 -9999 -9999 -9999 -9999 -9999 -9999 -9999 -9999 -9999 -9999 -9999 -9999 -9999
2005 1976 1951 1931 1914 1898 1884 1872 1861 1853 1846 1841 1836 1830 1824 1817 1812 1810 1809 1809 1811 1816 1826 1835 1843 1853 1871 1901 1925 1955 1988 2021 2056 2087 2099 2086 2051 2000 1927 1849 1775 1720 1687 1671 1666 1663 1661 1664 1675 1689 1693 1687 1679 1676 1677 1680 1685 1688 1689 1678 1646 1620 1609 1612 1629 1629 1621 1591 1561 1555 -9999 -9999 -9999 -9999 -9999 -9999 -9999 -9999 -9999 -9999 -9999 -9999
1963 1939 1921 1905 1892 1882 1872 1863 1857 1850 1844 1838 1833 1827 1820 1812 1806 1802 1797 1794 1791 1789 1790 1792 1796 1808 1832 1867 1899 1934 1973 2012 2048 2083 2098 2087 2044 1983 1906 1823 1751 1701 1669 1651 1645 1646 1650 1655 1665 1674 1677 1673 1669 1671 1678 1683 1686 1687 1685 1669 1640 1616 1605 1605 1619 1625 1613 1578 1557 1551 1548 -9999 -9999 -9999 -9999 -9999 -9999 -9999 -9999 -9999 -9999 -9999
1926 1908 1893 1883 1874 1867 1861 1855 1850 1845 1839 1835 1829 1822 1815 1809 1802 1795 1788 1781 1775 1767 1760 1756 1757 1771 1797 1832 1867 1904 1946 1987 2024 2060 2078 2069 2018 1951 1874 1798 1734 1690 1659 1639 1632 1635 1641 1648 1656 1665 1670 1672 1674 1678 1683 1685 1685 1685 1680 1663 1637 1617 1605 1601 1608 1612 1595 1568 1553 1548 1543 1538 -9999 -9999 -9999 -9999 -9999 -9999 -9999 -9999 -9999 -9999
1895 1882 1873 1866 1860 1855 1851 1847 1843 1838 1834 1829 1823 1817 1811 1804 1797 1789 1781 1771 1761 1749 1739 1732 1729 1739 1761 1797 1829 1864 1904 1945 1982 2014 2034 2029 1967 1906 1842 1778 1722 1680 1649 1629 1623 1630 1639 1649 1662 1677 1689 1699 1704 1707 1707 1706 1702 1698 1691 1672 1647 1627 1613 1602 1598 1593 1579 1562 1552 1548 1542 1537 1532 -9999 -9999 -9999 -9999 -9999 -9999 -9999 -9999 -9999
1871 1862 1857 1852 1848 1845 1843 1840 1836 1832 1828 1823 1817 1812 1805 1798 1791 1783 1774 1763 1750 1737 1724 1713 1705 1705 1718 1744 1783 1818 1854 1891 1926 1954 1975 1967 1904 1856 1808 1759 1712 1672 1644 1630 1632 1642 1656 1674 1696 1719 1740 1755 1763 1765 1763 1760 1757 1754 1744 1709 1671 1645 1625 1609 1595 1584 1571 1560 1554 1548 1543 1538 1533 1528 -9999 -9999 -9999 -9999 -9999 -9999 -9999 -9999
1852 1847 1844 1840 1838 1836 1835 1832 1829 1825 1821 1817 1811 1806 1800 1793 1786 1777 1767 1756 1742 1727 1713 1698 1687 1679 1678 1690 1718 1763 1798 1830 1860 1886 1906 1898 1845 1809 1775 1741 1705 1671 1650 1645 1653 1668 1689 1717 1752 1785 1815 1837 1849 1852 1848 1840 1831 1820 1798 1749 1701 1668 1642 1619 1600 1585 1573 1564 1557 1551 1547 1541 1535 1531 1528 1527 -9999 -9999 -9999 -9999 -9999 -9999
1838 1835 1832 1830 1828 1826 1825 1823 1820 1818 1815 1811 1807 1802 1796 1790 1782 1773 1762 1749 1735 1718 1702 1686 1672 1659 1651 1653 1667 1695 1725 1755 1792 1816 1836 1823 1792 1774 1754 1728 1701 1679 1667 1669 1679 1698 1729 1771 1821 1869 1911 1940 1955 1959 1951 1931 1900 1866 1830 1780 1733 1696 1663 1636 1613 1599 1587 1574 1564 1558 1553 1546 1541 1535 1531 1529 1528 -9999 -9999 -9999 -9999 -9999
1827 1823 1821 1819 1818 1817 1816 1813 1812 1810 1809 1805 1803 1798 1794 1787 1779 1769 1757 1744 1728 1711 1693 1676 1660 1646 1635 1629 1630 1639 1654 1674 1706 1741 1756 1752 1751 1758 1755 1734 1709 1693 1688 1693 1706 1733 1776 1836 1898 1953 1999 2034 2054 2059 2048 2026 1980 1929 1882 1828 1775 1728 1689 1657 1635 1628 1619 1596 1576 1567 1560 1553 1547 1540 1536 1533 1532 1532 -9999 -9999 -9999 -9999
1815 1811 1810 1809 1808 1806 1806 1805 1804 1803 1803 1800 1799 1796 1791 1786 1778 1767 1755 1740 1723 1705 1687 1669 1652 1638 1626 1617 1612 1611 1613 1622 1640 1664 1685 1701 1721 1741 1741 1736 1714 1701 1699 1710 1733 1773 1831 1895 1964 2031 2086 2125 2146 2148 2133 2106 2064 2007 1958 1895 1825 1763 1716 1680 1664 1669 1653 1627 1589 1574 1567 1560 1553 1546 1540 1538 1536 1535 1537 -9999 -9999 -9999
1803 1801 1798 1797 1796 1796 1796 1796 1797 1797 1797 1797 1797 1794 1791 1787 1779 1768 1755 1739 1721 1700 1682 1663 1646 1633 1622 1611 1603 1596 1594 1595 1605 1621 1638 1657 1679 1703 1710 1714 1703 1695 1700 1720 1757 1814 1871 1945 2025 2102 2162 2203 2224 2224 2205 2173 2130 2075 2018 1951 1870 1797 1743 1703 1685 1687 1668 1638 1599 1583 1575 1566 1559 1551 1546 1542 1539 1539 1539 1542 -9999 -9999
1791 1789 1787 1784 1784 1785 1786 1787 1789 1790 1792 1793 1795 1796 1794 1790 1782 1770 1755 1738 1719 1697 1678 1659 1643 1631 1619 1609 1599 1591 1585 1583 1584 1590 1597 1610 1628 1652 1673 1682 1680 1682 1698 1729 1778 1834 1899 1982 2072 2155 2219 2262 2282 2279 2259 2225 2179 2125 2058 1983 1899 1824 1770 1727 1701 1686 1665 1631 1605 1592 1583 1573 1564 1556 1550 1546 1543 1541 1542 1543 1549 1557
1781 1777 1774 1771 1772 1774 1776 1778 1780 1782 1786 1790 1800 1811 1814 1802 1786 1771 1756 1738 1718 1696 1676 1656 1641 1631 1620 1610 1602 1593 1586 1580 1577 1575 1574 1579 1590 1609 1630 1648 1659 1673 1699 1740 1792 1845 1915 2002 2096 2181 2247 2290 2310 2309 2289 2254 2207 2153 2085 2013 1931 1853 1794 1753 1724 1701 1672 1639 1616 1602 1592 1579 1569 1561 1555 1550 1546 1545 1545 1546 1554 1564
