Capas/FUTURO/Eje_30s/ASC/bio_03.asc
ncols         993
nrows         433
xllcorner     -105.25566776747
yllcorner     17.599810932142
cellsize      0.0083333333
NODATA_value  -9999
[rows 180 to 209 of 433, columns 670 to 736 of 993]
6.563574 6.534188 6.505102 6.526361 6.493232 6.489001 6.481481 6.461474 6.4375 6.409618 6.405473 6.40264 6.406766 6.40264 6.387521 6.37931 6.39573 6.399836 6.443894 6.456271 6.424467 6.460396 6.456271 6.456271 6.440886 6.432677 6.428571 6.452146 6.460396 6.436781 6.464522 6.424467 6.460396 6.460396 6.460396 6.452146 6.456271 6.44802 6.416256 6.435644 6.463515 6.45937 6.419142 6.455224 6.431518 6.451078 6.431518 6.446932 6.415016 6.427392 6.463515 6.45937 6.45937 6.455224 6.463515 6.439769 6.475954 6.44802 6.475954 6.456271 6.436781 6.436781 6.449097 6.457307 6.417483 6.433824 6.441994
6.534188 6.538461 6.513606 6.493232 6.501692 6.473063 6.457286 6.433333 6.453099 6.405473 6.413764 6.406766 6.398515 6.3711 6.383416 6.399836 6.403941 6.427392 6.435644 6.443894 6.452146 6.44802 6.44802 6.456271 6.420362 6.420362 6.464522 6.424467 6.436781 6.460396 6.436781 6.420362 6.416256 6.456271 6.420362 6.44802 6.44802 6.439769 6.4801 6.431518 6.471808 6.455224 6.463515 6.45937 6.45937 6.467662 6.451078 6.446932 6.451078 6.446932 6.451078 6.45937 6.451078 6.467662 6.431518 6.431518 6.471808 6.44802 6.443894 6.452146 6.468647 6.432677 6.472772 6.449097 6.425654 6.433824 6.429739
6.563574 6.563574 6.547009 6.517858 6.501692 6.477273 6.444724 6.425 6.425 6.4375 6.405473 6.406766 6.40264 6.387521 6.39573 6.39573 6.423267 6.408046 6.439769 6.416256 6.443894 6.432677 6.456271 6.424467 6.424467 6.428571 6.428571 6.424467 6.436781 6.468647 6.436781 6.409314 6.432677 6.424467 6.420362 6.452146 6.456271 6.4801 6.44802 6.475954 6.467662 6.467662 6.5 6.463515 6.455224 6.45937 6.479167 6.451078 6.479167 6.4875 6.4875 6.455224 6.451078 6.45937 6.45937 6.463515 6.45937 6.475954 6.44802 6.471808 6.460396 6.460396 6.460396 6.436781 6.440886 6.425654 6.429739
6.6019 6.563574 6.585052 6.542735 6.551282 6.510152 6.481481 6.425 6.429166 6.405473 6.417911 6.382013 6.410891 6.37931 6.368464 6.399836 6.39573 6.399836 6.416256 6.412151 6.44802 6.44802 6.424467 6.428571 6.468647 6.496684 6.440886 6.424467 6.436781 6.440886 6.405229 6.432677 6.424467 6.424467 6.420362 6.416256 6.456271 6.456271 6.4801 6.467662 6.467662 6.463515 6.451078 6.451078 6.467662 6.483334 6.483334 6.491666 6.451078 6.442786 6.475 6.479167 6.4875 6.4875 6.455224 6.45937 6.467662 6.471808 6.475954 6.452146 6.452146 6.456271 6.452146 6.468647 6.468647 6.449097 6.449097
6.606218 6.597582 6.580756 6.559829 6.564103 6.530612 6.510152 6.461474 6.433333 6.405473 6.422057 6.36289 6.394389 6.391625 6.391625 6.372549 6.403941 6.376634 6.403941 6.384804 6.412151 6.424467 6.428571 6.424467 6.456271 6.472772 6.449097 6.440886 6.444992 6.464522 6.401144 6.401144 6.436781 6.424467 6.428571 6.420362 6.452146 6.44802 6.44802 6.471808 6.463515 6.4801 6.483334 6.479167 6.463515 6.483334 6.463515 6.4875 6.446932 6.451078 6.479167 6.455224 6.455224 6.4875 6.4875 6.483334 6.467662 6.491666 6.475954 6.443894 6.471808 6.456271 6.452146 6.460396 6.472772 6.453202 6.436781
6.6019 6.6019 6.614853 6.593642 6.564103 6.539116 6.510152 6.494108 6.405473 6.409618 6.430348 6.406766 6.343954 6.348039 6.356209 6.372549 6.384804 6.39573 6.388889 6.353659 6.384804 6.388889 6.428571 6.456271 6.452146 6.460396 6.436781 6.449097 6.444992 6.405229 6.397059 6.440886 6.436781 6.401144 6.456271 6.464522 6.452146 6.44802 6.463515 6.475954 6.463515 6.471808 6.463515 6.483334 6.4875 6.491666 6.479167 6.4875 6.483334 6.479167 6.491666 6.475 6.4875 6.483334 6.483334 6.483334 6.491666 6.463515 6.467662 6.471808 6.4801 6.4801 6.456271 6.4801 6.464522 6.468647 6.440886
6.593264 6.631944 6.610536 6.614853 6.593642 6.606529 6.547619 6.539763 6.502525 6.441667 6.426202 6.3711 6.352124 6.329268 6.325203 6.333333 6.372549 6.345529 6.349593 6.416256 6.392974 6.388889 6.436781 6.476897 6.436781 6.440886 6.456271 6.444992 6.405229 6.397059 6.409314 6.464522 6.397059 6.424467 6.424467 6.420362 6.44802 6.44802 6.475954 6.467662 6.467662 6.475954 6.495833 6.479167 6.495833 6.491666 6.45937 6.483334 6.483334 6.455224 6.479167 6.507538 6.4875 6.520101 6.4875 6.4875 6.471808 6.467662 6.495833 6.475954 6.475954 6.475954 6.4801 6.4801 6.460396 6.464522 6.472772
6.636285 6.593264 6.614853 6.614853 6.589347 6.568376 6.581197 6.564626 6.539763 6.441667 6.426202 6.331699 6.317073 6.302589 6.302589 6.306634 6.376634 6.31877 6.376634 6.380719 6.357724 6.392974 6.428571 6.401144 6.436781 6.440886 6.436781 6.413399 6.444992 6.401144 6.464522 6.405229 6.432677 6.436781 6.428571 6.460396 6.44802 6.452146 6.452146 6.475954 6.471808 6.5 6.491666 6.471808 6.4875 6.4875 6.483334 6.483334 6.479167 6.455224 6.4875 6.491666 6.515913 6.4875 6.4875 6.491666 6.491666 6.463515 6.463515 6.495833 6.495833 6.475954 6.4801 6.484245 6.475954 6.456271 6.468647
6.666667 6.649306 6.644965 6.619171 6.602234 6.572649 6.547619 6.556123 6.539763 6.474037 6.398515 6.375205 6.304878 6.290453 6.233974 6.268116 6.322816 6.326861 6.361789 6.300322 6.304348 6.365853 6.401144 6.405229 6.369919 6.397059 6.432677 6.432677 6.417483 6.405229 6.424467 6.409314 6.405229 6.472772 6.460396 6.484245 6.508334 6.484245 6.516666 6.5125 6.475954 6.491666 6.475954 6.495833 6.495833 6.483334 6.5 6.4875 6.520101 6.4875 6.491666 6.528476 6.4875 6.479167 6.475 6.491666 6.491666 6.495833 6.495833 6.491666 6.471808 6.508334 6.467662 6.475954 6.475954 6.475954 6.452146
6.666667 6.67103 6.657987 6.627807 6.610825 6.623712 6.619416 6.564626 6.502525 6.474037 6.426202 6.358785 6.282362 6.294498 6.237981 6.245994 6.314725 6.322816 6.330906 6.24402 6.270032 6.304348 6.334951 6.334951 6.369919 6.401144 6.444992 6.409314 6.409314 6.413399 6.397059 6.436781 6.440886 6.432677 6.456271 6.488391 6.488391 6.4801 6.5125 6.508334 6.508334 6.541039 6.532663 6.483334 6.532663 6.532663 6.532663 6.520101 6.515913 6.515913 6.524288 6.491666 6.495833 6.4875 6.479167 6.491666 6.495833 6.4875 6.528476 6.5 6.491666 6.5 6.471808 6.467662 6.467662 6.4801 6.475954
6.692983 6.675393 6.649306 6.593642 6.627807 6.645078 6.576923 6.560374 6.535533 6.441667 6.422057 6.37931 6.339869 6.286408 6.220096 6.220096 6.280193 6.292271 6.262019 6.240032 6.202381 6.278045 6.278045 6.338997 6.338997 6.397059 6.373984 6.405229 6.417483 6.401144 6.440886 6.401144 6.397059 6.420362 6.420362 6.456271 6.484245 6.4801 6.484245 6.508334 6.5125 6.532663 6.536851 6.536851 6.532663 6.561448 6.528476 6.515913 6.520101 6.520101 6.520101 6.515913 6.4875 6.491666 6.515913 6.524288 6.520101 6.532663 6.491666 6.4875 6.495833 6.495833 6.491666 6.467662 6.45937 6.443894 6.403941
6.688596 6.697369 6.675393 6.657987 6.671007 6.645078 6.628007 6.59829 6.539763 6.478224 6.417911 6.394389 6.37931 6.294498 6.245994 6.186508 6.22807 6.266026 6.22807 6.210318 6.24402 6.24402 6.266026 6.338997 6.369919 6.392974 6.397059 6.428571 6.428571 6.417483 6.409314 6.409314 6.432677 6.468647 6.484245 6.484245 6.492537 6.508334 6.508334 6.5 6.532663 6.532663 6.532663 6.528476 6.565656 6.520101 6.55303 6.520101 6.4875 6.4875 6.520101 6.520101 6.4875 6.520101 6.515913 6.520101 6.515913 6.528476 6.507538 6.491666 6.483334 6.491666 6.495833 6.45937 6.423267 6.403941 6.372549
6.688596 6.692983 6.67103 6.688482 6.666667 6.645078 6.619416 6.581197 6.531302 6.482412 6.417911 6.458333 6.410891 6.360294 6.302589 6.224083 6.18254 6.206349 6.176935 6.180884 6.240032 6.24402 6.274038 6.338997 6.365853 6.338997 6.401144 6.405229 6.436781 6.401144 6.386179 6.424467 6.428571 6.468647 6.460396 6.492537 6.464522 6.508334 6.516666 6.545226 6.5125 6.504167 6.541039 6.532663 6.524288 6.528476 6.524288 6.528476 6.507538 6.515913 6.515913 6.515913 6.524288 6.524288 6.524288 6.511725 6.4875 6.524288 6.483334 6.511725 6.483334 6.483334 6.491666 6.455224 6.406766 6.329268 6.329268
6.692983 6.692983 6.675393 6.679755 6.662326 6.64076 6.619416 6.589744 6.568877 6.502525 6.490788 6.398515 6.3711 6.352124 6.260064 6.25 6.22807 6.165087 6.15173 6.206349 6.180884 6.214286 6.222222 6.282052 6.338997 6.365853 6.409314 6.428571 6.476897 6.476897 6.440886 6.424467 6.440886 6.440886 6.464522 6.460396 6.492537 6.496684 6.508334 6.5 6.5125 6.549414 6.5 6.532663 6.536851 6.528476 6.515913 6.491666 6.520101 6.4875 6.483334 6.520101 6.511725 6.511725 6.524288 6.515913 6.491666 6.515913 6.520101 6.511725 6.475 6.479167 6.483334 6.419142 6.356209 6.298543 6.272141
6.68421 6.697369 6.697369 6.679755 6.657987 6.636442 6.61512 6.581197 6.564626 6.519361 6.441667 6.40264 6.37931 6.286408 6.208134 6.212121 6.216108 6.194444 6.169036 6.15566 6.188784 6.176935 6.222222 6.251994 6.334951 6.373984 6.405229 6.436781 6.440886 6.488391 6.504975 6.488391 6.464522 6.476897 6.492537 6.488391 6.488391 6.541039 6.541039 6.488391 6.508334 6.508334 6.536851 6.532663 6.536851 6.536851 6.536851 6.520101 6.55303 6.515913 6.520101 6.520101 6.511725 6.520101 6.520101 6.475 6.483334 6.475 6.520101 6.515913 6.479167 6.475 6.463515 6.43864 6.383416 6.356209 6.294498
6.715167 6.688596 6.701755 6.679755 6.697207 6.632124 6.645078 6.589744 6.568877 6.506734 6.478224 6.434494 6.339869 6.298543 6.256039 6.216108 6.224083 6.224083 6.198413 6.180884 6.188784 6.196682 6.25598 6.29407 6.373984 6.373984 6.401144 6.432677 6.444992 6.432677 6.476897 6.452146 6.472772 6.468647 6.500829 6.520833 6.520833 6.488391 6.4801 6.508334 6.508334 6.508334 6.495833 6.5 6.532663 6.491666 6.524288 6.565656 6.532663 6.557239 6.511725 6.557239 6.55303 6.557239 6.55303 6.548821 6.557239 6.515913 6.511725 6.466666 6.50335 6.475 6.43864 6.406766 6.343954 6.419142 6.348039
6.706349 6.723986 6.67103 6.675393 6.688482 6.662326 6.636442 6.610825 6.568877 6.527073 6.490788 6.417911 6.366995 6.290453 6.306634 6.272141 6.280193 6.270032 6.22807 6.206349 6.192733 6.240032 6.278045 6.343042 6.316425 6.304348 6.369919 6.405229 6.409314 6.436781 6.428571 6.468647 6.456271 6.468647 6.492537 6.484245 6.520833 6.496684 6.484245 6.5125 6.536851 6.504167 6.541039 6.5 6.495833 6.528476 6.483334 6.495833 6.520101 6.561448 6.590524 6.582064 6.586295 6.582064 6.557239 6.548821 6.55303 6.569374 6.507538 6.442786 6.442786 6.470834 6.434494 6.375205 6.43864 6.43864 6.40264
6.715167 6.719577 6.692983 6.70614 6.675393 6.666667 6.636442 6.61512 6.58547 6.568877 6.527778 6.458333 6.406766 6.360294 6.364379 6.333333 6.341464 6.236045 6.169036 6.202381 6.143868 6.218254 6.274038 6.296296 6.278045 6.300322 6.390244 6.405229 6.390244 6.397059 6.397059 6.464522 6.488391 6.472772 6.496684 6.484245 6.496684 6.484245 6.516666 6.545226 6.520833 6.475954 6.5 6.504167 6.5 6.524288 6.4875 6.483334 6.557239 6.561448 6.582064 6.544613 6.55303 6.548821 6.586295 6.520101 6.582064 6.536195 6.520101 6.511725 6.50335 6.434494 6.37931 6.43864 6.499162 6.458333 -9999
6.710758 6.723986 6.701755 6.697369 6.710526 6.679755 6.679688 6.619416 6.619416 6.514382 6.4866 6.490788 6.406766 6.442786 6.387521 6.387521 6.341464 6.245994 6.147799 6.194444 6.180884 6.214286 6.296296 6.248006 6.251994 6.324477 6.373984 6.343042 6.378049 6.397059 6.432677 6.492537 6.492537 6.496684 6.496684 6.496684 6.484245 6.492537 6.525 6.516666 6.4801 6.4801 6.504167 6.504167 6.495833 6.532663 6.479167 6.5 6.55303 6.594755 6.548821 6.598985 6.573604 6.540404 6.586295 6.582064 6.569374 6.560914 6.548821 6.544613 6.499162 6.466666 6.4625 6.494975 6.494975 -9999 -9999
6.710758 6.710758 6.723986 6.697369 6.688482 6.662326 6.662326 6.645078 6.628007 6.560374 6.539763 6.527778 6.442786 6.470834 6.383416 6.383416 6.364379 6.310679 6.206349 6.198413 6.198413 6.240032 6.240032 6.24402 6.226191 6.320451 6.347087 6.347087 6.373984 6.365853 6.409314 6.488391 6.488391 6.492537 6.492537 6.472772 6.496684 6.525 6.516666 6.5125 6.456271 6.484245 6.5125 6.504167 6.508334 6.536851 6.524288 6.561448 6.561448 6.536851 6.55303 6.557239 6.602891 6.573604 6.582064 6.598639 6.582064 6.577834 6.569374 6.560914 6.560914 6.527778 6.527778 6.527778 6.523569 6.458333 -9999
6.746454 6.710758 6.719577 6.732804 6.710526 6.692844 6.671007 6.684028 6.619416 6.602564 6.573129 6.510943 6.490788 6.475 6.446932 6.419142 6.408046 6.364379 6.31877 6.22807 6.210318 6.240032 6.206349 6.236045 6.240032 6.296296 6.300322 6.312399 6.334951 6.413399 6.432677 6.468647 6.460396 6.488391 6.488391 6.468647 6.492537 6.520833 6.496684 6.460396 6.428571 6.443894 6.452146 6.508334 6.549414 6.536851 6.569865 6.565656 6.55303 6.520101 6.590524 6.544613 6.598985 6.590524 6.598639 6.582064 6.607142 6.565144 6.560914 6.569374 6.560914 6.499162 6.523569 6.543993 6.482412 6.397181 -9999
6.746454 6.750886 6.723986 6.692983 6.70614 6.688482 6.666667 6.671007 6.61512 6.594017 6.568877 6.543993 6.519361 6.4866 6.4625 6.446932 6.419142 6.403941 6.376634 6.288245 6.232058 6.236045 6.232058 6.278045 6.270032 6.282052 6.286057 6.351132 6.351132 6.397059 6.405229 6.432677 6.468647 6.492537 6.496684 6.496684 6.500829 6.533334 6.520833 6.484245 6.428571 6.392974 6.452146 6.508334 6.569865 6.541039 6.565656 6.561448 6.590524 6.586295 6.590524 6.611394 6.615646 6.582064 6.577834 6.602891 6.607142 6.569374 6.602891 6.560914 6.585884 6.548223 6.519361 6.535533 6.4866 6.405473 -9999
6.746454 6.719577 6.697369 6.692983 6.679755 6.653646 6.627807 6.636442 6.610825 6.628007 6.568877 6.535533 6.527778 6.527778 6.50335 6.479167 6.463515 6.399836 6.345529 6.262019 6.258013 6.236045 6.240032 6.24402 6.278045 6.278045 6.248006 6.278045 6.326861 6.373984 6.432677 6.460396 6.496684 6.496684 6.500829 6.529166 6.496684 6.492537 6.464522 6.496684 6.496684 6.484245 6.508334 6.549414 6.536851 6.536851 6.536851 6.561448 6.590524 6.586295 6.586295 6.586295 6.590524 6.582064 6.602891 6.602891 6.577834 6.598639 6.598639 6.556684 6.585884 6.548223 6.548223 6.539763 6.535533 6.502525 6.489899
6.715426 6.746454 6.715167 6.701755 6.675393 6.688482 6.657987 6.64076 6.619416 6.619416 6.594017 6.531302 6.560914 6.560914 6.499162 6.4875 6.446932 6.435644 6.341464 6.310679 6.296296 6.322816 6.266026 6.240032 6.278045 6.304348 6.248006 6.240032 6.296296 6.320451 6.369919 6.420362 6.460396 6.468647 6.452146 6.464522 6.464522 6.420362 6.456271 6.492537 6.516666 6.549414 6.549414 6.545226 6.541039 6.569865 6.520101 6.565656 6.569865 6.590524 6.598985 6.586295 6.577834 6.615646 6.577834 6.615646 6.607142 6.590136 6.573604 6.594388 6.560914 6.577381 6.548223 6.568877 6.531302 6.556123 6.461474
6.755793 6.719577 6.68421 6.697369 6.710526 6.67103 6.662326 6.645078 6.671007 6.61512 6.594017 6.577381 6.577381 6.565144 6.523569 6.531986 6.470834 6.423267 6.408046 6.368464 6.341464 6.322816 6.232058 6.240032 6.343042 6.278045 6.248006 6.214286 6.24402 6.282052 6.373984 6.392974 6.373984 6.373984 6.373984 6.401144 6.369919 6.428571 6.424467 6.525 6.549414 6.525 6.5125 6.545226 6.545226 6.569865 6.603215 6.594755 6.598985 6.632653 6.615646 6.615646 6.619898 6.619898 6.611394 6.645299 6.602891 6.628205 6.598639 6.590136 6.585884 6.577381 6.564626 6.568877 6.551871 6.527073 6.48569
6.760249 6.746454 6.715167 6.723986 6.701755 6.692844 6.697207 6.701571 6.679688 6.653713 6.653713 6.59829 6.611112 6.560914 6.565144 6.573604 6.50335 6.43864 6.435644 6.391625 6.322816 6.292271 6.262019 6.270032 6.330906 6.274038 6.300322 6.240032 6.240032 6.316425 6.343042 6.365853 6.308373 6.397059 6.464522 6.488391 6.484245 6.525 6.525 6.520833 6.525 6.553601 6.549414 6.549414 6.582491 6.607445 6.620135 6.641157 6.603215 6.628401 6.624149 6.666667 6.65812 6.628401 6.636752 6.615646 6.636752 6.607142 6.585884 6.619658 6.581633 6.611112 6.573129 6.560374 6.531302 6.489899 6.514382
6.760249 6.746454 6.746454 6.755319 6.728395 6.70614 6.688482 6.697207 6.701571 6.671007 6.658031 6.662349 6.636598 6.577381 6.590136 6.531986 6.475 6.451078 6.491666 6.419142 6.39573 6.349593 6.349593 6.357724 6.330906 6.274038 6.357724 6.326861 6.300322 6.240032 6.251994 6.270032 6.274038 6.392974 6.456271 6.488391 6.492537 6.492537 6.516666 6.488391 6.549414 6.582491 6.549414 6.574074 6.574074 6.632653 6.628401 6.598985 6.611675 6.619898 6.65812 6.653846 6.65812 6.645299 6.615646 6.636752 6.641026 6.628205 6.628205 6.594388 6.615385 6.564626 6.577381 6.564626 6.527073 6.518613 6.510152
6.751337 6.773618 6.778075 6.750886 6.764184 6.732804 6.714912 6.723684 6.697207 6.701571 6.688368 6.658031 6.628007 6.615385 6.649484 6.594388 6.565144 6.560914 6.557239 6.520101 6.423267 6.399836 6.372549 6.427392 6.424467 6.353659 6.416256 6.322816 6.270032 6.214286 6.25598 6.308373 6.326861 6.365853 6.388889 6.452146 6.405229 6.392974 6.452146 6.516666 6.525 6.525 6.553601 6.569865 6.611675 6.615905 6.641157 6.598985 6.594755 6.632653 6.653846 6.645299 6.624149 6.653846 6.641026 6.641026 6.628205 6.632478 6.594388 6.615385 6.606837 6.611112 6.594017 6.560374 6.560374 6.510152 6.514382
6.792115 6.778075 6.778075 6.782531 6.759752 6.737213 6.759259 6.746032 6.723684 6.701571 6.675347 6.692708 6.658031 6.640893 6.645189 6.65378 6.628205 6.636752 6.611394 6.548821 6.451078 6.467662 6.423267 6.4801 6.475954 6.463515 6.420362 6.353659 6.300322 6.274038 6.266026 6.300322 6.338997 6.365853 6.322816 6.432677 6.369919 6.334951 6.392974 6.516666 6.508334 6.488391 6.553601 6.582491 6.624365 6.598985 6.64966 6.624149 6.628401 6.619898 6.624149 6.636905 6.662393 6.65812 6.675258 6.636752 6.636752 6.662371 6.623932 6.619658 6.606837 6.602564 6.59829 6.556123 6.547619 6.547619 6.505922
6.774194 6.801075 6.769162 6.773618 6.768617 6.759752 6.732804 6.741623 6.772487 6.705934 6.710297 6.679688 6.692708 6.666667 6.675302 6.683938 6.645189 6.662371 6.607142 6.573604 6.540404 6.569374 6.524288 6.55303 6.532663 6.467662 6.435644 6.408046 6.357724 6.365853 6.296296 6.262019 6.326861 6.330906 6.330906 6.424467 6.369919 6.373984 6.405229 6.452146 6.484245 6.553601 6.5867 6.620135 6.603215 6.603215 6.603215 6.603215 6.666667 6.636905 6.65812 6.666667 6.69244 6.662393 6.683848 6.683848 6.641026 6.628205 6.662371 6.615385 6.615385 6.602564 6.589744 6.560374 6.547619 6.543367 6.526361
