Capas/FUTURO/Eje_30s/ASC/bio_18.asc
ncols         993
nrows         433
xllcorner     -105.25566776747
yllcorner     17.599810932142
cellsize      0.0083333333
NODATA_value  -9999
[rows 180 to 215 of 433, columns 574 to 655 of 993]
2246 2270 2293 2314 2340 2365 2399 2443 2495 2556 2614 2674 2722 2767 2801 2828 2856 2900 2947 2995 3038 3083 3105 3127 3134 3118 3100 3073 3043 3009 2972 2938 2908 2874 2841 2811 2771 2728 2684 2644 2603 2567 2542 2523 2506 2489 2471 2451 2434 2418 2411 2413 2418 2434 2453 2478 2506 2534 2556 2568 2565 2549 2518 2447 2409 2390 2349 2298 2241 2203 2176 2169 2164 2153 2143 2146 2152 2164 2183 2209 2241 2281
2178 2211 2244 2278 2317 2358 2402 2452 2508 2571 2634 2696 2750 2803 2844 2879 2907 2947 2988 3031 3070 3107 3132 3147 3159 3145 3145 3125 3098 3071 3033 3002 2963 2929 2892 2851 2802 2753 2696 2641 2588 2540 2503 2474 2459 2445 2427 2410 2393 2380 2374 2375 2381 2395 2415 2440 2474 2505 2533 2552 2555 2544 2520 2475 2451 2413 2376 2331 2273 2228 2199 2189 2185 2169 2157 2155 2162 2172 2187 2208 2233 2264
2121 2158 2201 2246 2295 2346 2398 2454 2514 2577 2642 2706 2760 2812 2860 2896 2933 2966 3003 3036 3072 3099 3123 3140 3161 3164 3164 3150 3137 3117 3083 3050 3015 2976 2939 2885 2833 2769 2704 2637 2577 2522 2478 2446 2427 2410 2395 2381 2366 2356 2350 2350 2356 2367 2384 2409 2441 2476 2509 2529 2537 2533 2516 2494 2461 2434 2399 2348 2303 2254 2218 2199 2196 2180 2166 2167 2169 2178 2189 2203 2222 2247
2081 2118 2167 2221 2279 2339 2401 2459 2523 2586 2648 2704 2759 2807 2855 2893 2931 2963 2992 3017 3041 3063 3090 3116 3142 3158 3169 3169 3166 3155 3120 3085 3055 3024 2973 2914 2851 2781 2708 2641 2574 2514 2464 2435 2413 2395 2384 2372 2359 2350 2344 2342 2345 2352 2365 2383 2412 2444 2475 2497 2509 2510 2500 2485 2459 2437 2404 2358 2311 2267 2227 2207 2207 2190 2171 2175 2181 2192 2202 2213 2228 2245
2056 2090 2139 2201 2268 2336 2405 2474 2537 2595 2652 2703 2751 2795 2835 2870 2906 2939 2973 2996 3015 3028 3044 3078 3111 3146 3171 3184 3184 3175 3157 3125 3091 3053 3000 2932 2862 2789 2715 2642 2575 2517 2466 2434 2414 2399 2390 2378 2362 2362 2357 2354 2352 2353 2359 2371 2390 2417 2441 2462 2477 2482 2479 2469 2449 2425 2397 2362 2311 2275 2238 2216 2214 2198 2174 2178 2192 2204 2218 2230 2245 2261
2045 2074 2123 2188 2260 2337 2415 2492 2558 2619 2669 2715 2755 2790 2822 2849 2876 2909 2937 2957 2976 2989 3013 3037 3081 3121 3150 3167 3179 3194 3192 3167 3128 3078 3020 2948 2875 2799 2723 2653 2586 2532 2484 2450 2431 2416 2402 2395 2383 2382 2383 2384 2377 2373 2371 2374 2383 2397 2415 2433 2448 2457 2458 2455 2437 2397 2369 2338 2308 2279 2248 2225 2219 2210 2192 2192 2205 2217 2230 2242 2259 2278
2014 2039 2091 2176 2255 2342 2431 2515 2591 2652 2701 2744 2776 2800 2818 2842 2865 2886 2911 2931 2942 2960 2991 3010 3053 3089 3115 3149 3180 3204 3207 3188 3150 3098 3035 2964 2889 2808 2731 2664 2604 2552 2507 2475 2455 2445 2442 2441 2442 2438 2436 2415 2400 2407 2402 2394 2395 2399 2409 2403 2420 2443 2448 2449 2424 2388 2367 2349 2324 2299 2270 2244 2232 2227 2217 2214 2218 2227 2243 2257 2271 2290
1996 2009 2063 2169 2255 2350 2449 2541 2626 2694 2747 2783 2809 2832 2821 2840 2865 2880 2896 2907 2926 2947 2964 2990 3038 3072 3095 3141 3180 3205 3218 3205 3171 3116 3049 2978 2896 2822 2753 2685 2628 2577 2535 2501 2484 2480 2480 2476 2479 2479 2485 2483 2433 2422 2421 2412 2399 2399 2405 2396 2408 2442 2453 2463 2461 2421 2398 2387 2369 2342 2313 2279 2256 2243 2235 2232 2235 2242 2256 2272 2287 2303
2013 2017 2068 2168 2256 2357 2469 2572 2662 2738 2794 2830 2855 2871 2846 2850 2876 2887 2894 2901 2917 2924 2936 2977 3024 3057 3082 3113 3166 3204 3215 3212 3186 3130 3064 2988 2915 2847 2779 2714 2657 2606 2566 2531 2512 2510 2511 2509 2509 2519 2529 2531 2497 2493 2498 2482 2450 2428 2422 2416 2430 2462 2474 2490 2501 2495 2468 2443 2423 2399 2368 2327 2290 2266 2250 2246 2248 2259 2272 2286 2297 2308
-9999 2045 2086 2171 2265 2369 2482 2593 2693 2773 2827 2875 2901 2914 2885 2873 2881 2895 2909 2913 2917 2916 2937 2974 2998 3035 3065 3102 3157 3194 3223 3232 3197 3148 3084 3005 2933 2869 2805 2740 2686 2639 2600 2568 2547 2537 2533 2531 2540 2544 2559 2568 2566 2560 2552 2542 2533 2506 2472 2458 2473 2506 2520 2538 2553 2562 2552 2523 2490 2463 2432 2389 2344 2311 2284 2268 2263 2264 2278 2295 2308 2318
-9999 2077 2113 2194 2275 2379 2498 2613 2718 2805 2872 2919 2943 2963 2930 2910 2907 2915 2927 2937 2929 2938 2960 2976 2997 3023 3057 3107 3157 3210 3249 3256 3230 3181 3118 3040 2970 2899 2825 2765 2716 2670 2628 2595 2574 2560 2553 2553 2559 2565 2577 2588 2592 2597 2603 2603 2600 2595 2558 2530 2539 2572 2581 2599 2619 2638 2635 2619 2584 2542 2504 2459 2411 2372 2339 2313 2298 2290 2294 2305 2319 2329
-9999 -9999 2147 2215 2287 2388 2509 2630 2738 2832 2911 2965 2991 3015 2976 2961 2968 2985 2979 2976 2972 2976 2979 2987 3002 3024 3059 3126 3185 3233 3267 3284 3263 3218 3148 3074 3000 2923 2855 2798 2741 2700 2656 2620 2590 2563 2560 2559 2561 2567 2580 2592 2609 2627 2644 2660 2669 2671 2665 2642 2642 2647 2658 2676 2694 2714 2729 2716 2689 2640 2587 2538 2487 2439 2400 2372 2351 2337 2330 2328 2336 2346
-9999 -9999 2165 2232 2300 2399 2518 2642 2756 2858 2943 3004 3045 3053 3024 3021 3044 3031 3016 3012 3012 3006 3003 3003 3011 3034 3066 3127 3200 3260 3296 3300 3279 3245 3170 3105 3033 2965 2903 2843 2782 2732 2685 2640 2585 2564 2562 2558 2555 2562 2574 2592 2617 2645 2675 2707 2733 2743 2745 2741 2733 2731 2741 2762 2780 2803 2828 2824 2786 2747 2683 2621 2565 2514 2469 2434 2410 2391 2375 2364 2364 2372
-9999 -9999 2166 2224 2315 2404 2528 2657 2779 2886 2973 3044 3088 3111 3099 3076 3096 3086 3067 3054 3047 3038 3035 3035 3039 3057 3081 3132 3202 3261 3298 3331 3318 3270 3206 3155 3086 3012 2951 2883 2823 2765 2711 2661 2610 2583 2566 2554 2547 2549 2564 2587 2619 2660 2704 2749 2782 2805 2817 2818 2816 2814 2820 2837 2858 2888 2914 2916 2881 2850 2792 2707 2647 2598 2547 2505 2473 2448 2426 2408 2401 2404
-9999 -9999 -9999 2221 2307 2405 2530 2669 2805 2917 3005 3076 3122 3147 3163 3124 3130 3144 3128 3119 3099 3085 3084 3077 3086 3103 3128 3155 3206 3262 3311 3341 3323 3294 3255 3194 3132 3062 2985 2916 2855 2797 2740 2687 2641 2600 2570 2549 2538 2537 2554 2581 2620 2669 2722 2773 2819 2857 2878 2887 2890 2889 2894 2911 2930 2954 2987 3005 2990 2943 2890 2824 2746 2686 2628 2582 2541 2509 2484 2461 2448 2450
-9999 -9999 -9999 2239 2323 2439 2576 2712 2832 2956 3047 3118 3163 3188 3207 3176 3181 3194 3185 3177 3159 3143 3135 3127 3132 3143 3163 3184 3224 3273 3318 3341 3336 3327 3293 3238 3179 3104 3031 2961 2895 2832 2771 2714 2660 2615 2575 2547 2530 2531 2546 2575 2617 2673 2731 2788 2841 2889 2920 2938 2944 2947 2953 2969 2988 3017 3044 3062 3064 3029 2990 2938 2868 2782 2713 2660 2618 2580 2549 2526 2514 2513
-9999 -9999 -9999 2277 2378 2510 2649 2775 2896 2999 3090 3159 3206 3233 3244 3231 3239 3233 3223 3214 3198 3184 3174 3167 3167 3171 3182 3210 3228 3255 3295 3327 3333 3325 3294 3255 3213 3154 3084 3014 2939 2871 2803 2741 2681 2627 2582 2547 2525 2520 2536 2567 2612 2668 2729 2789 2850 2898 2940 2965 2977 2985 2995 3008 3029 3054 3081 3109 3119 3123 3096 3042 2972 2894 2804 2745 2698 2657 2621 2599 2585 2575
-9999 -9999 -9999 2342 2459 2592 2713 2836 2952 3051 3136 3199 3243 3270 3282 3282 3276 3267 3256 3242 3226 3208 3200 3199 3201 3207 3218 3226 3241 3256 3279 3313 3342 3347 3331 3300 3259 3195 3128 3059 2987 2913 2841 2771 2706 2644 2594 2551 2520 2512 2525 2554 2596 2652 2714 2786 2843 2892 2936 2966 2985 2997 3012 3027 3049 3076 3110 3143 3168 3188 3182 3133 3076 3005 2921 2843 2786 2739 2704 2683 2667 2642
-9999 -9999 -9999 -9999 2547 2662 2780 2899 3010 3106 3186 3245 3282 3304 3315 3315 3307 3296 3282 3264 3245 3228 3214 3213 3215 3220 3232 3239 3250 3260 3279 3304 3336 3342 3332 3307 3285 3241 3177 3106 3027 2948 2872 2797 2729 2664 2607 2557 2523 2512 2511 2534 2575 2635 2695 2762 2821 2865 2904 2940 2965 2981 2999 3020 3047 3081 3122 3160 3202 3238 3250 3236 3184 3114 3043 2966 2885 2829 2802 2785 2758 2724
-9999 -9999 -9999 -9999 2614 2735 2846 2960 3065 3159 3234 3287 3318 3334 3342 3341 3332 3317 3300 3281 3261 3243 3229 3223 3225 3218 3225 3235 3242 3252 3268 3290 3312 3314 3325 3321 3307 3268 3210 3144 3067 2984 2901 2828 2755 2686 2621 2566 2525 2511 2502 2520 2556 2609 2663 2725 2787 2833 2866 2895 2919 2943 2967 2994 3028 3067 3116 3166 3221 3272 3306 3317 3285 3228 3151 3075 3009 2954 2910 2885 2845 2802
-9999 -9999 -9999 -9999 2703 2802 2909 3013 3113 3202 3268 3317 3346 3355 3360 3357 3347 3333 3313 3292 3271 3253 3241 3234 3231 3223 3218 3218 3224 3233 3253 3269 3276 3293 3308 3321 3328 3305 3256 3183 3105 3022 2942 2860 2781 2706 2638 2581 2534 2509 2502 2510 2539 2577 2630 2682 2734 2779 2810 2834 2861 2889 2920 2954 2995 3044 3101 3162 3228 3296 3350 3366 3345 3305 3248 3182 3121 3061 3012 2988 2917 2874
-9999 -9999 -9999 -9999 2769 2865 2959 3055 3146 3229 3289 3336 3359 3363 3362 3356 3343 3332 3318 3303 3283 3260 3247 3242 3233 3216 3204 3197 3201 3208 3228 3247 3257 3265 3297 3328 3338 3326 3289 3224 3141 3056 2970 2885 2805 2725 2653 2593 2541 2506 2502 2502 2515 2544 2591 2642 2683 2721 2749 2773 2798 2829 2865 2908 2957 3017 3079 3144 3221 3290 3348 3372 3367 3340 3290 3241 3183 3148 3107 3041 2988 2938
-9999 -9999 -9999 -9999 -9999 2910 2994 3079 3165 3239 3302 3341 3343 3335 3356 3349 3341 3334 3326 3309 3293 3274 3256 3239 3227 3199 3182 3163 3167 3176 3185 3203 3221 3257 3291 3322 3350 3348 3307 3247 3170 3077 2991 2908 2826 2748 2674 2609 2555 2517 2502 2494 2502 2517 2553 2599 2637 2665 2689 2713 2737 2770 2809 2859 2914 2979 3050 3120 3194 3264 3316 3345 3354 3335 3302 3263 3220 3207 3156 3098 3043 2990
-9999 -9999 -9999 -9999 -9999 2937 3012 3092 3169 3239 3298 3336 3308 3305 3318 3323 3319 3328 3320 3308 3298 3279 3260 -9999 -9999 -9999 3157 3134 3133 3138 3144 3156 3184 3229 3288 3318 3347 3353 3323 3265 3189 3103 3010 2927 2847 2773 2699 2633 2575 2527 2501 2499 2497 2505 2533 2564 2596 2617 2637 2658 2683 2713 2754 2807 2870 2940 3014 3085 3156 3220 3269 3297 3312 3306 3287 3258 3225 3190 3151 3111 3062 3023
-9999 -9999 -9999 -9999 -9999 -9999 3014 3089 3153 3223 3278 3291 3284 3289 3300 3300 3298 3316 3315 -9999 -9999 -9999 -9999 -9999 -9999 -9999 3131 3100 3097 3097 3105 3118 3156 3206 3270 3320 3339 3349 3330 3279 3203 3117 3023 2944 2867 2792 2725 2661 2602 2543 2506 2509 2504 2507 2522 2544 2562 2578 2589 2606 2634 2665 2706 2763 2828 2900 2975 3045 3108 3161 3207 3238 3256 3261 3252 3234 3209 3178 3142 3113 3076 3036
-9999 -9999 -9999 -9999 -9999 -9999 3011 3074 3136 3197 3240 3258 3266 3283 3297 3299 3306 3313 3311 -9999 -9999 -9999 -9999 -9999 -9999 -9999 -9999 3075 3049 3064 3070 3086 3132 3193 3252 3311 3347 3355 3329 3280 3216 3134 3045 2962 2887 2817 2751 2690 2631 2582 2530 2504 2506 2511 2517 2526 2528 2536 2546 2563 2598 2626 2666 2720 2783 2852 2928 2996 3048 3094 3134 3165 3188 3198 3200 3191 3174 3158 3135 3098 3067 3040
-9999 -9999 -9999 -9999 -9999 -9999 -9999 3063 3125 3180 3218 3244 3261 3281 3295 3302 3316 3319 -9999 -9999 -9999 -9999 -9999 -9999 -9999 -9999 -9999 -9999 3022 3037 3046 3065 3113 3175 3242 3301 3338 3346 3331 3279 3211 3131 3054 2978 2907 2844 2773 2712 2656 2609 2572 2519 2495 2490 2488 2492 2500 2510 2518 2533 2568 2596 2632 2678 2735 2800 2866 2929 2978 3019 3053 3084 3107 3119 3128 3130 3126 3115 3093 3069 3039 3016
-9999 -9999 -9999 -9999 -9999 -9999 -9999 3069 3135 3187 3224 3252 3270 3283 3292 3297 3313 -9999 -9999 -9999 -9999 -9999 -9999 -9999 -9999 -9999 -9999 -9999 3025 3034 3037 3060 3108 3166 3231 3289 3332 3343 3322 3280 3218 3143 3071 2995 2927 2864 2801 2739 2687 2637 2601 2540 2509 2496 2493 2493 2498 2503 2506 2513 2538 2574 2603 2640 2690 2741 2798 2852 2898 2935 2969 2993 3014 3030 3046 3051 3065 3051 3038 3024 3004 2978
-9999 -9999 -9999 -9999 -9999 -9999 -9999 -9999 3196 3234 3257 3274 3283 3288 3292 3296 -9999 -9999 -9999 -9999 -9999 -9999 -9999 -9999 -9999 -9999 -9999 -9999 3052 3043 3051 3079 3125 3174 3229 3282 3326 3334 3310 3271 3216 3150 3077 3006 2941 2884 2826 2771 2717 2669 2625 2564 2533 2529 2534 2527 2517 2512 2511 2513 2524 2545 2581 2611 2647 2689 2734 2779 2818 2855 2885 2906 2926 2941 2953 2965 2981 2980 2979 2970 2961 2929
-9999 -9999 -9999 -9999 -9999 -9999 -9999 -9999 -9999 -9999 3289 3293 3294 3294 3300 -9999 -9999 -9999 -9999 -9999 -9999 -9999 -9999 -9999 -9999 -9999 -9999 -9999 3088 3080 3088 3116 3158 3204 3247 3297 3327 3333 3311 3267 3212 3149 3078 3011 2949 2894 2844 2792 2743 2699 2641 2597 2577 2588 2577 2574 2558 2540 2533 2528 2530 2534 2552 2584 2619 2650 2686 2722 2756 2788 2815 2831 2842 2853 2865 2883 2902 2917 2928 2923 2903 2880
-9999 -9999 -9999 -9999 -9999 -9999 -9999 -9999 -9999 -9999 -9999 -9999 -9999 -9999 -9999 -9999 -9999 -9999 -9999 -9999 -9999 -9999 -9999 -9999 -9999 -9999 -9999 3151 3135 3133 3145 3173 3212 3250 3286 3321 3345 3343 3314 3266 3208 3142 3073 3008 2950 2898 2850 2804 2759 2704 2673 2651 2631 2618 2612 2614 2606 2586 2573 2562 2555 2548 2553 2568 2595 2630 2662 2683 2706 2734 2757 2773 2785 2799 2815 2830 2841 2852 2863 2870 2864 2838
-9999 -9999 -9999 -9999 -9999 -9999 -9999 -9999 -9999 -9999 -9999 -9999 -9999 -9999 -9999 -9999 -9999 -9999 -9999 -9999 -9999 -9999 -9999 -9999 -9999 -9999 -9999 3203 3194 3196 3214 3244 3278 3313 3346 3370 3375 3355 3316 3263 3194 3123 3056 2996 2940 2890 2846 2806 2763 2714 2688 2668 2652 2649 2653 2662 2657 2647 2631 2616 2604 2591 2583 2588 2608 2638 2661 2674 2688 2710 2734 2746 2755 2772 2794 2807 2813 2817 2830 2836 2824 2808
-9999 -9999 -9999 -9999 -9999 -9999 -9999 -9999 -9999 -9999 -9999 -9999 -9999 -9999 -9999 -9999 -9999 -9999 -9999 -9999 -9999 -9999 -9999 -9999 -9999 3282 3267 3256 3257 3266 3286 3321 3348 3380 3408 3421 3409 3371 3317 3249 3174 3098 3032 2969 2916 2870 2829 2792 2756 2711 2698 2679 2671 2679 2693 2711 2726 2722 2707 2697 2690 2673 2651 2641 2652 2677 2693 2704 2707 2719 2736 2743 2756 2790 2817 2828 2827 2823 2828 2820 2810 2810
-9999 -9999 -9999 -9999 -9999 -9999 -9999 -9999 -9999 -9999 -9999 -9999 -9999 -9999 -9999 -9999 -9999 -9999 -9999 -9999 -9999 -9999 -9999 3349 3333 3318 3308 3306 3312 3333 3359 3396 3426 3451 3466 3468 3441 3385 3314 3228 3138 3058 2991 2931 2883 2840 2800 2767 2737 2692 2696 2687 2687 2707 2730 2760 2784 2801 2807 2805 2792 2777 2761 2738 2730 2740 2749 2756 2763 2767 2773 2773 2786 2822 2833 2839 2843 2842 2831 2814 2811 2824
-9999 -9999 -9999 -9999 -9999 -9999 -9999 -9999 -9999 -9999 -9999 -9999 -9999 -9999 -9999 -9999 -9999 -9999 -9999 -9999 -9999 3417 3400 3380 3362 3350 3344 3346 3361 3388 3423 3461 3494 3515 3524 3508 3462 3390 3299 3197 3096 3011 2943 2886 2839 2803 2771 2741 2707 2674 2678 2693 2706 2734 2774 2813 2848 2874 2889 2892 2884 2872 2859 2845 2832 2825 2821 2821 2823 2827 2823 2822 2837 2855 2860 2861 2859 2851 2846 2831 2824 2827
-9999 -9999 -9999 -9999 -9999 -9999 -9999 -9999 -9999 -9999 -9999 -9999 -9999 -9999 -9999 -9999 -9999 -9999 -9999 -9999 3462 3445 3425 3403 3384 3371 3368 3378 3401 3431 3470 3508 3542 3563 3563 3532 3470 3379 3270 3158 3052 2962 2892 2838 2797 2756 2727 2703 2674 2655 2664 2705 2730 2768 2816 2866 2909 2942 2967 2978 2973 2963 2944 2929 2914 2904 2896 2890 2887 2877 2883 2889 2891 2893 2892 2889 2878 2876 2866 2851 2829 2831
