Capas/FUTURO/Eje_30s/ASC/bio_18.asc
ncols         993
nrows         433
xllcorner     -105.25566776747
yllcorner     17.599810932142
cellsize      0.0083333333
NODATA_value  -9999
[rows 108 to 143 of 433, columns 164 to 245 of 993]
2888 2906 2916 2915 2903 2879 2844 2801 2740 2686 2629 2564 2481 2417 2374 2341 2316 2295 2278 2267 2261 2246 2222 2191 2152 2092 2033 1972 1915 1863 1814 1769 1727 1691 1660 1637 1615 1598 1583 1572 1566 1568 1588 1634 1721 1790 1847 1889 1918 1930 1919 1895 1892 1876 1862 1854 1858 1867 1890 1918 1948 1980 2011 2038 2067 2098 2128 2154 2176 2196 2213 2226 2238 2242 2251 2259 2268 2279 2289 2296 2299 2296
2885 2910 2922 2934 2939 2939 2906 2869 2818 2773 2709 2640 2562 2518 2473 2436 2414 2396 2380 2362 2345 2331 2306 2264 2219 2157 2084 2015 1952 1893 1837 1784 1737 1695 1660 1632 1609 1590 1574 1560 1552 1553 1569 1609 1687 1765 1837 1896 1934 1955 1955 1934 1905 1880 1846 1819 1801 1795 1797 1804 1825 1857 1890 1917 1947 1978 2007 2035 2061 2077 2077 2081 2084 2085 2090 2100 2109 2123 2140 2163 2182 2194
2845 2878 2899 2923 2947 2964 2954 2920 2884 2855 2791 2726 2659 2622 2578 2545 2517 2499 2478 2460 2437 2417 2387 2334 2277 2216 2133 2059 1991 1924 1863 1802 1749 1702 1662 1630 1604 1584 1565 1550 1541 1538 1553 1592 1664 1744 1820 1884 1937 1971 1981 1966 1920 1868 1824 1784 1749 1717 1701 1698 1708 1725 1749 1776 1804 1837 1873 1906 1928 1935 1943 1952 1961 1967 1973 1981 1990 2004 2019 2037 2054 2068
2791 2827 2863 2907 2941 2970 2981 2961 2937 2916 2871 2809 2755 2717 2678 2650 2625 2607 2585 2558 2526 2495 2457 2404 2340 2266 2183 2098 2025 1953 1886 1821 1762 1712 1668 1632 1603 1578 1559 1543 1530 1525 1536 1571 1645 1723 1802 1866 1925 1969 1994 1989 1943 1881 1826 1774 1727 1687 1660 1646 1644 1652 1666 1687 1712 1738 1766 1794 1816 1832 1847 1859 1869 1879 1886 1894 1906 1917 1932 1947 1964 1980
2727 2778 2821 2870 2921 2957 2982 2991 2979 2970 2930 2878 2831 2803 2776 2754 2736 2707 2684 2650 2616 2565 2519 2469 2397 2311 2222 2133 2055 1982 1910 1842 1780 1725 1677 1639 1606 1577 1558 1543 1525 1514 1520 1551 1619 1696 1777 1848 1906 1956 1984 1993 1953 1904 1853 1797 1742 1692 1654 1629 1615 1613 1622 1637 1656 1679 1701 1725 1745 1764 1780 1792 1803 1813 1821 1830 1842 1855 1868 1884 1903 1919
2662 2720 2774 2828 2879 2921 2958 2980 2988 2984 2961 2921 2890 2865 2847 2834 2815 2797 2767 2733 2693 2631 2571 2511 2428 2343 2258 2168 2087 2011 1936 1866 1802 1745 1695 1649 1613 1583 1563 1550 1523 1504 1505 1529 1589 1663 1740 1814 1878 1931 1971 1990 1979 1934 1885 1831 1774 1718 1671 1637 1613 1603 1604 1613 1628 1647 1665 1684 1703 1718 1733 1743 1754 1764 1772 1781 1793 1806 1821 1837 1856 1874
2594 2651 2717 2782 2829 2872 2912 2939 2961 2967 2964 2944 2925 2905 2887 2871 2861 2850 2834 2796 2745 2677 2614 2543 2460 2380 2292 2202 2119 2049 1970 1896 1828 1769 1715 1669 1626 1592 1563 1543 1519 1498 1492 1505 1549 1621 1683 1748 1824 1893 1947 1980 1991 1978 1922 1868 1813 1758 1709 1668 1636 1617 1611 1615 1624 1638 1653 1669 1683 1696 1707 1715 1724 1732 1739 1750 1761 1774 1787 1803 1820 1838
2533 2594 2669 2729 2773 2812 2850 2889 2909 2924 2925 2918 2911 2900 2890 2888 2886 2875 2860 2826 2767 2708 2643 2566 2495 2410 2324 2233 2152 2087 2011 1935 1863 1800 1745 1695 1649 1607 1571 1539 1513 1491 1481 1484 1510 1561 1624 1684 1751 1829 1905 1956 1983 1990 1965 1910 1859 1809 1760 1715 1680 1656 1644 1641 1646 1655 1668 1678 1689 1698 1703 1709 1713 1720 1726 1733 1744 1754 1769 1781 1796 1812
2458 2530 2604 2672 2720 2753 2782 2818 2840 2864 2866 2878 2870 2870 2879 2886 2887 2877 2862 2834 2790 2734 2663 2597 2525 2437 2346 2263 2191 2121 2061 1992 1918 1853 1795 1741 1684 1632 1587 1548 1515 1490 1472 1469 1479 1511 1562 1613 1684 1765 1847 1914 1957 1986 1996 1961 1913 1866 1822 1779 1742 1717 1701 1695 1695 1701 1709 1717 1721 1724 1725 1725 1724 1727 1729 1734 1740 1749 1759 1772 1782 1797
2392 2472 2537 2603 2643 2678 2714 2747 2765 2790 2795 2815 2825 2825 2840 2860 2866 2868 2858 2836 2796 2743 2684 2628 2556 2474 2387 2300 2231 2163 2101 2045 1987 1928 1863 1801 1733 1664 1611 1567 1527 1495 1474 1461 1464 1480 1514 1557 1612 1705 1786 1865 1926 1978 2009 2012 1979 1934 1892 1855 1822 1798 1783 1772 1769 1773 1777 1780 1781 1778 1772 1764 1757 1751 1749 1749 1753 1758 1764 1772 1779 1789
2340 2411 2470 2528 2570 2603 2647 2676 2691 2710 2723 2741 2757 2783 2802 2823 2841 2851 2847 2832 2798 2752 2707 2652 2584 2506 2419 2338 2273 2205 2152 2092 2037 1984 1924 1859 1775 1698 1639 1590 1545 1504 1475 1458 1462 1481 1504 1525 1562 1628 1724 1804 1888 1961 2012 2034 2037 2015 1975 1938 1914 1897 1886 1877 1873 1872 1872 1870 1862 1853 1839 1823 1809 1797 1788 1785 1784 1784 1787 1787 1790 1794
2309 2340 2396 2455 2502 2546 2593 2613 2624 2626 2648 2678 2708 2736 2772 2797 2824 2838 2839 2826 2801 2759 2715 2664 2602 2533 2456 2382 2318 2252 2197 2145 2088 2032 1973 1908 1826 1738 1671 1617 1564 1518 1482 1463 1468 1494 1504 1515 1530 1576 1650 1748 1837 1928 1992 2036 2060 2064 2056 2034 2014 2008 2011 2011 2012 2013 2006 1989 1968 1946 1923 1902 1880 1863 1849 1840 1834 1830 1826 1825 1820 1815
2284 2293 2334 2383 2446 2504 2542 2562 2565 2562 2591 2631 2666 2702 2742 2781 2808 2825 2827 2817 2794 2757 2715 2671 2617 2557 2495 2431 2368 2303 2247 2192 2140 2078 2018 1952 1882 1792 1713 1649 1587 1535 1491 1465 1469 1485 1492 1507 1520 1550 1614 1704 1787 1879 1959 2013 2053 2076 2087 2089 2088 2095 2104 2119 2132 2145 2149 2138 2100 2062 2026 1994 1970 1949 1935 1921 1909 1901 1892 1880 1868 1854
2245 2275 2335 2393 2440 2478 2506 2525 2512 2520 2562 2602 2640 2687 2734 2773 2798 2816 2817 2805 2779 2746 2709 2672 2629 2579 2528 2474 2414 2351 2293 2238 2180 2120 2054 1990 1916 1842 1757 1680 1613 1553 1503 1470 1460 1478 1483 1491 1512 1542 1600 1670 1744 1825 1907 1971 2022 2063 2090 2106 2125 2146 2173 2203 2233 2257 2266 2258 2240 2192 2145 2106 2080 2063 2048 2029 2010 1992 1975 1955 1933 1911
2238 2290 2339 2389 2438 2474 2496 2506 2487 2505 2553 2592 2634 2683 2737 2779 2798 2813 2811 2792 2766 2735 2699 2664 2628 2587 2549 2503 2451 2390 2330 2271 2212 2149 2079 2011 1941 1869 1785 1707 1635 1573 1519 1475 1451 1449 1462 1475 1488 1510 1559 1623 1691 1766 1845 1913 1970 2020 2060 2094 2130 2168 2212 2257 2304 2340 2354 2352 2336 2311 2282 2244 2216 2201 2184 2170 2143 2108 2076 2046 2015 1981
2251 2293 2348 2395 2435 2471 2491 2500 2478 2511 2560 2601 2648 2698 2751 2786 2805 2812 2805 2782 2752 2718 2684 2651 2619 2587 2558 2521 2474 2417 2357 2294 2229 2161 2093 2025 1956 1889 1809 1735 1666 1598 1538 1490 1454 1432 1426 1431 1444 1464 1504 1571 1640 1702 1770 1838 1897 1953 2007 2055 2101 2155 2212 2272 2332 2381 2405 2410 2402 2384 2362 2337 2313 2296 2284 2271 2259 2243 2206 2162 2114 2064
2253 2309 2362 2408 2441 2478 2498 2486 2491 2545 2584 2631 2683 2727 2767 2796 2813 2815 2804 2776 2740 2702 2667 2633 2607 2582 2557 2529 2487 2434 2376 2311 2241 2170 2102 2035 1969 1904 1831 1763 1696 1628 1571 1521 1471 1433 1414 1410 1416 1431 1461 1508 1576 1644 1691 1751 1813 1874 1932 1991 2048 2110 2179 2248 2317 2375 2410 2426 2427 2420 2405 2386 2367 2357 2350 2344 2338 2324 2304 2274 2224 2161
2252 2323 2385 2428 2458 2482 2493 2500 2538 2584 2621 2666 2711 2755 2788 2810 2821 2819 2803 2771 2732 2690 2652 2618 2591 2571 2550 2524 2489 2443 2390 2325 2256 2182 2113 2048 1985 1922 1856 1792 1726 1660 1603 1553 1496 1444 1414 1402 1404 1413 1432 1464 1508 1554 1597 1648 1703 1770 1842 1902 1967 2037 2110 2183 2257 2316 2361 2388 2399 2400 2391 2377 2366 2362 2361 2361 2363 2361 2350 2329 2295 2250
2265 2344 2412 2445 2455 2480 2511 2542 2591 2616 2653 2692 2734 2775 2802 2821 2827 2821 2801 2765 2724 2680 2641 2605 2580 2561 2542 2518 2488 2449 2401 2341 2270 2200 2134 2071 2009 1948 1884 1822 1754 1687 1623 1566 1508 1452 1417 1402 1398 1403 1417 1440 1468 1503 1540 1582 1627 1679 1732 1795 1873 1944 2013 2086 2158 2218 2266 2297 2314 2321 2314 2303 2297 2296 2304 2313 2326 2337 2342 2335 2316 2283
2326 2377 2431 2481 2512 2537 2572 2603 2632 2656 2683 2717 2751 2782 2807 2819 2824 2817 2795 2762 2719 2673 2631 2595 2568 2550 2530 2510 2485 2452 2410 2355 2291 2229 2167 2104 2042 1978 1912 1845 1779 1709 1631 1561 1504 1454 1420 1403 1397 1398 1409 1427 1451 1478 1510 1544 1579 1614 1655 1702 1761 1833 1908 1973 2037 2097 2144 2175 2192 2198 2194 2185 2179 2182 2193 2213 2239 2263 2286 2299 2300 2284
2404 2460 2519 2572 2611 2620 2644 2666 2673 2686 2707 2736 2760 2779 2799 2811 2812 2804 2785 2754 2711 2665 2623 2585 2556 2536 2518 2499 2479 2453 2418 2371 2316 2256 2197 2138 2077 2011 1942 1871 1800 1729 1632 1559 1501 1455 1424 1406 1397 1399 1406 1422 1441 1464 1489 1518 1545 1572 1600 1633 1669 1718 1779 1848 1914 1967 2011 2041 2054 2041 2025 2012 2012 2029 2061 2087 2122 2160 2196 2227 2248 2254
2457 2521 2583 2636 2669 2688 2688 2705 2717 2724 2735 2750 2767 2775 2785 2792 2792 2784 2767 2736 2698 2654 2615 2576 2546 2523 2504 2487 2471 2448 2419 2380 2332 2282 2229 2174 2114 2044 1970 1895 1819 1737 1635 1560 1504 1460 1428 1408 1400 1400 1408 1422 1438 1457 1478 1499 1520 1540 1559 1579 1604 1636 1675 1724 1775 1822 1860 1880 1887 1882 1874 1864 1859 1869 1892 1936 1993 2038 2086 2130 2167 2194
2502 2574 2640 2690 2723 2743 2725 2722 2748 2751 2760 2764 2767 2767 2765 2767 2764 2756 2742 2713 2677 2639 2600 2567 2534 2511 2491 2475 2459 2439 2416 2383 2345 2303 2256 2205 2147 2076 1998 1915 1833 1733 1635 1565 1509 1464 1432 1412 1403 1403 1411 1424 1439 1457 1475 1492 1507 1522 1535 1548 1562 1583 1608 1640 1675 1706 1734 1750 1760 1761 1756 1752 1749 1751 1767 1795 1839 1898 1958 2010 2056 2100
2542 2621 2686 2737 2769 2784 2787 2772 2765 2766 2764 2759 2753 2745 2740 2735 2730 2722 2708 2682 2651 2618 2584 2549 2520 2496 2476 2460 2444 2430 2411 2385 2353 2319 2281 2237 2179 2106 2020 1930 1837 1724 1636 1569 1512 1467 1435 1417 1408 1409 1417 1431 1445 1461 1476 1491 1504 1515 1524 1533 1544 1557 1578 1603 1624 1641 1659 1671 1682 1685 1686 1683 1682 1685 1696 1717 1750 1797 1859 1926 1997 2063
2582 2660 2725 2774 2804 2818 2821 2814 2795 2772 2763 2751 2737 2725 2717 2702 2693 2682 2666 2645 2617 2589 2560 2531 2502 2479 2462 2445 2431 2418 2403 2384 2359 2331 2302 2263 2207 2129 2037 1939 1827 1720 1636 1569 1514 1469 1438 1421 1415 1417 1426 1438 1453 1468 1485 1499 1512 1524 1532 1537 1544 1553 1573 1597 1611 1618 1630 1641 1650 1657 1663 1667 1669 1675 1684 1701 1730 1774 1839 1921 1992 2063
2613 2690 2752 2798 2826 2838 2839 2830 2809 2780 2760 2744 2723 2707 2690 2672 2655 2641 2624 2605 2582 2557 2532 2506 2484 2462 2444 2430 2417 2408 2396 2382 2362 2340 2318 2282 2227 2145 2045 1941 1821 1720 1636 1569 1514 1473 1443 1427 1422 1427 1436 1449 1464 1483 1501 1520 1535 1550 1557 1563 1566 1573 1588 1608 1624 1636 1649 1658 1664 1675 1690 1706 1716 1720 1724 1733 1760 1804 1869 1932 1998 2072
2639 2712 2772 2812 2837 2847 2845 2833 2813 2786 2758 2733 2710 2687 2663 2639 2621 2605 2583 2564 2545 2522 2502 2483 2462 2443 2427 2415 2405 2397 2388 2379 2364 2347 2328 2295 2239 2152 2048 1935 1818 1715 1632 1567 1514 1474 1447 1434 1432 1438 1449 1465 1484 1504 1529 1555 1581 1601 1611 1617 1619 1620 1632 1650 1671 1696 1719 1726 1729 1738 1758 1787 1798 1808 1807 1807 1825 1860 1912 1961 2022 2097
2662 2730 2783 2817 2837 2841 2840 2828 2807 2783 2755 2729 2701 2672 2646 2616 2593 2571 2548 2528 2509 2492 2472 2455 2439 2421 2409 2399 2392 2387 2381 2376 2365 2351 2332 2295 2236 2147 2040 1925 1809 1706 1624 1562 1512 1476 1453 1442 1444 1451 1465 1487 1514 1542 1572 1610 1646 1674 1692 1699 1696 1694 1706 1727 1755 1771 1789 1803 1813 1828 1840 1857 1869 1879 1890 1900 1911 1932 1961 2003 2057 2125
2678 2739 2786 2815 2828 2830 2825 2812 2796 2777 2753 2728 2697 2664 2632 2601 2573 2544 2517 2497 2478 2460 2445 2430 2416 2404 2392 2385 2381 2378 2376 2371 2364 2348 2324 2282 2218 2128 2020 1904 1792 1694 1616 1556 1511 1479 1459 1453 1455 1467 1488 1519 1561 1598 1635 1677 1718 1747 1769 1786 1792 1791 1804 1828 1840 1855 1869 1885 1896 1906 1919 1932 1944 1953 1961 1970 1980 1993 2015 2047 2092 2151
2692 2748 2790 2813 2823 2822 2811 2801 2789 2775 2758 2730 2698 2666 2632 2595 2560 2525 2495 2471 2449 2434 2421 2409 2398 2388 2379 2373 2371 2373 2371 2365 2353 2330 2296 2248 2179 2089 1987 1871 1765 1675 1603 1549 1509 1482 1467 1463 1471 1488 1518 1562 1615 1658 1701 1744 1782 1817 1845 1867 1885 1898 1909 1922 1934 1944 1957 1968 1975 1984 1993 2001 2010 2016 2025 2031 2036 2045 2061 2084 2120 2169
2700 2757 2802 2820 2827 2820 2807 2795 2785 2776 2761 2733 2702 2671 2637 2599 2558 2519 2482 2452 2429 2412 2401 2393 2385 2378 2371 2370 2370 2372 2367 2353 2329 2293 2248 2191 2117 2031 1934 1825 1728 1648 1586 1540 1506 1484 1474 1477 1493 1520 1559 1611 1663 1709 1756 1800 1843 1881 1918 1948 1971 1990 2005 2019 2028 2037 2044 2048 2051 2052 2054 2057 2060 2065 2069 2072 2076 2082 2091 2108 2137 2177
2722 2785 2820 2836 2840 2832 2815 2800 2787 2773 2756 2739 2711 2677 2643 2605 2561 2517 2473 2439 2413 2397 2387 2381 2377 2372 2369 2368 2369 2368 2357 2330 2289 2238 2181 2114 2039 1957 1866 1769 1684 1619 1568 1530 1503 1487 1484 1496 1524 1563 1608 1655 1701 1753 1805 1851 1896 1940 1981 2018 2048 2076 2095 2110 2123 2128 2128 2126 2120 2116 2109 2105 2102 2101 2101 2103 2104 2108 2114 2127 2148 2182
2762 2818 2849 2862 2863 2853 2834 2813 2797 2780 2763 2745 2717 2686 2648 2608 2561 2512 2466 2428 2401 2382 2373 2370 2370 2369 2369 2370 2368 2359 2335 2292 2235 2169 2099 2026 1952 1875 1789 1709 1640 1587 1550 1521 1501 1492 1494 1514 1551 1596 1638 1685 1736 1791 1845 1892 1938 1986 2031 2074 2113 2147 2175 2195 2209 2212 2209 2201 2188 2176 2164 2152 2142 2136 2133 2130 2129 2130 2134 2143 2163 2193
2814 2860 2886 2898 2896 2882 2862 2835 2807 2790 2774 2754 2724 2688 2651 2607 2556 2504 2455 2415 2387 2369 2361 2361 2365 2370 2373 2375 2364 2339 2301 2241 2168 2089 2009 1932 1861 1784 1709 1648 1597 1559 1531 1511 1499 1495 1504 1528 1567 1614 1662 1713 1764 1818 1870 1921 1969 2019 2067 2115 2161 2204 2239 2269 2283 2287 2285 2273 2256 2239 2221 2203 2189 2178 2169 2163 2159 2158 2159 2169 2187 2216
2864 2908 2930 2937 2932 2915 2887 2857 2825 2799 2778 2760 2728 2688 2647 2600 2548 2491 2442 2402 2373 2355 2350 2355 2362 2373 2381 2376 2354 2315 2259 2184 2096 2003 1911 1832 1763 1696 1638 1593 1560 1535 1516 1503 1498 1500 1513 1537 1578 1631 1685 1739 1791 1844 1894 1943 1991 2043 2093 2144 2198 2245 2289 2327 2347 2349 2347 2336 2321 2302 2281 2259 2241 2226 2214 2204 2196 2193 2194 2202 2220 2253
2908 2944 2961 2966 2957 2938 2907 2874 2837 2810 2785 2755 2727 2685 2640 2589 2532 2477 2426 2386 2359 2343 2342 2350 2362 2378 2386 2377 2343 2288 2215 2126 2023 1921 1828 1748 1681 1627 1582 1552 1530 1513 1504 1499 1500 1508 1524 1555 1600 1655 1716 1770 1822 1873 1922 1966 2013 2061 2112 2164 2218 2272 2324 2366 2389 2397 2397 2390 2380 2363 2342 2318 2299 2282 2267 2255 2245 2238 2237 2245 2263 2295
