Capas/FUTURO/Eje_30s/ASC/bio_14.asc
ncols         993
nrows         433
xllcorner     -105.25566776747
yllcorner     17.599810932142
cellsize      0.0083333333
NODATA_value  -9999
[rows 205 to 245 of 433, columns 564 to 657 of 993]
85 -9999 -9999 -9999 -9999 -9999 -9999 -9999 -9999 -9999 -9999 -9999 -9999 -9999 -9999 -9999 73 74 76 77 79 79 80 81 81 82 83 84 85 -9999 -9999 -9999 -9999 -9999 -9999 -9999 -9999 90 91 93 94 96 98 100 102 104 105 104 103 102 100 98 96 94 92 90 88 87 85 85 84 83 84 85 86 87 88 88 89 90 91 93 94 96 98 100 102 104 106 107 108 109 109 109 109 108 107 106 104 103 101 99 98 96
82 -9999 -9999 -9999 -9999 -9999 -9999 -9999 -9999 -9999 -9999 -9999 -9999 -9999 -9999 -9999 -9999 74 75 76 78 78 79 80 81 82 83 84 -9999 -9999 -9999 -9999 -9999 -9999 -9999 -9999 -9999 -9999 90 92 93 95 97 100 102 104 104 104 103 102 100 98 96 95 93 91 89 87 86 85 85 83 83 84 85 85 86 87 88 88 90 91 92 94 96 98 100 102 103 104 105 106 106 107 106 106 105 104 103 102 100 99 97 95
79 -9999 -9999 -9999 -9999 -9999 -9999 -9999 -9999 -9999 -9999 -9999 -9999 -9999 -9999 -9999 -9999 73 75 76 77 78 79 80 80 81 82 -9999 -9999 -9999 -9999 -9999 -9999 -9999 -9999 -9999 -9999 -9999 89 91 92 94 96 99 101 103 104 104 103 102 100 99 97 95 93 91 90 88 87 86 86 84 84 84 85 85 86 86 87 87 88 90 91 92 94 96 98 99 100 101 102 103 103 103 103 103 103 102 101 100 99 98 96 94
76 -9999 -9999 -9999 -9999 -9999 -9999 -9999 -9999 -9999 -9999 -9999 -9999 -9999 -9999 -9999 -9999 -9999 76 77 78 78 79 79 80 81 -9999 -9999 -9999 -9999 -9999 -9999 -9999 -9999 -9999 -9999 -9999 -9999 89 90 92 94 96 98 100 102 104 104 102 101 100 99 98 96 94 92 91 89 88 88 87 85 85 85 86 86 86 86 87 87 87 88 90 91 92 94 95 97 97 98 99 100 100 100 100 100 100 100 99 98 97 96 94 93
74 -9999 -9999 -9999 -9999 -9999 -9999 -9999 -9999 -9999 -9999 -9999 -9999 -9999 -9999 -9999 -9999 -9999 -9999 -9999 78 78 79 79 80 -9999 -9999 -9999 -9999 -9999 -9999 -9999 -9999 -9999 -9999 -9999 -9999 -9999 90 91 92 94 96 98 100 102 103 104 103 101 100 99 98 96 94 93 91 90 90 89 88 86 86 87 87 88 88 87 87 87 87 87 88 89 91 92 93 94 96 96 96 97 97 97 97 97 97 97 97 96 95 94 92 91
73 -9999 -9999 -9999 -9999 -9999 -9999 -9999 -9999 -9999 -9999 -9999 -9999 -9999 -9999 -9999 -9999 -9999 -9999 -9999 -9999 -9999 -9999 -9999 -9999 -9999 -9999 -9999 -9999 -9999 -9999 -9999 -9999 -9999 -9999 -9999 -9999 90 90 92 93 95 97 99 101 102 103 103 103 101 100 99 97 95 94 93 92 91 90 89 89 88 88 88 88 89 89 88 88 88 87 87 87 88 89 90 92 93 93 94 95 94 94 95 95 95 95 95 95 94 94 92 91 90
72 -9999 -9999 -9999 -9999 -9999 -9999 -9999 -9999 -9999 -9999 -9999 -9999 -9999 -9999 -9999 -9999 -9999 -9999 -9999 -9999 -9999 -9999 -9999 -9999 -9999 -9999 -9999 -9999 -9999 -9999 -9999 -9999 -9999 -9999 -9999 -9999 91 92 93 94 96 98 100 102 103 103 103 103 102 100 98 97 95 94 93 92 91 90 90 89 89 89 89 90 90 90 90 90 89 89 88 88 88 89 90 91 92 92 93 94 94 94 93 94 94 93 93 93 93 92 91 90 90
71 -9999 -9999 -9999 -9999 -9999 -9999 -9999 -9999 -9999 -9999 -9999 -9999 -9999 -9999 -9999 -9999 -9999 -9999 -9999 -9999 -9999 -9999 -9999 -9999 -9999 -9999 -9999 -9999 -9999 -9999 -9999 -9999 -9999 -9999 90 91 92 93 95 96 98 100 101 103 104 104 103 102 101 99 97 96 94 93 92 91 91 90 89 90 89 89 90 91 92 92 92 92 91 91 91 90 90 90 91 91 92 92 93 93 93 93 93 94 94 94 93 93 92 91 91 91 90
-9999 -9999 -9999 -9999 -9999 -9999 -9999 -9999 -9999 -9999 -9999 -9999 -9999 -9999 -9999 -9999 -9999 -9999 -9999 -9999 -9999 -9999 -9999 -9999 -9999 -9999 -9999 -9999 -9999 -9999 -9999 -9999 -9999 88 89 91 92 93 95 96 98 100 102 103 104 105 104 103 102 100 98 96 94 93 92 91 91 90 90 89 90 89 90 91 92 93 94 95 95 95 94 94 93 92 92 93 93 93 94 94 94 94 94 94 94 94 94 93 92 91 91 91 90 90
-9999 -9999 -9999 -9999 -9999 -9999 -9999 -9999 -9999 -9999 -9999 -9999 -9999 -9999 -9999 -9999 -9999 -9999 -9999 -9999 -9999 -9999 -9999 -9999 -9999 -9999 -9999 -9999 -9999 -9999 -9999 87 87 89 90 91 93 94 96 98 100 102 103 105 105 105 105 104 102 99 96 94 92 91 90 90 90 89 89 88 89 90 90 91 93 95 96 97 98 98 97 97 96 96 95 95 95 95 95 95 95 95 95 95 95 94 94 93 93 92 91 91 90 89
-9999 -9999 -9999 -9999 -9999 -9999 -9999 -9999 -9999 -9999 -9999 -9999 -9999 -9999 -9999 -9999 -9999 -9999 -9999 -9999 -9999 -9999 -9999 -9999 -9999 -9999 -9999 -9999 -9999 -9999 87 87 88 89 91 92 94 95 97 99 101 103 104 106 106 106 105 103 101 98 95 92 91 90 89 88 88 88 88 88 88 90 91 92 94 96 98 99 100 100 100 100 99 99 98 98 97 97 97 97 97 97 96 96 95 95 94 94 93 92 91 91 90 89
-9999 -9999 -9999 -9999 -9999 -9999 -9999 -9999 -9999 -9999 -9999 -9999 -9999 -9999 -9999 -9999 -9999 -9999 -9999 -9999 -9999 -9999 -9999 -9999 -9999 -9999 -9999 -9999 -9999 -9999 89 88 89 90 91 92 94 95 97 99 101 103 105 106 106 106 105 103 99 96 93 91 89 88 88 87 87 87 87 88 89 91 91 93 95 98 99 101 102 103 103 102 102 101 100 100 100 99 99 99 99 98 97 97 96 96 95 94 93 92 91 91 90 89
-9999 -9999 -9999 -9999 -9999 -9999 -9999 -9999 -9999 -9999 -9999 -9999 -9999 -9999 -9999 -9999 -9999 -9999 -9999 -9999 -9999 -9999 -9999 -9999 -9999 -9999 -9999 -9999 -9999 89 90 90 90 90 91 92 94 95 97 99 101 103 104 105 106 105 104 101 98 94 91 89 88 87 87 87 87 87 89 90 91 92 92 94 97 99 101 103 104 105 105 105 104 103 103 102 102 101 101 101 100 99 98 98 97 96 95 94 93 92 91 91 90 89
-9999 -9999 -9999 -9999 -9999 -9999 -9999 -9999 -9999 -9999 -9999 -9999 -9999 -9999 -9999 -9999 -9999 -9999 -9999 -9999 -9999 -9999 -9999 -9999 -9999 -9999 -9999 -9999 89 90 90 90 91 90 91 92 93 94 96 98 100 102 103 104 104 104 103 100 96 93 90 88 87 87 87 87 88 89 90 91 91 93 93 95 97 100 102 104 105 106 107 107 106 106 105 104 103 103 103 102 101 100 99 99 98 97 96 95 93 92 92 91 90 90
-9999 -9999 -9999 -9999 -9999 -9999 -9999 -9999 -9999 -9999 -9999 -9999 -9999 -9999 -9999 -9999 -9999 -9999 -9999 -9999 -9999 -9999 -9999 -9999 -9999 -9999 -9999 -9999 88 89 89 90 90 89 90 91 92 93 95 96 98 100 101 102 102 102 100 97 93 90 88 87 87 88 88 89 89 91 92 92 93 94 95 96 98 100 102 104 106 107 108 108 107 107 106 106 105 105 104 103 102 102 101 100 99 98 96 95 94 93 92 91 91 90
-9999 -9999 -9999 -9999 -9999 -9999 -9999 -9999 -9999 -9999 -9999 -9999 -9999 -9999 -9999 -9999 -9999 -9999 -9999 -9999 -9999 -9999 -9999 -9999 -9999 -9999 -9999 86 87 88 88 88 87 88 88 89 90 91 92 94 96 97 99 100 100 99 98 94 92 89 88 88 88 88 89 91 92 93 93 94 94 95 96 97 99 101 103 105 106 108 108 108 108 108 108 107 107 106 106 105 104 103 102 101 100 99 97 96 95 93 92 92 91 90
-9999 -9999 -9999 -9999 -9999 -9999 -9999 -9999 -9999 -9999 -9999 -9999 -9999 -9999 -9999 -9999 -9999 -9999 -9999 -9999 -9999 -9999 -9999 -9999 -9999 -9999 83 85 86 86 86 87 86 86 86 87 88 89 90 92 93 95 96 97 98 96 95 93 91 89 88 88 88 89 91 92 93 94 95 95 95 96 97 97 99 101 102 104 106 107 108 109 109 109 109 109 108 108 107 106 106 105 104 103 101 100 98 97 95 94 93 92 92 91
-9999 -9999 -9999 -9999 -9999 -9999 -9999 -9999 -9999 -9999 -9999 -9999 -9999 -9999 -9999 -9999 -9999 -9999 -9999 -9999 -9999 -9999 -9999 -9999 -9999 -9999 83 84 85 85 86 86 84 84 85 85 86 87 88 89 91 92 94 95 95 95 93 92 90 89 88 88 89 90 91 93 94 95 96 96 96 97 97 98 99 101 102 104 106 107 108 109 110 110 110 110 110 110 109 108 108 107 105 104 103 101 99 98 96 95 94 93 93 92
-9999 -9999 -9999 -9999 -9999 -9999 -9999 -9999 -9999 -9999 -9999 -9999 -9999 -9999 -9999 -9999 -9999 -9999 -9999 -9999 -9999 -9999 -9999 -9999 -9999 -9999 82 83 84 85 85 83 83 83 83 83 84 85 85 87 88 90 92 92 93 93 93 91 90 88 88 89 89 91 92 94 95 96 96 97 97 97 98 99 99 100 102 104 105 107 108 110 111 111 112 112 112 112 111 110 110 109 107 106 104 103 101 99 98 96 95 94 94 94
-9999 -9999 -9999 -9999 -9999 -9999 -9999 -9999 -9999 -9999 -9999 -9999 -9999 -9999 -9999 -9999 -9999 -9999 -9999 -9999 -9999 -9999 -9999 -9999 -9999 -9999 82 83 84 84 84 82 82 81 81 82 82 83 83 85 86 88 89 90 91 91 91 91 89 88 87 88 90 91 92 94 95 96 97 97 98 98 98 99 99 101 102 104 105 107 109 110 112 113 114 114 115 114 113 113 112 111 110 108 107 105 103 101 99 98 97 96 95 95
-9999 -9999 -9999 -9999 -9999 -9999 -9999 -9999 -9999 -9999 -9999 -9999 -9999 -9999 -9999 -9999 -9999 -9999 -9999 -9999 -9999 -9999 -9999 -9999 -9999 -9999 81 83 83 84 83 81 81 80 80 80 80 81 82 83 84 86 87 89 90 90 90 90 89 87 87 88 90 91 93 94 95 96 97 98 98 99 99 100 100 101 102 104 106 108 109 111 113 114 116 117 117 116 116 116 115 114 112 111 109 107 105 103 101 100 98 97 96 96
-9999 -9999 -9999 -9999 -9999 -9999 -9999 -9999 -9999 -9999 -9999 -9999 -9999 -9999 -9999 -9999 -9999 -9999 -9999 -9999 -9999 -9999 -9999 -9999 -9999 -9999 81 82 83 83 81 81 80 79 79 79 79 79 80 81 83 85 86 87 88 89 89 89 88 86 86 88 90 91 93 94 95 97 97 98 99 99 100 101 102 102 103 105 106 108 110 112 114 116 118 119 119 119 119 119 118 117 116 114 112 110 108 106 104 102 100 99 98 97
-9999 -9999 -9999 -9999 -9999 -9999 -9999 -9999 -9999 -9999 -9999 -9999 -9999 -9999 -9999 -9999 -9999 -9999 -9999 -9999 -9999 -9999 -9999 -9999 -9999 -9999 81 81 82 82 81 80 79 78 78 77 77 78 79 80 82 84 85 86 87 88 88 88 87 87 87 88 90 92 93 94 95 97 98 98 99 100 101 102 102 102 104 105 107 109 111 113 116 118 120 122 122 122 122 122 121 120 119 117 116 114 111 109 107 104 103 101 99 99
-9999 -9999 -9999 -9999 -9999 -9999 -9999 -9999 -9999 -9999 -9999 -9999 -9999 -9999 -9999 -9999 -9999 -9999 -9999 -9999 -9999 -9999 -9999 -9999 -9999 -9999 80 81 82 82 80 80 79 78 77 77 76 77 78 79 81 83 84 85 86 87 87 87 87 88 88 89 91 92 93 95 96 97 98 99 100 101 101 102 103 103 105 106 108 110 112 115 117 120 122 124 125 125 126 125 125 124 123 121 119 117 115 112 110 107 105 103 102 100
-9999 -9999 -9999 -9999 -9999 -9999 -9999 -9999 -9999 -9999 -9999 -9999 -9999 -9999 -9999 -9999 -9999 -9999 -9999 -9999 -9999 -9999 -9999 -9999 -9999 -9999 -9999 80 81 82 80 79 78 78 77 76 76 76 77 79 81 82 83 85 85 86 86 86 88 88 89 89 91 92 94 95 96 97 98 99 100 101 102 103 104 105 105 107 108 111 113 116 119 122 124 126 127 128 128 128 128 127 127 125 123 121 119 116 114 111 108 106 104 103
-9999 -9999 -9999 -9999 -9999 -9999 -9999 -9999 -9999 -9999 -9999 -9999 -9999 -9999 -9999 -9999 -9999 -9999 -9999 -9999 -9999 -9999 -9999 -9999 -9999 -9999 -9999 80 81 80 79 79 78 77 76 76 75 76 77 79 81 82 83 84 85 85 86 86 87 88 89 90 91 92 94 95 96 97 98 99 101 102 103 104 105 106 106 107 109 111 114 117 120 123 126 128 129 130 131 131 131 131 130 129 128 125 123 120 117 115 112 109 107 105
-9999 -9999 -9999 -9999 -9999 -9999 -9999 -9999 -9999 -9999 -9999 -9999 -9999 -9999 -9999 -9999 -9999 -9999 -9999 -9999 -9999 -9999 -9999 -9999 -9999 -9999 -9999 -9999 79 79 79 78 77 76 75 75 74 75 77 79 80 81 82 83 84 84 85 86 87 88 89 90 90 92 93 95 96 97 98 100 101 102 104 105 106 106 107 108 110 112 115 117 121 124 126 129 130 131 133 133 133 133 133 133 132 130 127 125 122 119 116 113 110 109
-9999 -9999 -9999 -9999 -9999 -9999 -9999 -9999 -9999 -9999 -9999 -9999 -9999 -9999 -9999 -9999 -9999 -9999 -9999 -9999 -9999 -9999 -9999 -9999 -9999 -9999 -9999 -9999 -9999 78 77 76 76 75 74 73 73 75 77 79 80 81 82 82 83 83 84 85 86 87 88 89 90 91 92 94 95 97 98 100 101 103 104 106 106 106 108 109 111 113 116 119 121 124 127 130 132 132 134 135 135 136 136 136 135 134 132 129 126 123 120 117 114 112
-9999 -9999 -9999 -9999 -9999 -9999 -9999 -9999 -9999 -9999 -9999 -9999 -9999 -9999 -9999 -9999 -9999 -9999 -9999 -9999 -9999 -9999 -9999 -9999 -9999 -9999 -9999 -9999 -9999 -9999 76 75 75 74 72 72 73 75 77 78 80 80 81 81 81 81 82 83 84 86 87 88 89 91 91 93 95 96 98 100 101 103 105 106 106 107 109 110 113 115 117 120 122 125 127 130 132 133 135 136 137 138 139 139 139 138 136 134 131 128 125 121 119 116
-9999 -9999 -9999 -9999 -9999 -9999 -9999 -9999 -9999 -9999 -9999 -9999 -9999 -9999 -9999 -9999 -9999 -9999 -9999 -9999 -9999 -9999 -9999 -9999 -9999 -9999 -9999 -9999 -9999 -9999 75 74 74 73 72 73 74 76 77 78 79 80 80 80 80 80 81 82 83 84 85 86 88 89 90 92 94 96 98 100 101 104 106 107 109 110 112 114 116 118 120 122 124 126 128 130 132 134 135 137 139 141 141 142 142 141 140 138 135 132 129 126 123 121
-9999 -9999 -9999 -9999 -9999 -9999 -9999 -9999 -9999 -9999 -9999 -9999 -9999 -9999 -9999 -9999 -9999 -9999 -9999 -9999 -9999 -9999 -9999 -9999 -9999 -9999 -9999 -9999 -9999 -9999 -9999 -9999 -9999 72 72 73 74 76 77 77 78 79 79 79 78 79 79 80 82 83 84 85 86 87 89 90 92 95 99 101 103 106 108 110 113 116 117 118 120 121 123 124 126 127 129 131 133 135 136 138 140 142 144 144 144 144 144 142 139 137 134 131 128 125
-9999 -9999 -9999 -9999 -9999 -9999 -9999 -9999 -9999 -9999 -9999 -9999 -9999 -9999 -9999 -9999 -9999 -9999 -9999 -9999 -9999 -9999 -9999 -9999 -9999 -9999 -9999 -9999 -9999 -9999 -9999 -9999 -9999 -9999 -9999 -9999 -9999 76 77 77 78 78 78 78 77 77 78 79 81 81 82 83 84 85 87 90 92 95 99 102 105 108 111 114 117 119 121 122 124 125 126 127 128 129 131 132 134 136 137 139 141 143 145 146 146 147 146 145 143 141 138 135 132 130
-9999 -9999 -9999 -9999 -9999 -9999 -9999 -9999 -9999 -9999 -9999 -9999 -9999 -9999 -9999 -9999 -9999 -9999 -9999 -9999 -9999 -9999 -9999 -9999 -9999 -9999 -9999 -9999 -9999 -9999 -9999 -9999 -9999 -9999 -9999 -9999 -9999 -9999 -9999 -9999 77 77 77 77 77 77 79 80 80 79 80 81 82 84 87 90 92 96 100 103 107 110 114 117 120 123 125 126 128 129 130 130 131 132 132 133 135 136 139 140 143 145 146 147 148 149 149 148 146 144 142 140 137 134
-9999 -9999 -9999 -9999 -9999 -9999 -9999 -9999 -9999 -9999 -9999 -9999 -9999 -9999 -9999 -9999 -9999 -9999 -9999 -9999 -9999 -9999 -9999 -9999 -9999 -9999 -9999 -9999 -9999 -9999 -9999 -9999 -9999 -9999 -9999 -9999 -9999 -9999 -9999 -9999 -9999 77 77 77 77 78 79 79 78 78 78 80 82 85 87 91 94 97 101 104 108 112 116 120 123 126 128 129 131 132 133 133 134 134 134 135 136 137 140 141 143 145 147 149 150 150 151 150 149 148 146 143 141 138
-9999 -9999 -9999 -9999 -9999 -9999 -9999 -9999 -9999 -9999 -9999 -9999 -9999 -9999 -9999 -9999 -9999 -9999 -9999 -9999 -9999 -9999 -9999 -9999 -9999 -9999 -9999 -9999 -9999 -9999 -9999 -9999 -9999 -9999 -9999 -9999 -9999 -9999 -9999 -9999 -9999 -9999 -9999 77 77 78 78 78 78 78 79 80 82 85 88 91 95 98 101 105 109 114 118 121 125 128 130 133 133 134 135 136 136 136 136 137 138 139 141 142 144 146 147 149 150 151 151 151 151 150 149 147 144 142
-9999 -9999 -9999 -9999 -9999 -9999 -9999 -9999 -9999 -9999 -9999 -9999 -9999 -9999 -9999 -9999 -9999 -9999 -9999 -9999 -9999 -9999 -9999 -9999 -9999 -9999 -9999 -9999 -9999 -9999 -9999 -9999 -9999 -9999 -9999 -9999 -9999 -9999 -9999 -9999 -9999 -9999 -9999 -9999 79 79 78 78 78 78 79 80 83 86 89 92 95 99 102 106 110 114 118 122 126 129 131 134 134 136 137 137 138 138 138 139 140 141 142 143 144 146 148 149 150 151 151 152 152 152 151 149 147 145
-9999 -9999 -9999 -9999 -9999 -9999 -9999 -9999 -9999 -9999 -9999 -9999 -9999 -9999 -9999 -9999 -9999 -9999 -9999 -9999 -9999 -9999 -9999 -9999 -9999 -9999 -9999 -9999 -9999 -9999 -9999 -9999 -9999 -9999 -9999 -9999 -9999 -9999 -9999 -9999 -9999 -9999 -9999 79 81 81 80 79 79 79 80 81 84 87 90 92 95 99 103 106 110 114 118 122 125 128 131 134 136 136 137 138 139 140 140 140 141 142 143 144 145 146 148 149 150 151 152 153 153 153 152 151 150 148
-9999 -9999 -9999 -9999 -9999 -9999 -9999 -9999 -9999 -9999 -9999 -9999 -9999 -9999 -9999 -9999 -9999 -9999 -9999 -9999 -9999 -9999 -9999 -9999 -9999 -9999 -9999 -9999 -9999 -9999 -9999 -9999 -9999 -9999 -9999 -9999 -9999 -9999 -9999 -9999 -9999 -9999 -9999 80 82 82 81 81 80 81 81 83 86 89 91 93 96 100 103 106 109 113 117 121 124 127 131 133 135 137 137 139 140 141 141 142 142 143 144 144 146 146 147 148 149 150 152 154 154 154 153 152 151 150
-9999 -9999 -9999 -9999 -9999 -9999 -9999 -9999 -9999 -9999 -9999 -9999 -9999 -9999 -9999 -9999 -9999 -9999 -9999 -9999 -9999 -9999 -9999 -9999 -9999 -9999 -9999 -9999 -9999 -9999 -9999 -9999 -9999 -9999 -9999 -9999 -9999 -9999 -9999 -9999 -9999 -9999 -9999 83 84 84 84 83 83 83 84 85 87 91 92 94 97 100 103 106 108 112 115 119 123 126 129 132 134 136 137 138 140 141 142 143 143 144 144 144 146 147 146 147 149 150 152 154 155 154 154 153 152 151
-9999 -9999 -9999 -9999 -9999 -9999 -9999 -9999 -9999 -9999 -9999 -9999 -9999 -9999 -9999 -9999 -9999 -9999 -9999 -9999 -9999 -9999 -9999 -9999 -9999 -9999 -9999 -9999 -9999 -9999 -9999 -9999 -9999 -9999 -9999 -9999 -9999 -9999 -9999 -9999 -9999 -9999 86 86 87 87 87 86 87 87 87 88 90 92 94 96 98 101 103 106 108 111 114 117 121 124 127 130 133 135 137 138 139 141 142 143 143 143 143 144 145 146 147 147 148 150 151 152 154 154 154 154 153 152
-9999 -9999 -9999 -9999 -9999 -9999 -9999 -9999 -9999 -9999 -9999 -9999 -9999 -9999 -9999 -9999 -9999 -9999 -9999 -9999 -9999 -9999 -9999 -9999 -9999 -9999 -9999 -9999 -9999 -9999 -9999 -9999 -9999 -9999 -9999 -9999 -9999 -9999 -9999 -9999 -9999 88 90 90 91 91 91 91 91 91 91 91 92 94 96 98 100 102 104 106 108 110 113 116 120 123 126 129 132 134 136 138 139 140 141 142 142 143 143 144 145 145 147 147 148 149 150 152 153 154 155 154 154 153
