Capas/FUTURO/Eje_30s/ASC/bio_14.asc
ncols         993
nrows         433
xllcorner     -105.25566776747
yllcorner     17.599810932142
cellsize      0.0083333333
NODATA_value  -9999
[rows 246 to 286 of 433, columns 564 to 657 of 993]
-9999 -9999 -9999 -9999 -9999 -9999 -9999 -9999 -9999 -9999 -9999 -9999 -9999 -9999 -9999 -9999 -9999 -9999 -9999 -9999 -9999 -9999 -9999 -9999 -9999 -9999 -9999 -9999 -9999 -9999 -9999 -9999 -9999 -9999 -9999 -9999 -9999 -9999 -9999 -9999 91 93 94 95 96 96 96 96 96 96 95 95 96 97 99 101 103 104 106 107 109 111 113 116 119 122 125 128 131 133 136 137 138 139 140 140 141 141 142 143 144 146 147 148 148 149 150 152 153 154 154 155 154 153
-9999 -9999 -9999 -9999 -9999 -9999 -9999 -9999 -9999 -9999 -9999 -9999 -9999 -9999 -9999 -9999 -9999 -9999 -9999 -9999 -9999 -9999 -9999 -9999 -9999 -9999 -9999 -9999 -9999 -9999 -9999 -9999 -9999 -9999 -9999 -9999 -9999 -9999 -9999 95 97 98 100 101 101 102 101 101 100 100 100 99 100 101 102 105 106 107 108 109 111 112 114 116 119 122 125 128 130 133 135 135 137 138 138 139 140 140 141 143 144 146 147 149 149 150 150 152 153 153 154 155 154 154
-9999 -9999 -9999 -9999 -9999 -9999 -9999 -9999 -9999 -9999 -9999 -9999 -9999 -9999 -9999 -9999 -9999 -9999 -9999 -9999 -9999 -9999 -9999 -9999 -9999 -9999 -9999 -9999 -9999 -9999 -9999 -9999 -9999 -9999 -9999 -9999 -9999 -9999 97 100 101 103 104 105 106 106 105 105 104 104 104 104 104 105 107 108 110 111 111 111 113 114 116 117 120 123 125 127 129 132 133 134 135 136 137 137 139 140 142 143 145 147 148 149 150 151 151 152 153 153 154 154 155 155
-9999 -9999 -9999 -9999 -9999 -9999 -9999 -9999 -9999 -9999 -9999 -9999 -9999 -9999 -9999 -9999 -9999 -9999 -9999 -9999 -9999 -9999 -9999 -9999 -9999 -9999 -9999 -9999 -9999 -9999 -9999 -9999 -9999 -9999 -9999 -9999 -9999 96 99 101 103 105 106 108 108 109 109 108 108 108 108 108 109 110 111 112 113 115 115 115 115 116 118 120 121 123 125 127 128 131 132 132 133 134 135 136 138 140 142 144 145 147 148 149 150 152 152 152 153 153 154 154 155 156
-9999 -9999 -9999 -9999 -9999 -9999 -9999 -9999 -9999 -9999 -9999 -9999 -9999 -9999 -9999 -9999 -9999 -9999 -9999 -9999 -9999 -9999 -9999 -9999 -9999 -9999 -9999 -9999 -9999 -9999 -9999 -9999 -9999 -9999 -9999 -9999 92 96 98 101 104 105 107 109 110 110 110 110 110 111 111 111 112 113 114 116 117 118 118 118 119 119 120 121 122 123 124 126 128 130 131 132 132 133 134 136 137 139 142 144 145 146 148 149 150 151 153 153 153 153 154 154 156 158
-9999 -9999 -9999 -9999 -9999 -9999 -9999 -9999 -9999 -9999 -9999 -9999 -9999 -9999 -9999 -9999 -9999 -9999 -9999 -9999 -9999 -9999 -9999 -9999 -9999 -9999 -9999 -9999 -9999 -9999 -9999 -9999 -9999 -9999 -9999 -9999 91 94 96 100 102 104 107 109 110 111 111 112 112 112 113 113 114 116 117 119 120 121 121 121 121 122 122 122 123 123 124 126 127 129 129 130 131 133 134 136 138 140 142 144 145 146 148 149 150 151 152 153 152 153 153 154 156 159
-9999 -9999 -9999 -9999 -9999 -9999 -9999 -9999 -9999 -9999 -9999 -9999 -9999 -9999 -9999 -9999 -9999 -9999 -9999 -9999 -9999 -9999 -9999 -9999 -9999 -9999 -9999 -9999 -9999 -9999 -9999 -9999 -9999 -9999 -9999 87 89 91 94 96 98 101 105 108 110 111 112 112 112 113 114 114 116 117 119 120 122 122 123 123 123 123 123 123 123 124 124 125 127 128 128 129 131 133 134 136 138 140 141 143 145 146 148 149 150 151 151 152 152 152 153 154 156 159
-9999 -9999 -9999 -9999 -9999 -9999 -9999 -9999 -9999 -9999 -9999 -9999 -9999 -9999 -9999 -9999 -9999 -9999 -9999 -9999 -9999 -9999 -9999 -9999 -9999 -9999 -9999 -9999 -9999 -9999 -9999 -9999 -9999 -9999 -9999 86 87 88 90 92 94 97 100 104 107 110 111 112 112 113 113 114 116 118 119 120 121 123 123 123 123 123 123 123 123 123 125 125 126 127 128 130 131 133 134 136 138 140 141 142 144 145 147 149 150 150 150 151 152 152 152 153 155 158
-9999 -9999 -9999 -9999 -9999 -9999 -9999 -9999 -9999 -9999 -9999 -9999 -9999 -9999 -9999 -9999 -9999 -9999 -9999 -9999 -9999 -9999 -9999 -9999 -9999 -9999 -9999 -9999 -9999 -9999 -9999 -9999 -9999 -9999 81 83 84 86 87 89 91 93 96 100 103 106 108 110 110 111 112 114 115 116 118 120 121 122 122 122 123 123 123 123 123 124 124 126 126 127 128 130 131 133 134 136 138 140 141 142 143 144 146 147 149 149 149 150 151 152 153 152 154 156
-9999 -9999 -9999 -9999 -9999 -9999 -9999 -9999 -9999 -9999 -9999 -9999 -9999 -9999 -9999 -9999 -9999 -9999 -9999 -9999 -9999 -9999 -9999 -9999 -9999 -9999 -9999 -9999 -9999 -9999 -9999 -9999 -9999 -9999 78 80 82 83 85 87 89 91 94 97 99 101 103 105 107 108 110 112 114 115 117 118 119 120 121 122 122 122 122 122 123 123 124 126 127 127 128 130 131 133 134 136 138 139 140 142 142 143 144 146 147 148 148 149 150 151 152 153 154 156
-9999 -9999 -9999 -9999 -9999 -9999 -9999 -9999 -9999 -9999 -9999 -9999 -9999 -9999 -9999 -9999 -9999 -9999 -9999 -9999 -9999 -9999 -9999 -9999 -9999 -9999 -9999 -9999 -9999 -9999 -9999 -9999 -9999 -9999 75 77 79 81 83 84 86 89 92 94 95 98 99 101 103 106 108 111 112 113 114 116 117 118 119 120 120 120 120 122 123 123 124 125 126 126 127 129 130 132 134 136 137 138 140 141 142 142 143 144 146 146 148 148 150 151 152 152 154 154
-9999 -9999 -9999 -9999 -9999 -9999 -9999 -9999 -9999 -9999 -9999 -9999 -9999 -9999 -9999 -9999 -9999 -9999 -9999 -9999 -9999 -9999 -9999 -9999 -9999 -9999 -9999 -9999 -9999 -9999 -9999 -9999 -9999 -9999 71 73 76 78 81 83 84 86 89 91 92 95 97 99 101 105 106 106 108 110 111 113 116 116 117 118 118 118 120 121 122 123 123 124 125 126 127 129 130 132 134 135 136 138 139 140 141 142 142 143 144 145 146 147 148 151 151 151 153 154
-9999 -9999 -9999 -9999 -9999 -9999 -9999 -9999 -9999 -9999 -9999 -9999 -9999 -9999 -9999 -9999 -9999 -9999 -9999 -9999 -9999 -9999 -9999 -9999 -9999 -9999 -9999 -9999 -9999 -9999 -9999 -9999 -9999 -9999 67 70 73 76 78 80 82 84 86 88 90 92 94 97 100 102 103 103 104 106 108 111 113 115 116 117 116 117 119 121 122 123 123 124 125 126 128 129 131 132 134 135 137 138 139 140 141 141 142 142 143 144 145 146 146 148 149 151 151 154
-9999 -9999 -9999 -9999 -9999 -9999 -9999 -9999 -9999 -9999 -9999 -9999 -9999 -9999 -9999 -9999 -9999 -9999 -9999 -9999 -9999 -9999 -9999 -9999 -9999 -9999 -9999 -9999 -9999 -9999 -9999 -9999 -9999 -9999 -9999 68 71 73 76 77 80 83 85 87 89 91 93 96 99 99 99 101 102 104 105 108 111 113 114 114 115 116 118 120 122 123 123 124 125 126 128 130 131 133 134 136 138 138 139 140 140 141 141 142 142 143 144 144 145 147 148 150 151 153
-9999 -9999 -9999 -9999 -9999 -9999 -9999 -9999 -9999 -9999 -9999 -9999 -9999 -9999 -9999 -9999 -9999 -9999 -9999 -9999 -9999 -9999 -9999 -9999 -9999 -9999 -9999 -9999 -9999 -9999 -9999 -9999 -9999 -9999 -9999 -9999 68 71 73 75 79 81 83 85 87 90 92 94 96 97 98 99 100 101 104 106 109 111 112 113 116 118 120 122 123 125 125 125 126 127 129 131 133 134 135 136 138 139 139 139 139 140 140 141 142 142 143 143 144 146 148 149 150 151
-9999 -9999 -9999 -9999 -9999 -9999 -9999 -9999 -9999 -9999 -9999 -9999 -9999 -9999 -9999 -9999 -9999 -9999 -9999 -9999 -9999 -9999 -9999 -9999 -9999 -9999 -9999 -9999 -9999 -9999 -9999 -9999 -9999 -9999 -9999 -9999 -9999 69 72 73 76 79 81 84 86 89 91 93 94 95 96 97 98 99 102 105 108 110 111 114 117 119 121 123 125 127 127 128 128 129 130 132 134 135 136 137 138 139 138 138 138 139 139 140 141 142 142 143 144 145 147 148 150 150
-9999 -9999 -9999 -9999 -9999 -9999 -9999 -9999 -9999 -9999 -9999 -9999 -9999 -9999 -9999 -9999 -9999 -9999 -9999 -9999 -9999 -9999 -9999 -9999 -9999 -9999 -9999 -9999 -9999 -9999 -9999 -9999 -9999 -9999 -9999 -9999 -9999 -9999 -9999 72 75 78 81 83 85 87 90 91 93 94 95 95 96 98 101 103 106 109 112 115 117 119 121 123 125 127 128 129 130 132 133 135 136 137 138 139 139 139 138 138 138 138 139 139 140 141 142 142 143 145 146 147 148 149
-9999 -9999 -9999 -9999 -9999 -9999 -9999 -9999 -9999 -9999 -9999 -9999 -9999 -9999 -9999 -9999 -9999 -9999 -9999 -9999 -9999 -9999 -9999 -9999 -9999 -9999 -9999 -9999 -9999 -9999 -9999 -9999 -9999 -9999 -9999 -9999 -9999 -9999 -9999 -9999 73 76 79 82 84 86 89 90 91 92 94 96 98 100 101 103 106 109 113 116 118 120 121 123 125 127 128 129 131 133 135 137 138 139 139 139 139 139 138 138 138 138 138 139 139 140 141 142 142 143 144 146 147 148
-9999 -9999 -9999 -9999 -9999 -9999 -9999 -9999 -9999 -9999 -9999 -9999 -9999 -9999 -9999 -9999 -9999 -9999 -9999 -9999 -9999 -9999 -9999 -9999 -9999 -9999 -9999 -9999 -9999 -9999 -9999 -9999 -9999 -9999 -9999 -9999 -9999 -9999 -9999 -9999 -9999 76 78 81 83 85 88 90 90 92 95 97 99 101 104 105 107 110 113 115 117 119 121 122 124 126 128 130 132 134 136 138 139 139 139 140 138 138 137 137 137 137 138 139 139 140 141 142 142 142 143 144 145 146
-9999 -9999 -9999 -9999 -9999 -9999 -9999 -9999 -9999 -9999 -9999 -9999 -9999 -9999 -9999 -9999 -9999 -9999 -9999 -9999 -9999 -9999 -9999 -9999 -9999 -9999 -9999 -9999 -9999 -9999 -9999 -9999 -9999 -9999 -9999 -9999 -9999 -9999 -9999 -9999 -9999 77 79 81 82 84 87 89 90 92 95 97 99 102 105 107 109 110 113 115 117 118 120 122 123 126 128 131 133 135 137 139 139 138 138 139 138 137 136 137 136 137 138 138 139 140 141 141 141 142 141 142 143 143
-9999 -9999 -9999 -9999 -9999 -9999 -9999 -9999 -9999 -9999 -9999 -9999 -9999 -9999 -9999 -9999 -9999 -9999 -9999 -9999 -9999 -9999 -9999 -9999 -9999 -9999 -9999 -9999 -9999 -9999 -9999 -9999 -9999 -9999 -9999 -9999 -9999 -9999 -9999 -9999 -9999 -9999 81 83 83 84 87 88 91 93 95 97 100 103 106 108 111 112 113 114 116 117 119 121 124 126 128 131 134 135 138 138 137 138 138 138 137 136 135 136 136 136 137 138 139 140 140 141 140 140 140 141 140 140
-9999 -9999 -9999 -9999 -9999 -9999 -9999 -9999 -9999 -9999 -9999 -9999 -9999 -9999 -9999 -9999 -9999 -9999 -9999 -9999 -9999 -9999 -9999 -9999 -9999 -9999 -9999 -9999 -9999 -9999 -9999 -9999 -9999 -9999 -9999 -9999 -9999 -9999 -9999 -9999 -9999 -9999 -9999 85 86 86 87 90 93 95 96 98 102 104 107 110 112 114 114 115 116 117 119 121 125 127 128 131 134 136 137 137 136 138 138 137 135 135 135 134 135 136 137 139 139 140 141 140 139 138 138 138 138 138
-9999 -9999 -9999 -9999 -9999 -9999 -9999 -9999 -9999 -9999 -9999 -9999 -9999 -9999 -9999 -9999 -9999 -9999 -9999 -9999 -9999 -9999 -9999 -9999 -9999 -9999 -9999 -9999 -9999 -9999 -9999 -9999 -9999 -9999 -9999 -9999 -9999 -9999 -9999 -9999 -9999 -9999 -9999 -9999 87 89 90 92 95 97 97 99 102 105 108 110 113 114 115 116 117 118 120 122 125 128 130 131 134 136 136 135 136 136 136 135 133 133 133 134 134 135 137 138 140 140 140 139 138 136 135 135 135 135
-9999 -9999 -9999 -9999 -9999 -9999 -9999 -9999 -9999 -9999 -9999 -9999 -9999 -9999 -9999 -9999 -9999 -9999 -9999 -9999 -9999 -9999 -9999 -9999 -9999 -9999 -9999 -9999 -9999 -9999 -9999 -9999 -9999 -9999 -9999 -9999 -9999 -9999 -9999 -9999 -9999 -9999 -9999 -9999 89 91 93 93 96 97 98 100 102 106 108 111 113 115 115 116 118 119 121 122 124 127 130 131 132 133 135 134 134 135 133 132 131 132 132 132 134 134 136 137 139 140 139 138 137 134 132 132 131 131
-9999 -9999 -9999 -9999 -9999 -9999 -9999 -9999 -9999 -9999 -9999 -9999 -9999 -9999 -9999 -9999 -9999 -9999 -9999 -9999 -9999 -9999 -9999 -9999 -9999 -9999 -9999 -9999 -9999 -9999 -9999 -9999 -9999 -9999 -9999 -9999 -9999 -9999 -9999 -9999 -9999 -9999 -9999 -9999 -9999 90 93 94 95 97 98 100 102 106 108 111 113 114 115 116 118 120 122 123 124 126 129 131 132 131 132 132 132 132 131 130 130 130 130 131 132 134 135 136 137 138 138 137 135 131 130 128 127 127
-9999 -9999 -9999 -9999 -9999 -9999 -9999 -9999 -9999 -9999 -9999 -9999 -9999 -9999 -9999 -9999 -9999 -9999 -9999 -9999 -9999 -9999 -9999 -9999 -9999 -9999 -9999 -9999 -9999 -9999 -9999 -9999 -9999 -9999 -9999 -9999 -9999 -9999 -9999 -9999 -9999 -9999 -9999 -9999 -9999 87 90 92 93 94 97 99 101 105 107 109 112 113 114 115 117 120 122 124 125 126 128 128 130 131 131 131 130 129 128 128 128 129 129 129 131 132 134 135 136 136 135 134 132 128 126 125 124 123
-9999 -9999 -9999 -9999 -9999 -9999 -9999 -9999 -9999 -9999 -9999 -9999 -9999 -9999 -9999 -9999 -9999 -9999 -9999 -9999 -9999 -9999 -9999 -9999 -9999 -9999 -9999 -9999 -9999 -9999 -9999 -9999 -9999 -9999 -9999 -9999 -9999 -9999 -9999 -9999 -9999 -9999 -9999 -9999 -9999 -9999 88 89 90 91 94 96 100 103 105 107 110 111 112 113 115 117 120 123 124 125 125 125 128 130 131 130 129 128 126 126 126 127 127 127 128 131 133 134 134 135 -9999 -9999 -9999 -9999 122 121 120 120
-9999 -9999 -9999 -9999 -9999 -9999 -9999 -9999 -9999 -9999 -9999 -9999 -9999 -9999 -9999 -9999 -9999 -9999 -9999 -9999 -9999 -9999 -9999 -9999 -9999 -9999 -9999 -9999 -9999 -9999 -9999 -9999 -9999 -9999 -9999 -9999 -9999 -9999 -9999 -9999 -9999 -9999 -9999 -9999 -9999 -9999 85 87 88 88 91 96 98 101 104 105 107 109 110 111 114 116 118 121 122 122 123 124 126 128 129 129 127 126 125 124 124 125 125 125 125 128 130 131 132 -9999 -9999 -9999 -9999 -9999 -9999 -9999 -9999 116
-9999 -9999 -9999 -9999 -9999 -9999 -9999 -9999 -9999 -9999 -9999 -9999 -9999 -9999 -9999 -9999 -9999 -9999 -9999 -9999 -9999 -9999 -9999 -9999 -9999 -9999 -9999 -9999 -9999 -9999 -9999 -9999 -9999 -9999 -9999 -9999 -9999 -9999 -9999 -9999 -9999 -9999 -9999 -9999 -9999 -9999 -9999 84 86 87 90 93 96 98 102 104 106 107 108 110 112 114 116 119 119 121 122 122 123 125 125 125 124 123 122 121 121 122 123 122 123 125 127 127 -9999 -9999 -9999 -9999 -9999 -9999 -9999 -9999 -9999 -9999
-9999 -9999 -9999 -9999 -9999 -9999 -9999 -9999 -9999 -9999 -9999 -9999 -9999 -9999 -9999 -9999 -9999 -9999 -9999 -9999 -9999 -9999 -9999 -9999 -9999 -9999 -9999 -9999 -9999 -9999 -9999 -9999 -9999 -9999 -9999 -9999 -9999 -9999 -9999 -9999 -9999 -9999 -9999 -9999 -9999 -9999 -9999 82 83 84 87 90 94 96 100 102 104 104 106 108 110 112 114 115 117 119 119 119 121 122 120 122 122 120 120 119 118 118 118 118 119 122 123 123 -9999 -9999 -9999 -9999 -9999 -9999 -9999 -9999 -9999 -9999
-9999 -9999 -9999 -9999 -9999 -9999 -9999 -9999 -9999 -9999 -9999 -9999 -9999 -9999 -9999 -9999 -9999 -9999 -9999 -9999 -9999 -9999 -9999 -9999 -9999 -9999 -9999 -9999 -9999 -9999 -9999 -9999 -9999 -9999 -9999 -9999 -9999 -9999 -9999 -9999 -9999 -9999 -9999 -9999 -9999 -9999 -9999 -9999 81 83 85 87 91 94 98 101 103 103 104 107 108 109 111 112 114 116 117 117 118 118 117 118 119 119 118 117 116 115 115 115 117 117 117 -9999 -9999 -9999 -9999 -9999 -9999 -9999 -9999 -9999 -9999 -9999
-9999 -9999 -9999 -9999 -9999 -9999 -9999 -9999 -9999 -9999 -9999 -9999 -9999 -9999 -9999 -9999 -9999 -9999 -9999 -9999 -9999 -9999 -9999 -9999 -9999 -9999 -9999 -9999 -9999 -9999 -9999 -9999 -9999 -9999 -9999 -9999 -9999 -9999 -9999 -9999 -9999 -9999 -9999 -9999 -9999 -9999 -9999 -9999 81 82 83 86 89 93 96 99 102 101 103 105 106 107 109 111 112 114 114 113 113 113 113 114 115 116 116 115 114 113 112 112 113 112 112 -9999 -9999 -9999 -9999 -9999 -9999 -9999 -9999 -9999 -9999 -9999
-9999 -9999 -9999 -9999 -9999 -9999 -9999 -9999 -9999 -9999 -9999 -9999 -9999 -9999 -9999 -9999 -9999 -9999 -9999 -9999 -9999 -9999 -9999 -9999 -9999 -9999 -9999 -9999 -9999 -9999 -9999 -9999 -9999 -9999 -9999 -9999 -9999 -9999 -9999 -9999 -9999 -9999 -9999 -9999 -9999 -9999 -9999 -9999 -9999 81 83 85 89 92 94 98 100 100 101 103 105 106 107 107 109 110 110 110 110 110 110 111 112 113 115 115 113 111 110 109 109 107 107 -9999 -9999 -9999 -9999 -9999 -9999 -9999 -9999 -9999 -9999 -9999
-9999 -9999 -9999 -9999 -9999 -9999 -9999 -9999 -9999 -9999 -9999 -9999 -9999 -9999 -9999 -9999 -9999 -9999 -9999 -9999 -9999 -9999 -9999 -9999 -9999 -9999 -9999 -9999 -9999 -9999 -9999 -9999 -9999 -9999 -9999 -9999 -9999 -9999 -9999 -9999 -9999 -9999 -9999 -9999 -9999 -9999 -9999 -9999 -9999 82 83 86 88 91 93 96 98 99 99 101 103 103 104 105 107 108 108 107 107 108 109 109 110 112 114 114 111 109 108 107 105 104 102 -9999 -9999 -9999 -9999 -9999 -9999 -9999 -9999 -9999 -9999 -9999
-9999 -9999 -9999 -9999 -9999 -9999 -9999 -9999 -9999 -9999 -9999 -9999 -9999 -9999 -9999 -9999 -9999 -9999 -9999 -9999 -9999 -9999 -9999 -9999 -9999 -9999 -9999 -9999 -9999 -9999 -9999 -9999 -9999 -9999 -9999 -9999 -9999 -9999 -9999 -9999 -9999 -9999 -9999 -9999 -9999 -9999 -9999 -9999 -9999 -9999 84 86 87 90 -9999 94 96 97 96 98 100 100 101 104 105 105 105 106 106 107 108 109 109 111 113 113 110 108 106 104 102 101 99 -9999 -9999 -9999 -9999 -9999 -9999 -9999 -9999 -9999 -9999 -9999
-9999 -9999 -9999 -9999 -9999 -9999 -9999 -9999 -9999 -9999 -9999 -9999 -9999 -9999 -9999 -9999 -9999 -9999 -9999 -9999 -9999 -9999 -9999 -9999 -9999 -9999 -9999 -9999 -9999 -9999 -9999 -9999 -9999 -9999 -9999 -9999 -9999 -9999 -9999 -9999 -9999 -9999 -9999 -9999 -9999 -9999 -9999 -9999 -9999 -9999 84 -9999 -9999 -9999 -9999 92 94 95 94 95 96 98 99 101 102 104 104 104 105 106 106 106 108 109 111 110 110 109 106 103 100 99 97 -9999 -9999 -9999 -9999 -9999 -9999 -9999 -9999 -9999 -9999 -9999
-9999 -9999 -9999 -9999 -9999 -9999 -9999 -9999 -9999 -9999 -9999 -9999 -9999 -9999 -9999 -9999 -9999 -9999 -9999 -9999 -9999 -9999 -9999 -9999 -9999 -9999 -9999 -9999 -9999 -9999 -9999 -9999 -9999 -9999 -9999 -9999 -9999 -9999 -9999 -9999 -9999 -9999 -9999 -9999 -9999 -9999 -9999 -9999 -9999 -9999 -9999 -9999 -9999 -9999 -9999 -9999 91 92 91 92 94 96 97 98 100 102 103 102 102 102 104 104 105 106 108 109 109 108 106 105 102 100 -9999 -9999 -9999 -9999 -9999 -9999 -9999 -9999 -9999 -9999 -9999 -9999
-9999 -9999 -9999 -9999 -9999 -9999 -9999 -9999 -9999 -9999 -9999 -9999 -9999 -9999 -9999 -9999 -9999 -9999 -9999 -9999 -9999 -9999 -9999 -9999 -9999 -9999 -9999 -9999 -9999 -9999 -9999 -9999 -9999 -9999 -9999 -9999 -9999 -9999 -9999 -9999 -9999 -9999 -9999 -9999 -9999 -9999 -9999 -9999 -9999 -9999 -9999 -9999 -9999 -9999 -9999 -9999 88 88 88 90 93 94 94 95 96 97 98 98 98 99 102 102 102 104 106 108 108 108 108 106 104 104 102 -9999 -9999 -9999 -9999 -9999 -9999 -9999 -9999 -9999 -9999 -9999
-9999 -9999 -9999 -9999 -9999 -9999 -9999 -9999 -9999 -9999 -9999 -9999 -9999 -9999 -9999 -9999 -9999 -9999 -9999 -9999 -9999 -9999 -9999 -9999 -9999 -9999 -9999 -9999 -9999 -9999 -9999 -9999 -9999 -9999 -9999 -9999 -9999 -9999 -9999 -9999 -9999 -9999 -9999 -9999 -9999 -9999 -9999 -9999 -9999 -9999 -9999 -9999 -9999 -9999 -9999 -9999 84 86 86 88 90 90 91 92 92 93 94 94 95 97 100 100 100 102 104 106 107 108 109 108 107 105 103 -9999 -9999 -9999 -9999 -9999 -9999 -9999 -9999 -9999 -9999 -9999
-9999 -9999 -9999 -9999 -9999 -9999 -9999 -9999 -9999 -9999 -9999 -9999 -9999 -9999 -9999 -9999 -9999 -9999 -9999 -9999 -9999 -9999 -9999 -9999 -9999 -9999 -9999 -9999 -9999 -9999 -9999 -9999 -9999 -9999 -9999 -9999 -9999 -9999 -9999 -9999 -9999 -9999 -9999 -9999 -9999 -9999 -9999 -9999 -9999 -9999 -9999 -9999 -9999 -9999 -9999 -9999 82 84 86 86 86 87 88 88 89 89 90 91 92 94 96 98 98 99 100 102 104 106 107 107 109 107 106 -9999 -9999 -9999 -9999 -9999 -9999 -9999 -9999 -9999 -9999 -9999
-9999 -9999 -9999 -9999 -9999 -9999 -9999 -9999 -9999 -9999 -9999 -9999 -9999 -9999 -9999 -9999 -9999 -9999 -9999 -9999 -9999 -9999 -9999 -9999 -9999 -9999 -9999 -9999 -9999 -9999 -9999 -9999 -9999 -9999 -9999 -9999 -9999 -9999 -9999 -9999 -9999 -9999 -9999 -9999 -9999 -9999 -9999 -9999 -9999 -9999 -9999 -9999 -9999 -9999 -9999 -9999 80 81 82 83 83 84 84 85 86 87 89 89 90 92 95 96 95 95 96 97 101 103 105 107 107 108 107 -9999 -9999 -9999 -9999 -9999 -9999 -9999 -9999 -9999 -9999 -9999
