Capas/FUTURO/Eje_30s/ASC/bio_16.asc
ncols         993
nrows         433
xllcorner     -105.25566776747
yllcorner     17.599810932142
cellsize      0.0083333333
NODATA_value  -9999
[rows 36 to 71 of 433, columns 164 to 245 of 993]
5691 5549 5424 5310 5214 5119 5023 4917 4830 4770 4748 4739 4729 4715 4704 4685 4667 4661 4672 4680 4684 4682 4688 4717 4744 4762 4777 4787 4803 4788 4805 4818 4833 4868 4937 5047 5185 5345 5501 5652 5800 5976 6164 6362 6572 6809 7073 7339 7567 7723 7801 7795 7701 7495 7339 7219 7044 6862 6673 6471 6199 5900 5596 5342 5149 4989 4908 4921 4987 5087 5248 5443 5631 5830 6019 6182 6302 6370 6382 6342 6265 6170
5772 5648 5525 5403 5295 5192 5092 5005 4940 4896 4872 4858 4844 4835 4824 4799 4766 4752 4758 4767 4745 4721 4721 4724 4748 4764 4783 4789 4783 4784 4794 4821 4833 4858 4899 4988 5119 5299 5460 5618 5791 5978 6181 6393 6627 6882 7159 7428 7656 7808 7882 7871 7778 7625 7395 7191 7011 6827 6639 6431 6165 5885 5628 5393 5190 5023 4905 4865 4878 4943 5058 5213 5408 5610 5796 5957 6080 6159 6188 6173 6110 6043
5883 5769 5646 5513 5387 5269 5170 5105 5059 5027 5002 4974 4955 4945 4937 4919 4893 4875 4872 4867 4840 4816 4815 4820 4830 4830 4842 4839 4820 4805 4818 4836 4871 4889 4912 4969 5065 5217 5401 5571 5746 5942 6157 6392 6644 6915 7202 7473 7700 7852 7924 7911 7816 7659 7417 7164 6966 6791 6607 6395 6155 5918 5687 5463 5254 5082 4933 4842 4811 4839 4915 5030 5193 5425 5618 5775 5897 5981 6025 6029 5982 5939
6007 5888 5767 5634 5503 5382 5287 5226 5192 5160 5126 5091 5064 5050 5038 5026 5010 4998 4995 4981 4961 4957 4967 4990 4991 4973 4963 4942 4930 4892 4877 4883 4930 4961 4964 4998 5051 5168 5311 5485 5682 5899 6123 6367 6635 6917 7206 7478 7701 7851 7923 7909 7817 7668 7398 7197 7076 6924 6697 6436 6212 6010 5811 5605 5371 5144 4987 4864 4803 4798 4848 4938 5073 5279 5490 5639 5759 5845 5899 5896 5883 5883
6165 6037 5915 5791 5673 5564 5467 5404 5367 5330 5279 5230 5192 5167 5146 5129 5118 5114 5113 5114 5116 5135 5166 5188 5181 5141 5119 5099 5070 5022 4987 4990 5015 5054 5068 5080 5120 5187 5290 5434 5626 5864 6084 6331 6604 6888 7175 7439 7659 7805 7874 7864 7781 7610 7386 7259 7128 6951 6774 6560 6332 6144 5946 5741 5499 5234 5037 4904 4813 4800 4848 4936 5063 5237 5399 5535 5651 5741 5790 5797 5821 5854
6411 6297 6175 6052 5936 5831 5733 5662 5610 5552 5478 5408 5349 5309 5277 5253 5239 5236 5243 5253 5275 5311 5349 5365 5345 5300 5274 5270 5243 5178 5137 5131 5160 5194 5222 5238 5255 5291 5367 5482 5631 5841 6052 6286 6546 6821 7098 7353 7566 7707 7780 7778 7709 7544 7376 7279 7125 6963 6799 6631 6458 6275 6083 5857 5580 5306 5086 4944 4835 4815 4859 4960 5080 5198 5327 5454 5564 5655 5705 5752 5802 5828
6661 6598 6514 6397 6282 6180 6081 5994 5915 5824 5726 5634 5551 5489 5445 5411 5386 5380 5387 5399 5425 5466 5500 5510 5480 5440 5421 5428 5399 5347 5319 5334 5367 5402 5430 5447 5464 5495 5555 5635 5706 5833 6038 6242 6471 6720 6976 7217 7419 7561 7639 7654 7601 7490 7345 7234 7092 6945 6794 6640 6483 6314 6134 5934 5629 5355 5136 4983 4859 4810 4835 4927 5044 5144 5261 5379 5487 5581 5659 5719 5763 5798
6911 6881 6822 6742 6649 6548 6445 6347 6246 6147 6019 5900 5790 5708 5651 5603 5562 5546 5547 5555 5578 5611 5635 5641 5613 5578 5569 5573 5549 5517 5521 5555 5603 5649 5679 5690 5707 5749 5791 5810 5804 5864 6016 6215 6403 6613 6836 7053 7241 7380 7463 7493 7461 7386 7264 7137 7001 6864 6732 6626 6481 6330 6163 5965 5680 5403 5175 5013 4890 4816 4807 4880 4998 5096 5201 5311 5417 5515 5601 5671 5728 5774
7118 7129 7105 7050 6977 6891 6797 6698 6595 6482 6357 6201 6062 5957 5883 5817 5766 5741 5728 5730 5743 5760 5767 5761 5738 5719 5723 5728 5718 5719 5757 5817 5891 5963 6003 6002 5992 6004 6016 5985 5948 5975 6055 6170 6322 6518 6708 6889 7052 7181 7265 7305 7292 7236 7129 7016 6894 6772 6652 6540 6443 6327 6171 5991 5738 5455 5207 5045 4907 4821 4799 4837 4913 5006 5108 5230 5358 5461 5536 5615 5700 5754
7252 7308 7322 7304 7266 7207 7135 7053 6957 6846 6710 6537 6365 6235 6138 6056 6013 5980 5946 5922 5919 5914 5897 5872 5845 5838 5860 5893 5914 5960 6042 6143 6257 6335 6388 6413 6357 6296 6260 6216 6159 6157 6202 6259 6353 6488 6616 6751 6879 6983 7059 7096 7095 7062 6993 6906 6813 6729 6628 6488 6358 6260 6163 5996 5755 5478 5241 5073 4932 4838 4797 4807 4855 4927 5022 5147 5290 5407 5487 5568 5665 5742
7311 7404 7459 7485 7485 7465 7425 7373 7301 7198 7057 6896 6692 6532 6410 6329 6310 6262 6226 6141 6089 6060 6022 5978 5940 5934 5969 6040 6103 6183 6289 6412 6537 6642 6712 6742 6737 6653 6605 6535 6416 6364 6385 6416 6443 6495 6567 6650 6733 6805 6858 6890 6894 6876 6837 6785 6722 6652 6574 6426 6285 6185 6099 5968 5755 5504 5266 5096 4958 4872 4818 4799 4824 4888 4974 5089 5227 5362 5469 5561 5661 5748
7294 7420 7511 7576 7616 7632 7630 7615 7581 7503 7371 7205 7016 6821 6676 6598 6523 6463 6411 6358 6242 6183 6133 6073 6025 6004 6028 6105 6185 6288 6424 6577 6729 6860 6946 6988 6988 6951 6892 6813 6682 6579 6572 6555 6540 6541 6557 6592 6630 6663 6676 6681 6688 6696 6672 6641 6604 6551 6471 6374 6266 6149 6027 5900 5746 5531 5295 5135 4998 4919 4866 4834 4837 4889 4969 5075 5214 5365 5495 5601 5711 5782
7207 7358 7475 7568 7637 7687 7723 7755 7764 7729 7622 7463 7284 7088 6919 6817 6712 6629 6557 6490 6354 6280 6220 6149 6083 6036 6018 6070 6200 6312 6459 6627 6797 6942 7045 7104 7121 7100 7051 6980 6844 6781 6761 6702 6655 6601 6567 6550 6543 6538 6527 6516 6512 6519 6528 6511 6491 6439 6405 6393 6331 6186 6013 5875 5741 5549 5343 5177 5035 4985 4960 4924 4915 4959 5028 5131 5271 5431 5563 5677 5791 5857
7069 7238 7375 7491 7584 7659 7733 7808 7870 7877 7803 7668 7501 7323 7137 6983 6881 6775 6655 6537 6441 6362 6285 6206 6125 6045 5999 6020 6142 6276 6415 6583 6754 6907 7025 7101 7141 7145 7118 7052 6974 6964 6902 6839 6775 6685 6615 6555 6507 6473 6443 6417 6400 6386 6379 6390 6395 6363 6372 6349 6306 6184 6015 5888 5762 5588 5386 5225 5094 5018 5024 5040 5056 5094 5152 5235 5363 5518 5651 5775 5894 5960
6901 7086 7241 7377 7491 7593 7696 7814 7913 7960 7922 7817 7670 7507 7323 7132 6969 6832 6715 6624 6540 6444 6341 6249 6152 6057 5994 5995 6065 6202 6331 6485 6647 6797 6920 7011 7071 7100 7107 7096 7077 7049 7006 6949 6880 6782 6687 6595 6520 6463 6419 6382 6348 6317 6285 6283 6302 6302 6311 6310 6243 6128 6019 5939 5840 5683 5474 5286 5147 5041 5036 5108 5132 5186 5273 5360 5485 5638 5780 5917 6023 6084
6720 6918 7096 7252 7392 7520 7652 7790 7910 7983 7977 7907 7792 7651 7479 7300 7148 7006 6875 6770 6667 6538 6400 6271 6160 6064 5999 5977 6007 6085 6219 6367 6512 6649 6751 6860 6935 6990 7028 7056 7072 7078 7062 7021 6959 6875 6768 6662 6565 6488 6432 6384 6338 6295 6250 6236 6262 6276 6273 6256 6203 6134 6086 6061 6005 5854 5616 5390 5224 5099 5065 5154 5177 5233 5324 5446 5596 5759 5916 6051 6151 6208
6528 6738 6933 7110 7271 7421 7570 7721 7852 7941 7964 7929 7852 7741 7615 7482 7353 7227 7100 6970 6823 6656 6471 6296 6164 6079 6015 5965 5960 6007 6105 6249 6369 6488 6564 6651 6763 6838 6907 6969 7024 7064 7077 7057 7007 6931 6840 6734 6624 6534 6459 6392 6338 6300 6269 6260 6268 6276 6284 6287 6254 6217 6217 6163 6069 5945 5765 5521 5306 5151 5103 5199 5205 5257 5349 5477 5641 5819 5989 6135 6241 6296
6319 6530 6735 6928 7105 7268 7427 7582 7718 7819 7870 7873 7836 7766 7674 7570 7461 7346 7219 7084 6933 6745 6523 6314 6159 6058 5988 5923 5906 5936 6020 6138 6240 6335 6399 6480 6589 6677 6768 6860 6945 7017 7058 7062 7028 6965 6876 6776 6672 6576 6488 6414 6355 6310 6281 6267 6263 6267 6271 6273 6272 6261 6236 6188 6109 5998 5853 5633 5393 5229 5134 5186 5216 5255 5340 5466 5631 5812 5989 6139 6247 6301
6090 6295 6496 6692 6874 7044 7207 7361 7500 7614 7691 7731 7736 7711 7664 7596 7512 7412 7294 7156 6995 6791 6553 6326 6148 6018 5925 5862 5845 5873 5947 6039 6122 6197 6258 6334 6437 6531 6635 6744 6856 6950 7016 7040 7025 6976 6899 6807 6707 6611 6520 6443 6381 6332 6297 6275 6264 6258 6253 6250 6242 6236 6218 6178 6112 5989 5833 5642 5428 5276 5140 5111 5135 5202 5294 5407 5558 5727 5893 6035 6138 6189
5862 6048 6237 6425 6603 6771 6930 7083 7225 7348 7450 7522 7569 7590 7584 7553 7498 7419 7311 7177 6994 6783 6535 6315 6139 5995 5883 5816 5797 5822 5882 5949 6011 6079 6143 6211 6314 6408 6516 6635 6760 6872 6959 7005 7010 6980 6920 6839 6746 6651 6563 6482 6413 6359 6316 6285 6265 6248 6233 6221 6181 6158 6141 6104 6025 5917 5784 5623 5464 5304 5192 5097 5048 5078 5194 5321 5445 5588 5733 5858 5952 6004
5640 5817 5987 6156 6321 6482 6637 6785 6929 7060 7177 7275 7352 7408 7437 7439 7412 7354 7262 7139 6958 6723 6483 6283 6122 5980 5869 5797 5778 5798 5844 5894 5942 5998 6052 6109 6193 6304 6413 6535 6668 6796 6901 6968 7000 6994 6953 6886 6800 6709 6618 6532 6458 6393 6342 6299 6265 6238 6214 6178 6136 6102 6071 6028 5965 5880 5768 5646 5543 5424 5269 5129 5056 5018 5063 5188 5329 5437 5552 5658 5707 5676
5451 5619 5764 5914 6061 6208 6332 6461 6613 6774 6901 7011 7107 7183 7234 7259 7254 7216 7142 7034 6852 6629 6414 6239 6093 5967 5869 5804 5785 5799 5829 5867 5905 5948 5988 6029 6095 6219 6328 6451 6590 6708 6843 6947 7008 7028 7008 6954 6876 6786 6688 6594 6509 6434 6370 6316 6272 6216 6172 6137 6098 6056 6019 5974 5924 5858 5773 5692 5637 5558 5422 5250 5109 5052 5033 5061 5136 5249 5353 5392 5405 5446
5304 5433 5566 5688 5793 5897 6023 6177 6351 6509 6633 6749 6848 6931 6994 7031 7038 7017 6961 6871 6716 6523 6332 6180 6055 5948 5868 5821 5809 5817 5834 5857 5888 5924 5958 5993 6052 6139 6244 6368 6520 6683 6824 6944 7034 7079 7081 7041 6970 6877 6772 6666 6568 6479 6403 6336 6247 6168 6114 6083 6049 6004 5962 5922 5875 5823 5767 5724 5695 5621 5530 5406 5207 5116 5035 5017 5052 5097 5144 5182 5253 5342
5191 5274 5368 5460 5550 5651 5788 5960 6134 6263 6385 6495 6589 6671 6732 6771 6787 6774 6734 6663 6564 6415 6239 6095 5993 5911 5853 5824 5825 5839 5851 5864 5878 5903 5938 5980 6042 6122 6229 6352 6502 6665 6822 6965 7078 7147 7166 7138 7072 6976 6863 6744 6631 6531 6441 6358 6248 6156 6090 6044 6004 5962 5926 5888 5848 5801 5756 5732 5721 5677 5604 5527 5350 5224 5135 5069 5047 5036 5059 5118 5206 5366
5122 5172 5229 5300 5379 5483 5628 5802 5928 6047 6160 6243 6315 6382 6427 6468 6508 6507 6463 6416 6356 6272 6129 5993 5898 5842 5812 5800 5807 5826 5838 5842 5846 5871 5919 5979 6037 6115 6216 6347 6507 6680 6854 7010 7139 7225 7258 7240 7177 7079 6955 6824 6699 6582 6480 6387 6282 6200 6129 6068 6016 5975 5943 5906 5858 5804 5755 5734 5732 5719 5673 5621 5520 5373 5273 5208 5166 5128 5124 5141 5237 5350
5082 5112 5149 5198 5264 5358 5499 5647 5755 5862 5937 5989 6053 6108 6140 6155 6169 6164 6150 6140 6123 6071 5968 5862 5786 5755 5752 5758 5764 5780 5792 5795 5804 5845 5920 5977 6036 6118 6231 6371 6540 6725 6909 7076 7213 7307 7346 7337 7276 7173 7043 6901 6762 6635 6521 6424 6345 6269 6198 6129 6070 6026 5986 5939 5875 5810 5756 5733 5736 5754 5731 5705 5669 5577 5479 5394 5337 5305 5270 5255 5265 5306
5068 5082 5105 5138 5184 5256 5368 5496 5595 5665 5723 5784 5846 5886 5899 5894 5881 5877 5876 5873 5859 5827 5772 5715 5679 5677 5701 5723 5738 5754 5766 5778 5795 5837 5911 5980 6050 6134 6271 6423 6602 6794 6980 7149 7287 7383 7427 7420 7362 7258 7123 6973 6823 6684 6560 6454 6366 6293 6232 6178 6118 6064 6009 5947 5878 5809 5754 5731 5739 5763 5772 5770 5761 5735 5683 5630 5593 5572 5525 5434 5364 5333
5090 5085 5094 5111 5138 5186 5258 5347 5419 5481 5541 5611 5678 5711 5710 5691 5673 5660 5657 5648 5632 5614 5598 5583 5583 5609 5653 5693 5727 5755 5774 5793 5815 5846 5901 5974 6063 6191 6337 6502 6686 6878 7061 7224 7357 7447 7491 7482 7426 7323 7186 7033 6876 6726 6590 6476 6379 6300 6234 6181 6126 6064 5998 5928 5859 5796 5747 5726 5738 5764 5794 5814 5827 5827 5812 5792 5777 5753 5729 5684 5582 5488
5149 5128 5116 5115 5124 5151 5194 5246 5301 5353 5407 5468 5528 5556 5553 5534 5515 5500 5490 5478 5467 5464 5468 5478 5499 5541 5596 5650 5693 5732 5764 5790 5818 5858 5919 6012 6126 6260 6419 6595 6782 6967 7141 7296 7416 7498 7535 7524 7466 7365 7230 7074 6914 6755 6608 6483 6378 6294 6225 6167 6109 6044 5974 5901 5831 5774 5735 5721 5734 5760 5788 5821 5862 5887 5887 5895 5919 5915 5904 5888 5855 5742
5242 5201 5167 5145 5139 5147 5170 5203 5243 5284 5327 5369 5405 5426 5425 5413 5401 5386 5372 5358 5353 5359 5371 5389 5421 5472 5533 5589 5638 5683 5725 5765 5806 5861 5957 6059 6181 6333 6504 6690 6874 7052 7216 7356 7464 7536 7562 7543 7482 7379 7245 7091 6927 6762 6607 6476 6365 6273 6203 6139 6079 6018 5951 5879 5808 5754 5720 5711 5727 5757 5788 5826 5875 5916 5940 5976 6026 6063 6070 6066 6041 5979
5363 5297 5241 5199 5173 5169 5177 5198 5225 5257 5286 5312 5334 5344 5343 5335 5323 5305 5288 5275 5271 5274 5288 5309 5345 5399 5460 5520 5572 5630 5684 5737 5793 5870 5983 6098 6237 6404 6587 6774 6957 7127 7280 7404 7500 7558 7571 7542 7472 7367 7231 7077 6910 6745 6590 6452 6337 6235 6155 6091 6036 5983 5923 5858 5796 5746 5715 5709 5731 5772 5806 5847 5900 5947 5987 6046 6116 6177 6210 6218 6199 6140
5512 5416 5333 5267 5224 5204 5201 5211 5229 5249 5270 5288 5301 5303 5300 5286 5270 5251 5231 5217 5209 5206 5215 5233 5269 5325 5387 5448 5508 5577 5645 5714 5787 5881 6004 6137 6291 6466 6654 6843 7020 7182 7323 7438 7519 7562 7565 7526 7450 7338 7202 7048 6885 6720 6560 6418 6296 6191 6107 6042 5988 5940 5890 5839 5788 5751 5726 5725 5754 5798 5839 5887 5940 5988 6039 6107 6197 6277 6313 6332 6322 6269
5676 5548 5439 5348 5284 5249 5235 5236 5246 5259 5274 5284 5290 5288 5278 5262 5243 5221 5197 5176 5162 5151 5151 5165 5199 5253 5317 5379 5444 5515 5594 5684 5791 5899 6027 6173 6337 6517 6702 6887 7058 7210 7342 7447 7520 7556 7550 7505 7422 7311 7172 7013 6851 6688 6536 6397 6273 6165 6072 5994 5938 5896 5863 5831 5800 5774 5759 5757 5785 5833 5876 5929 5985 6045 6110 6182 6265 6323 6369 6398 6396 6354
5845 5686 5546 5431 5348 5296 5271 5264 5270 5278 5286 5293 5295 5287 5276 5257 5235 5206 5177 5151 5128 5110 5102 5107 5136 5186 5244 5304 5368 5443 5534 5653 5776 5905 6047 6204 6370 6547 6727 6902 7064 7207 7333 7432 7502 7535 7527 7482 7402 7298 7168 7021 6852 6686 6530 6392 6269 6158 6072 5983 5916 5883 5864 5851 5836 5823 5807 5802 5824 5865 5892 5937 5992 6057 6126 6196 6262 6321 6371 6405 6415 6335
5990 5798 5635 5505 5407 5344 5312 5299 5297 5302 5307 5312 5313 5306 5292 5272 5247 5215 5181 5147 5115 5088 5069 5063 5083 5124 5170 5223 5293 5381 5484 5623 5755 5899 6053 6213 6377 6547 6716 6878 7030 7166 7287 7386 7460 7496 7495 7455 7385 7287 7170 7033 6882 6701 6531 6388 6266 6144 6049 5982 5943 5929 5924 5922 5909 5885 5866 5861 5875 5870 5885 5918 5964 6020 6083 6149 6211 6268 6319 6359 6379 6311
6083 5872 5694 5553 5449 5383 5348 5333 5328 5331 5335 5342 5343 5340 5326 5306 5283 5250 5211 5171 5134 5101 5069 5051 5053 5074 5109 5158 5236 5342 5445 5580 5721 5874 6031 6190 6344 6502 6659 6806 6948 7081 7201 7306 7387 7436 7444 7417 7358 7274 7168 7039 6895 6721 6534 6375 6261 6128 6021 5944 5900 5891 5902 5919 5925 5917 5885 5876 5854 5839 5841 5859 5896 5940 5998 6056 6113 6168 6218 6263 6282 6297
