Capas/FUTURO/Eje_30s/ASC/bio_12.asc
ncols         993
nrows         433
xllcorner     -105.25566776747
yllcorner     17.599810932142
cellsize      0.0083333333
NODATA_value  -9999
[rows 245 to 279 of 433, columns 790 to 868 of 993]
12894 12956 13156 13421 13730 13444 13126 12894 12843 12794 12651 12500 12306 11998 11620 11224 10781 10402 10056 9842 9653 9456 9293 9145 9014 8852 8707 8559 8418 8293 8172 8056 7952 7847 7741 7635 7536 7447 7337 7223 7121 7040 6993 6990 6984 6944 6906 6871 6837 6794 6748 6706 6683 6682 6722 6786 6877 6981 7071 7173 7275 7378 7472 7569 7666 7761 7856 7953 8052 8156 8267 8384 8504 8632 8754 8872 8970 9048 9088
13050 12949 13015 13229 13465 13358 13227 13015 12806 12882 12819 12615 12377 12018 11674 11285 10915 10540 10253 9960 9709 9522 9356 9205 9070 8929 8784 8642 8504 8385 8266 8149 8040 7929 7814 7708 7600 7489 7372 7274 7186 7095 7059 7059 7054 7014 6975 6934 6896 6852 6802 6765 6741 6715 6738 6812 6898 6981 7061 7151 7243 7333 7419 7506 7591 7678 7762 7849 7941 8036 8137 8238 8352 8459 8561 8664 8741 8801 8830
13074 13066 13040 13027 13400 13469 13216 13007 12990 12974 12908 12698 12438 12143 11791 11418 11007 10597 10222 9956 9730 9512 9361 9224 9099 8989 8863 8750 8609 8480 8359 8243 8122 7999 7867 7740 7622 7511 7398 7315 7242 7164 7116 7112 7104 7085 7064 7005 6957 6908 6863 6832 6816 6765 6746 6808 6911 6980 7051 7133 7210 7290 7366 7442 7517 7593 7668 7745 7824 7910 8002 8090 8189 8280 8365 8438 8498 8547 8564
13060 12977 13032 13156 13239 13391 13298 13265 13349 13336 13093 12791 12496 12193 11874 11470 11038 10664 10330 10007 9770 9617 9449 9295 9173 9062 8944 8817 8689 8565 8445 8318 8191 8064 7914 7772 7650 7553 7451 7370 7296 7225 7162 7133 7134 7131 7109 7057 7012 6967 6922 6894 6859 6778 6751 6808 6898 6970 7032 7102 7173 7243 7310 7376 7442 7505 7571 7639 7712 7794 7868 7947 8026 8100 8165 8217 8257 8293 8303
12878 13030 13185 13194 13174 13321 13303 13326 13428 13283 13091 12879 12660 12289 11928 11504 11126 10700 10386 10093 9855 9658 9508 9370 9245 9124 8989 8861 8739 8613 8489 8370 8246 8115 7974 7824 7706 7619 7518 7421 7348 7271 7200 7155 7143 7146 7132 7095 7058 7012 6978 6943 6862 6773 6768 6816 6890 6958 7014 7073 7136 7200 7255 7312 7369 7424 7487 7545 7609 7677 7742 7807 7865 7928 7972 8003 8040 8059 8063
13108 13140 13274 13224 13186 13328 13515 13529 13519 13459 13317 13093 12827 12474 11968 11591 11150 10779 10391 10136 9927 9724 9545 9401 9286 9169 9045 8923 8802 8663 8529 8411 8287 8159 8023 7899 7782 7683 7577 7465 7367 7299 7237 7193 7169 7173 7168 7142 7095 7039 6998 6937 6846 6766 6776 6821 6881 6939 6989 7045 7099 7152 7205 7250 7304 7354 7408 7461 7514 7568 7620 7671 7717 7760 7790 7813 7834 7844 7849
13303 13191 13242 13350 13335 13386 13699 13694 13691 13615 13480 13248 12929 12549 12066 11621 11198 10849 10500 10185 9942 9759 9601 9449 9325 9205 9096 8969 8849 8722 8603 8472 8341 8214 8086 7964 7843 7731 7617 7480 7380 7317 7261 7219 7192 7195 7180 7145 7091 7019 6960 6884 6809 6771 6808 6848 6886 6932 6971 7010 7057 7103 7152 7199 7247 7293 7341 7383 7429 7468 7508 7548 7581 7609 7631 7651 7661 7667 7662
13049 13098 13264 13347 13452 13528 13669 13841 14040 13741 13533 13377 13079 12568 12097 11735 11281 10819 10526 10214 9999 9816 9639 9506 9390 9284 9167 9048 8938 8814 8678 8539 8400 8264 8132 8001 7875 7764 7642 7522 7420 7337 7277 7234 7205 7190 7166 7129 7063 6979 6906 6825 6767 6758 6794 6835 6870 6912 6940 6972 7016 7061 7106 7152 7196 7240 7282 7314 7348 7380 7409 7435 7458 7479 7497 7508 7517 7516 7516
12955 13071 13204 13327 13481 13635 13778 13907 13984 13828 13693 13489 13173 12767 12251 11716 11311 10967 10534 10277 10020 9857 9722 9579 9462 9361 9239 9120 9000 8872 8732 8583 8431 8286 8149 8021 7884 7759 7650 7551 7453 7375 7303 7246 7204 7178 7147 7094 7021 6935 6853 6783 6726 6722 6744 6772 6810 6869 6895 6933 6975 7017 7063 7107 7153 7193 7223 7250 7278 7301 7322 7338 7352 7370 7384 7392 7396 7395 7397
12887 12983 13170 13379 13554 13726 13863 13965 14021 13977 13838 13672 13326 12900 12421 11898 11408 10979 10645 10304 10070 9879 9757 9651 9527 9420 9315 9202 9078 8928 8758 8595 8445 8293 8150 8013 7879 7768 7700 7607 7509 7403 7324 7260 7205 7160 7120 7056 6982 6902 6829 6771 6724 6722 6733 6751 6774 6809 6848 6889 6935 6979 7022 7067 7108 7145 7172 7197 7218 7235 7247 7256 7265 7278 7290 7298 7303 7305 7306
12986 13042 13236 13452 13658 13807 13940 14051 14128 14053 13930 13717 13404 13001 12554 12059 11573 11157 10756 10401 10183 9990 9802 9709 9626 9548 9345 9204 9083 8914 8741 8592 8461 8312 8137 7999 7868 7783 7741 7693 7561 7446 7340 7274 7213 7151 7093 7021 6955 6888 6836 6789 6738 6743 6763 6770 6768 6782 6809 6843 6889 6944 6985 7025 7067 7099 7128 7151 7164 7177 7186 7193 7202 7214 7224 7231 7236 7242 7245
13075 13117 13288 13506 13703 13938 14094 14120 14172 14111 13991 13812 13495 13099 12651 12197 11806 11373 10979 10568 10287 10052 9885 9762 9674 9552 9380 9235 9078 8884 8704 8598 8473 8354 8129 7973 7843 7753 7720 7685 7583 7464 7343 7277 7218 7148 7076 7008 6943 6884 6832 6777 6744 6767 6798 6795 6778 6770 6781 6814 6853 6899 6948 6993 7031 7064 7090 7111 7128 7137 7145 7157 7165 7176 7192 7200 7203 7208 7211
12674 12906 13308 13543 13711 13897 13981 14132 14241 14186 14052 13813 13541 13232 12814 12410 11953 11496 11115 10726 10427 10225 10017 9845 9719 9610 9455 9271 9106 8894 8683 8568 8408 8213 8050 7913 7779 7692 7631 7592 7530 7433 7332 7272 7213 7134 7065 7002 6948 6891 6840 6786 6762 6797 6814 6802 6780 6760 6785 6821 6833 6859 6898 6947 6997 7031 7061 7081 7099 7115 7130 7143 7157 7168 7184 7196 7205 7206 7209
12830 12914 12959 13281 13689 13811 13933 14146 14288 14304 14186 13894 13649 13390 12992 12517 12065 11607 11165 10846 10556 10322 10135 9969 9815 9637 9471 9293 9115 8905 8680 8492 8323 8131 7950 7812 7691 7610 7561 7519 7459 7385 7316 7260 7204 7127 7061 7000 6946 6895 6847 6802 6786 6828 6819 6798 6765 6749 6779 6821 6814 6817 6853 6909 6979 7000 7027 7056 7081 7111 7136 7159 7176 7194 7213 7226 7240 7244 7249
12999 13094 13113 13234 13579 13826 13995 14220 14304 14312 14240 13969 13707 13440 13042 12617 12127 11652 11285 10962 10654 10405 10204 10035 9871 9719 9515 9326 9135 8905 8668 8440 8221 8031 7843 7707 7609 7544 7495 7451 7404 7352 7307 7253 7193 7131 7073 7016 6960 6902 6852 6816 6784 6787 6789 6772 6751 6736 6739 6761 6776 6796 6826 6872 6933 6960 6993 7031 7065 7095 7131 7175 7217 7243 7266 7282 7296 7305 7312
12944 13141 13276 13451 13731 14076 14224 14328 14290 14289 14232 14007 13763 13427 13076 12627 12184 11756 11354 10996 10674 10429 10225 10049 9878 9724 9577 9347 9120 8888 8638 8392 8157 7942 7765 7648 7560 7494 7448 7413 7375 7336 7300 7265 7207 7152 7101 7054 6991 6923 6862 6832 6789 6763 6760 6754 6736 6724 6730 6750 6785 6838 6859 6863 6901 6957 7019 7066 7106 7147 7187 7230 7272 7309 7338 7354 7369 7386 7402
12909 13034 13255 13565 13999 14496 14669 14500 14279 14194 14116 14056 13809 13490 13092 12658 12202 11746 11309 10971 10674 10389 10164 10002 9846 9670 9505 9303 9089 8860 8605 8336 8087 7867 7711 7618 7535 7478 7419 7386 7349 7321 7303 7290 7236 7178 7129 7077 7004 6934 6874 6842 6808 6770 6750 6742 6737 6737 6744 6761 6818 6855 6878 6896 6934 6986 7044 7109 7147 7199 7245 7304 7355 7396 7431 7434 7446 7478 7507
12805 12940 13183 13529 14081 14715 14755 14518 14273 14144 14021 13939 13776 13554 13121 12700 12221 11751 11317 10925 10602 10323 10060 9896 9729 9543 9386 9210 9009 8779 8512 8248 8015 7806 7680 7578 7511 7445 7396 7364 7338 7314 7305 7296 7254 7202 7147 7080 7008 6936 6880 6843 6811 6777 6758 6758 6756 6758 6757 6767 6808 6847 6876 6906 6946 7008 7073 7136 7176 7232 7285 7332 7385 7423 7472 7499 7512 7571 7613
12639 12811 13053 13389 13882 14211 14270 14256 14164 14071 13980 13927 13779 13491 13109 12666 12208 11755 11292 10826 10528 10225 9946 9724 9542 9354 9166 8987 8828 8621 8368 8138 7918 7744 7634 7533 7460 7414 7384 7373 7348 7324 7313 7302 7266 7223 7167 7092 7018 6948 6881 6852 6839 6820 6797 6787 6783 6776 6769 6784 6818 6846 6865 6898 6942 6991 7057 7112 7171 7217 7278 7330 7369 7413 7455 7499 7550 7621 7684
12602 12706 12877 13155 13473 13692 13776 13862 13918 13963 13870 13815 13699 13384 12993 12557 12075 11595 11074 10665 10351 10030 9728 9470 9300 9100 8908 8729 8564 8382 8207 8035 7842 7659 7557 7473 7418 7390 7379 7375 7376 7351 7331 7321 7290 7239 7179 7111 7042 6970 6901 6883 6878 6868 6842 6824 6809 6790 6779 6795 6807 6828 6841 6870 6914 6964 7023 7085 7142 7198 7257 7304 7345 7387 7424 7486 7555 7639 7724
12478 12545 12697 12870 13124 13320 13433 13609 13717 13746 13761 13739 13549 13264 12838 12350 11844 11328 10855 10454 10144 9799 9460 9211 9010 8822 8611 8449 8305 8146 8019 7886 7727 7561 7457 7386 7350 7346 7374 7371 7375 7381 7359 7349 7321 7262 7185 7114 7041 6978 6939 6929 6913 6889 6865 6853 6835 6813 6771 6750 6760 6789 6801 6834 6876 6936 6996 7063 7121 7166 7211 7265 7307 7344 7384 7453 7544 7613 7697
12295 12323 12454 12621 12842 13004 13164 13429 13571 13620 13592 13572 13399 13045 12618 12115 11612 11105 10626 10208 9868 9513 9185 8890 8707 8521 8328 8185 8050 7920 7795 7698 7584 7477 7342 7309 7299 7300 7331 7354 7389 7394 7395 7397 7347 7280 7188 7123 7074 7029 7005 6975 6942 6911 6880 6863 6843 6820 6751 6710 6707 6740 6800 6841 6875 6928 6988 7057 7104 7144 7169 7217 7253 7305 7334 7380 7446 7520 7613
12154 12173 12267 12424 12607 12799 12967 13154 13382 13483 13438 13316 13095 12763 12357 11857 11336 10822 10343 9907 9536 9197 8887 8605 8414 8222 8049 7950 7838 7716 7608 7523 7455 7367 7240 7213 7226 7231 7271 7324 7381 7411 7443 7430 7370 7283 7200 7143 7123 7100 7046 7002 6966 6929 6891 6866 6838 6812 6736 6705 6705 6742 6795 6840 6871 6923 6982 7035 7084 7122 7153 7181 7214 7254 7284 7321 7371 7441 7526
12050 12061 12173 12313 12404 12652 12798 12900 13062 13210 13199 13095 12782 12431 12020 11539 11017 10506 10023 9589 9206 8883 8596 8329 8122 7946 7841 7749 7650 7556 7439 7369 7314 7225 7131 7108 7128 7187 7213 7305 7341 7408 7403 7395 7365 7296 7230 7176 7152 7136 7078 7030 6988 6938 6895 6869 6835 6788 6724 6685 6677 6718 6773 6817 6853 6918 6979 7014 7071 7123 7141 7180 7188 7204 7249 7278 7309 7374 7441
11978 11980 12105 12227 12273 12429 12630 12694 12775 12874 12841 12707 12429 12047 11621 11156 10660 10158 9684 9260 8899 8597 8341 8111 7880 7755 7649 7573 7478 7376 7308 7225 7165 7089 7034 7005 7027 7108 7114 7221 7320 7359 7359 7398 7378 7300 7271 7222 7183 7155 7120 7059 7010 6953 6898 6854 6805 6765 6709 6667 6662 6709 6744 6789 6820 6893 6957 6988 7031 7087 7105 7145 7154 7157 7195 7226 7257 7310 7371
11861 11925 12059 12153 12168 12209 12405 12481 12483 12494 12414 12218 11919 11599 11179 10730 10259 9793 9342 8946 8616 8343 8121 7932 7728 7602 7479 7430 7317 7247 7183 7159 7087 7031 6970 6947 6959 6938 6927 7029 7169 7352 7402 7393 7362 7291 7281 7261 7207 7178 7134 7097 7060 6976 6893 6835 6781 6749 6703 6668 6699 6736 6740 6769 6793 6851 6905 6946 6982 7040 7070 7091 7107 7104 7136 7174 7198 7239 7304
11736 11881 11981 12059 12017 11985 12070 12171 12127 12090 11964 11743 11421 11059 10706 10290 9849 9422 9017 8659 8364 8125 7932 7771 7578 7479 7319 7270 -9999 7094 7103 7090 7035 6992 6939 6914 6920 6858 6821 6902 7148 7245 7308 7359 7354 7289 7308 7331 7335 7299 7217 7127 7072 6978 6903 6844 6789 6752 6715 6685 6729 6730 6731 6746 6779 6807 6853 6906 6944 6990 7024 7045 7035 7041 7067 7106 7150 7207 7280
11676 11849 11879 11805 11809 11744 11766 11824 11756 11640 11453 11272 10945 10557 10193 9842 9459 9062 8712 8401 8147 7945 7781 7640 7462 7318 7202 -9999 -9999 -9999 -9999 -9999 -9999 6953 6917 6868 6876 6814 6776 6851 7068 7204 7253 7285 7315 7370 7422 7450 7443 7399 7350 7207 7122 7059 6993 6913 6838 6788 6748 6710 6723 6732 6733 6736 6758 6778 6840 6889 6931 6966 6992 6998 7003 7008 7039 7093 7163 7243 7306
11603 11775 11690 11653 11616 11487 11448 11484 11349 11204 10977 10729 10469 10088 9723 9372 9056 8737 8440 8182 7971 7806 7672 7555 7433 7266 -9999 -9999 -9999 -9999 -9999 -9999 -9999 -9999 6879 6835 6810 6778 6768 6838 7066 7172 7199 7275 7309 7420 7506 7536 7503 7476 7407 7337 7323 7258 7183 7077 6981 6873 6800 6746 6745 6757 6738 6736 6733 6755 6840 6888 6933 6972 7001 7022 7030 7013 7037 7107 7194 7256 7326
11674 11660 11480 11353 11357 11240 11125 11125 10894 10725 10487 10270 9975 9652 9321 9003 8705 8444 8209 8001 7835 7702 7595 7486 7371 -9999 -9999 -9999 -9999 -9999 -9999 -9999 -9999 -9999 -9999 6828 6793 6778 6801 6904 7029 7146 7190 7262 7320 7442 7487 7506 7545 7533 7544 7521 7493 7424 7335 7225 7121 6985 6866 6804 6774 6775 6771 6769 6731 6747 6820 6903 6949 6974 6989 7025 7056 7042 7075 7145 7211 7273 7343
11479 11428 11355 11186 11052 10918 10823 10705 10533 10261 10009 9828 9593 9288 8981 8706 8444 8218 8027 7861 7729 7629 7543 7461 -9999 -9999 -9999 -9999 -9999 -9999 -9999 -9999 -9999 -9999 -9999 6849 6820 6813 6886 7055 7186 7220 7209 7280 7364 7395 7457 7537 7615 7662 7706 7674 7633 7549 7448 7328 7217 7079 6947 6867 6812 6782 6784 6798 6792 6791 6838 6922 6979 6995 6993 7012 7052 7086 7143 7205 7249 7308 7381
11187 11164 11056 10967 10864 10710 10542 10402 10225 9941 9640 9430 9246 9021 8744 8469 8245 8052 7896 7763 7657 7582 7515 -9999 -9999 -9999 -9999 -9999 -9999 -9999 -9999 -9999 -9999 -9999 -9999 6863 6856 6855 6949 7098 7256 7218 7232 7265 7242 7348 7497 7604 7685 7766 7827 7809 7757 7680 7580 7432 7291 7159 7039 6948 6881 6839 6847 6853 6878 6908 6954 7024 7078 7129 7086 7056 7082 7145 7215 7244 7285 7344 7413
10945 10937 10829 10825 10684 10481 10272 10139 9960 9680 9406 9145 8932 8734 8537 8312 8103 7944 7811 7702 7620 7552 7500 -9999 -9999 -9999 -9999 -9999 -9999 -9999 -9999 -9999 -9999 -9999 -9999 -9999 6884 6904 6961 7057 7157 7107 7089 7125 7233 7371 7528 7643 7749 7868 7918 7923 7889 7773 7688 7552 7389 7247 7142 7055 6982 6929 6903 6905 6929 6963 7034 7097 7171 7227 7243 7169 7162 7227 7286 7306 7340 7381 7432
10696 10688 10567 10544 10435 10273 10060 9899 9726 9497 9240 8980 8749 8522 8329 8154 8008 7873 7759 7672 7595 7542 -9999 -9999 -9999 -9999 -9999 -9999 -9999 -9999 -9999 -9999 -9999 -9999 -9999 -9999 6913 6924 6931 6988 7027 6990 6957 7065 7231 7414 7556 7639 7782 7928 8005 8012 7964 7884 7791 7666 7505 7356 7243 7133 7037 6969 6933 6924 6949 7003 7077 7157 7228 7290 7330 7299 7230 7281 7341 7358 7371 7404 7443
10461 10433 10303 10224 10142 10037 9903 9705 9568 9365 9152 8934 8705 8475 8257 8075 7941 7831 7733 7660 7591 -9999 -9999 -9999 -9999 -9999 -9999 -9999 -9999 -9999 -9999 -9999 -9999 -9999 -9999 -9999 6965 6965 7003 7080 7028 6914 6921 7049 7187 7369 7538 7643 7793 7917 8007 8013 8000 7963 7843 7705 7537 7400 7285 7178 7078 7000 6937 6933 6971 7038 7106 7194 7285 7341 7386 7395 7312 7340 7401 7396 7393 7407 7437
