Capas/FUTURO/Eje_30s/ASC/bio_16.asc
ncols         993
nrows         433
xllcorner     -105.25566776747
yllcorner     17.599810932142
cellsize      0.0083333333
NODATA_value  -9999
[rows 288 to 323 of 433, columns 902 to 983 of 993]
3160 3119 3087 3070 3066 3074 3093 3120 3163 3215 3291 3368 3426 3499 3592 3722 3733 3733 3740 3710 3678 3621 3541 3468 3408 3355 3310 3271 3239 3232 3245 3264 3305 3363 3444 3513 3592 3624 3656 3679 3695 3727 3798 3909 4066 4264 4495 4735 4959 5156 5305 5383 5343 -9999 -9999 -9999 -9999 -9999 -9999 -9999 -9999 -9999 -9999 -9999 -9999 -9999 -9999 -9999 -9999 -9999 -9999 -9999 -9999 -9999 -9999 -9999 -9999 -9999 -9999 -9999 -9999 -9999
3183 3138 3099 3075 3064 3064 3069 3087 3119 3151 3196 3252 3315 3392 3506 3667 3726 3738 3754 3729 3717 3691 3648 3572 3505 3442 3389 3340 3297 3276 3274 3278 3313 3373 3429 3507 3588 3620 3648 3671 3684 3719 3785 3897 4049 4253 4482 4715 4934 5115 5225 5231 5248 -9999 -9999 -9999 -9999 -9999 -9999 -9999 -9999 -9999 -9999 -9999 -9999 -9999 -9999 -9999 -9999 -9999 -9999 -9999 -9999 -9999 -9999 -9999 -9999 -9999 -9999 -9999 -9999 -9999
3222 3170 3126 3094 3073 3063 3062 3069 3088 3110 3143 3182 3231 3304 3406 3533 3671 3730 3754 3741 3752 3753 3717 3676 3611 3537 3475 3420 3368 3338 3318 3312 3320 3358 3424 3502 3568 3608 3630 3654 3673 3705 3775 3891 4044 4239 4466 4694 4902 5053 5149 5231 5321 -9999 -9999 -9999 -9999 -9999 -9999 -9999 -9999 -9999 -9999 -9999 -9999 -9999 -9999 -9999 -9999 -9999 -9999 -9999 -9999 -9999 -9999 -9999 -9999 -9999 -9999 -9999 -9999 -9999
3286 3220 3167 3122 3093 3076 3069 3071 3076 3087 3103 3129 3168 3224 3299 3377 3478 3551 3653 3725 3794 3806 3757 3738 3708 3648 3570 3505 3445 3403 3369 3343 3346 3378 3416 3471 3542 3570 3598 3620 3646 3687 3762 3876 4041 4230 4452 4679 4883 5048 5155 5241 5311 -9999 -9999 -9999 -9999 -9999 -9999 -9999 -9999 -9999 -9999 -9999 -9999 -9999 -9999 -9999 -9999 -9999 -9999 -9999 -9999 -9999 -9999 -9999 -9999 -9999 -9999 -9999 -9999 -9999
3359 3278 3214 3159 3119 3094 3082 3075 3070 3068 3075 3095 3123 3174 3240 3311 3371 3403 3488 3610 3712 3775 3788 3796 3785 3741 3684 3601 3529 3472 3429 3389 3377 3386 3414 3463 3503 3525 3553 3579 3614 3663 3744 3874 4034 4231 4443 4665 4872 5033 5135 5218 5260 -9999 -9999 -9999 -9999 -9999 -9999 -9999 -9999 -9999 -9999 -9999 -9999 -9999 -9999 -9999 -9999 -9999 -9999 -9999 -9999 -9999 -9999 -9999 -9999 -9999 -9999 -9999 -9999 -9999
3409 3336 3272 3216 3168 3128 3096 3077 3065 3052 3050 3058 3078 3115 3171 3224 3264 3314 3436 3495 3645 3787 3796 3844 3858 3823 3769 3706 3626 3552 3500 3453 3417 3402 3415 3439 3461 3481 3505 3536 3577 3638 3736 3877 4041 4237 4441 4656 4840 4989 5077 5138 5155 -9999 -9999 -9999 -9999 -9999 -9999 -9999 -9999 -9999 -9999 -9999 -9999 -9999 -9999 -9999 -9999 -9999 -9999 -9999 -9999 -9999 -9999 -9999 -9999 -9999 -9999 -9999 -9999 -9999
3427 3376 3328 3275 3225 3175 3112 3076 3053 3034 3030 3034 3047 3074 3103 3126 3167 3233 3324 3414 3524 3679 3822 3871 3885 3886 3829 3787 3721 3649 3581 3518 3470 3441 3431 3428 3432 3443 3465 3498 3548 3621 3738 3875 4042 4236 4441 4629 4801 4933 4998 5026 5043 -9999 -9999 -9999 -9999 -9999 -9999 -9999 -9999 -9999 -9999 -9999 -9999 -9999 -9999 -9999 -9999 -9999 -9999 -9999 -9999 -9999 -9999 -9999 -9999 -9999 -9999 -9999 -9999 -9999
3424 3380 3334 3294 3240 3184 3122 3070 3039 3020 3010 3014 3024 3042 3055 3093 3148 3208 3274 3390 3493 3586 3707 3844 3869 3871 3886 3860 3812 3735 3662 3594 3535 3491 3462 3441 3428 3424 3438 3474 3531 3612 3727 3872 4047 4238 4426 4598 4748 4873 4939 4947 4923 4870 -9999 -9999 -9999 -9999 -9999 -9999 -9999 -9999 -9999 -9999 -9999 -9999 -9999 -9999 -9999 -9999 -9999 -9999 -9999 -9999 -9999 -9999 -9999 -9999 -9999 -9999 -9999 -9999
3392 3361 3320 3280 3232 3178 3120 3064 3028 3004 2994 2994 3000 3011 3018 3063 3127 3230 3283 3389 3500 3558 3648 3762 3848 3870 3905 3906 3879 3837 3756 3682 3615 3557 3512 3484 3453 3430 3430 3462 3528 3611 3730 3878 4056 4226 4404 4561 4696 4779 4843 4874 4846 4768 -9999 -9999 -9999 -9999 -9999 -9999 -9999 -9999 -9999 -9999 -9999 -9999 -9999 -9999 -9999 -9999 -9999 -9999 -9999 -9999 -9999 -9999 -9999 -9999 -9999 -9999 -9999 -9999
3344 3318 3283 3248 3206 3169 3118 3053 3012 2988 2976 2973 2970 2973 2984 3010 3074 3131 3245 3378 3473 3527 3613 3704 3782 3841 3882 3924 3933 3915 3845 3778 3706 3636 3575 3534 3496 3455 3442 3467 3531 3622 3745 3893 4052 4218 4381 4519 4639 4671 4657 4665 4671 4676 4700 -9999 -9999 -9999 -9999 -9999 -9999 -9999 -9999 -9999 -9999 -9999 -9999 -9999 -9999 -9999 -9999 -9999 -9999 -9999 -9999 -9999 -9999 -9999 -9999 -9999 -9999 -9999
3268 3260 3234 3204 3163 3116 3070 3024 2991 2972 2960 2950 2942 2940 2945 2965 3000 3047 3135 3287 3427 3491 3564 3644 3727 3795 3865 3906 3976 3991 3926 3876 3798 3723 3647 3583 3530 3486 3467 3488 3545 3640 3770 3910 4053 4196 4343 4483 4562 4541 4516 4541 4593 4669 4761 -9999 -9999 -9999 -9999 -9999 -9999 -9999 -9999 -9999 -9999 -9999 -9999 -9999 -9999 -9999 -9999 -9999 -9999 -9999 -9999 -9999 -9999 -9999 -9999 -9999 -9999 -9999
3196 3187 3176 3156 3120 3067 3023 2989 2967 2949 2935 2925 2913 2906 2906 2921 2947 2992 3065 3171 3330 3418 3480 3581 3652 3728 3834 3892 3932 4002 3979 3972 3877 3801 3724 3645 3572 3527 3507 3518 3574 3665 3773 3901 4038 4166 -9999 -9999 -9999 4491 4488 4528 4626 4810 4962 4962 -9999 -9999 -9999 -9999 -9999 -9999 -9999 -9999 -9999 -9999 -9999 -9999 -9999 -9999 -9999 -9999 -9999 -9999 -9999 -9999 -9999 -9999 -9999 -9999 -9999 -9999
3127 3119 3109 3097 3075 3030 2986 2952 2932 2918 2905 2894 2880 2868 2865 2876 2899 2947 3015 3090 3189 3276 3403 3468 3559 3653 3743 3857 3918 3949 4006 3990 3922 3863 3805 3712 3629 3574 3549 3555 3594 3666 3767 3890 4003 4130 -9999 -9999 -9999 -9999 -9999 -9999 -9999 -9999 -9999 5094 -9999 -9999 -9999 -9999 -9999 -9999 -9999 -9999 -9999 -9999 -9999 -9999 -9999 -9999 -9999 -9999 -9999 -9999 -9999 -9999 -9999 -9999 -9999 -9999 -9999 -9999
3057 3060 3054 3040 3025 3006 2959 2916 2895 2882 2872 2861 2841 2827 2822 2828 2850 2878 2930 2991 3035 3118 3271 3377 3461 3574 3672 3764 3880 3924 3966 3992 3945 3895 3848 3764 3684 3623 3593 3591 3602 3660 3761 3874 3966 4115 4264 -9999 -9999 -9999 -9999 -9999 -9999 -9999 -9999 -9999 -9999 -9999 -9999 -9999 -9999 -9999 -9999 -9999 -9999 -9999 -9999 -9999 -9999 -9999 -9999 -9999 -9999 -9999 -9999 -9999 -9999 -9999 -9999 -9999 -9999 -9999
3000 3000 3002 2991 2979 2959 2932 2880 2852 2844 2839 2821 2801 2785 2777 2781 2796 2824 2853 2892 2942 3027 3140 3272 3389 3487 3594 3686 3789 3866 3933 3931 3923 3895 3860 3799 3744 3669 3637 3615 3608 3650 3739 3834 3939 4087 4234 4379 -9999 -9999 -9999 -9999 -9999 -9999 -9999 -9999 -9999 -9999 -9999 -9999 -9999 -9999 -9999 -9999 -9999 -9999 -9999 -9999 -9999 -9999 -9999 -9999 -9999 -9999 -9999 -9999 -9999 -9999 -9999 -9999 -9999 -9999
2968 2943 2936 2942 2933 2914 2886 2838 2809 2794 2786 2773 2757 2742 2733 2734 2744 2767 2791 2822 2870 2920 2991 3114 3208 3345 3498 3575 3638 3776 3860 3892 3879 3873 3872 3827 3781 3715 3655 3637 3616 3647 3719 3796 3927 4052 4203 4362 -9999 -9999 -9999 -9999 -9999 -9999 -9999 -9999 -9999 -9999 -9999 -9999 -9999 -9999 -9999 -9999 -9999 -9999 -9999 -9999 -9999 -9999 -9999 -9999 -9999 -9999 -9999 -9999 -9999 -9999 -9999 -9999 -9999 -9999
2971 2926 2897 2888 2891 2871 2835 2794 2768 2750 2739 2728 2715 2699 2690 2688 2697 2715 2738 2762 2802 2838 2921 3010 3046 3190 3311 3403 3491 3654 3788 3833 3835 3831 3835 3836 3788 3736 3670 3648 3625 3616 3666 3772 3900 4044 4201 4344 -9999 -9999 -9999 -9999 -9999 -9999 -9999 -9999 -9999 -9999 -9999 -9999 -9999 -9999 -9999 -9999 -9999 -9999 -9999 -9999 -9999 -9999 -9999 -9999 -9999 -9999 -9999 -9999 -9999 -9999 -9999 -9999 -9999 -9999
3020 2957 2903 2865 2839 2814 2784 2756 2734 2716 2703 2690 2676 2662 2653 2649 2655 2668 2687 2708 2734 2774 2827 2883 2941 3029 3128 3223 3361 3532 3666 3751 3775 3778 3777 3787 3772 3722 3666 3655 3629 3598 3651 3754 3904 4045 4179 4345 -9999 -9999 -9999 -9999 -9999 -9999 -9999 -9999 -9999 -9999 -9999 -9999 -9999 -9999 -9999 -9999 -9999 -9999 -9999 -9999 -9999 -9999 -9999 -9999 -9999 -9999 -9999 -9999 -9999 -9999 -9999 -9999 -9999 -9999
3112 3032 2960 2897 2848 2809 2775 2746 2721 2698 2677 2661 2645 2630 2617 2613 2614 2625 2637 2654 2677 2706 2745 2791 2843 2920 3010 3116 3224 3373 3488 3626 3681 3699 3710 3711 3717 3701 3649 3637 3607 3591 3646 3757 3902 4040 4199 4349 -9999 -9999 -9999 -9999 -9999 -9999 -9999 -9999 -9999 -9999 -9999 -9999 -9999 -9999 -9999 -9999 -9999 -9999 -9999 -9999 -9999 -9999 -9999 -9999 -9999 -9999 -9999 -9999 -9999 -9999 -9999 -9999 -9999 -9999
3234 3143 3057 2978 2910 2855 2807 2766 2730 2698 2670 2645 2625 2607 2592 2582 2579 2584 2592 2604 2624 2653 2685 2724 2769 2839 2910 2996 3103 3213 3323 3462 3538 3574 3615 3630 3631 3630 3611 3620 3586 3590 3668 3799 3938 4071 4218 4366 -9999 -9999 -9999 -9999 -9999 -9999 -9999 -9999 -9999 -9999 -9999 -9999 -9999 -9999 -9999 -9999 -9999 -9999 -9999 -9999 -9999 -9999 -9999 -9999 -9999 -9999 -9999 -9999 -9999 -9999 -9999 -9999 -9999 -9999
3369 3277 3182 3089 3009 2942 2877 2818 2767 2726 2688 2653 2623 2596 2574 2558 2550 2548 2551 2562 2580 2608 2633 2666 2708 2767 2819 2909 3017 3078 3181 3283 3352 3416 3494 3539 3540 3550 3556 3577 3558 3602 3704 3827 3948 4095 4242 -9999 -9999 -9999 -9999 -9999 -9999 -9999 -9999 -9999 -9999 -9999 -9999 -9999 -9999 -9999 -9999 -9999 -9999 -9999 -9999 -9999 -9999 -9999 -9999 -9999 -9999 -9999 -9999 -9999 -9999 -9999 -9999 -9999 -9999 -9999
3497 3415 3317 3219 3134 3062 2984 2902 2835 2781 2732 2686 2644 2606 2576 2551 2532 2521 2519 2524 2543 2569 2589 2619 2655 2697 2746 2804 2876 2957 3028 3124 3200 3273 3357 3414 3444 3466 3492 3509 3525 3607 3732 3835 3964 4099 -9999 -9999 -9999 -9999 -9999 -9999 -9999 -9999 -9999 -9999 -9999 -9999 -9999 -9999 -9999 -9999 -9999 -9999 -9999 -9999 -9999 -9999 -9999 -9999 -9999 -9999 -9999 -9999 -9999 -9999 -9999 -9999 -9999 -9999 -9999 -9999
3588 3520 3447 3361 3279 3200 3106 3007 2923 2859 2801 2740 2686 2638 2598 2563 2534 2511 2496 2492 2507 2530 2552 2576 2607 2642 2682 2725 2779 2837 2908 2990 3057 3136 3220 3281 3329 3370 3430 3444 3491 3612 3733 3857 3996 4129 -9999 -9999 -9999 -9999 -9999 -9999 -9999 -9999 -9999 -9999 -9999 -9999 -9999 -9999 -9999 -9999 -9999 -9999 -9999 -9999 -9999 -9999 -9999 -9999 -9999 -9999 -9999 -9999 -9999 -9999 -9999 -9999 -9999 -9999 -9999 -9999
3653 3605 3543 3477 3402 3324 3231 3118 3023 2952 2884 2811 2744 2688 2639 2597 2560 2528 2497 2478 2482 2501 2523 2545 2568 2594 2624 2654 2696 2743 2801 2870 2938 3013 3096 3163 3226 3286 3369 3389 3457 3606 3735 3868 4003 -9999 -9999 -9999 -9999 -9999 -9999 -9999 -9999 -9999 -9999 -9999 -9999 -9999 -9999 -9999 -9999 -9999 -9999 -9999 -9999 -9999 -9999 -9999 -9999 -9999 -9999 -9999 -9999 -9999 -9999 -9999 -9999 -9999 -9999 -9999 -9999 -9999
3685 3656 3611 3563 3496 3429 3343 3226 3130 3053 2975 2896 2819 2758 2703 2657 2613 2572 2527 2491 2477 2483 2501 2519 2534 2550 2562 2570 2599 2643 2709 2778 2843 2917 2991 3069 3144 3226 3305 3337 3425 3576 3712 3850 3978 -9999 -9999 -9999 -9999 -9999 -9999 -9999 -9999 -9999 -9999 -9999 -9999 -9999 -9999 -9999 -9999 -9999 -9999 -9999 -9999 -9999 -9999 -9999 -9999 -9999 -9999 -9999 -9999 -9999 -9999 -9999 -9999 -9999 -9999 -9999 -9999 -9999
3674 3666 3644 3616 3563 3508 3428 3330 3234 3153 3070 2985 2910 2851 2801 2746 2691 2637 2577 2523 2492 2480 2485 2497 2504 2508 2490 2486 2513 2559 2629 2713 2776 2844 2913 3002 3095 3183 3254 3289 3399 3543 3680 3800 3919 -9999 -9999 -9999 -9999 -9999 -9999 -9999 -9999 -9999 -9999 -9999 -9999 -9999 -9999 -9999 -9999 -9999 -9999 -9999 -9999 -9999 -9999 -9999 -9999 -9999 -9999 -9999 -9999 -9999 -9999 -9999 -9999 -9999 -9999 -9999 -9999 -9999
3622 3645 3644 3632 3601 3557 3491 3415 3324 3246 3165 3084 3013 2957 2902 2840 2775 2708 2637 2573 2523 2491 2480 2487 2491 2477 2447 2437 2454 2495 2567 2661 2723 2791 2859 2952 3040 3120 3178 3249 3382 3507 3634 3729 3855 -9999 -9999 -9999 -9999 -9999 -9999 -9999 -9999 -9999 -9999 -9999 -9999 -9999 -9999 -9999 -9999 -9999 -9999 -9999 -9999 -9999 -9999 -9999 -9999 -9999 -9999 -9999 -9999 -9999 -9999 -9999 -9999 -9999 -9999 -9999 -9999 -9999
3519 3574 3610 3621 3599 3572 3521 3461 3394 3324 3260 3189 3118 3052 2989 2922 2860 2784 2709 2634 2569 2518 2486 2473 2461 2442 2422 2414 2425 2455 2517 2616 2683 2747 2814 2913 2989 3061 3119 3218 3352 3466 3578 3661 3780 -9999 -9999 -9999 -9999 -9999 -9999 -9999 -9999 -9999 -9999 -9999 -9999 -9999 -9999 -9999 -9999 -9999 -9999 -9999 -9999 -9999 -9999 -9999 -9999 -9999 -9999 -9999 -9999 -9999 -9999 -9999 -9999 -9999 -9999 -9999 -9999 -9999
3412 3466 3528 3567 3570 3558 3520 3481 3436 3385 3327 3270 3206 3141 3077 3013 2944 2876 2793 2701 2623 2557 2509 2477 2452 2432 2416 2421 2435 2448 2489 2572 2645 2706 2770 2862 2951 3031 3082 3174 3289 3390 3493 3585 3706 -9999 -9999 -9999 -9999 -9999 -9999 -9999 -9999 -9999 -9999 -9999 -9999 -9999 -9999 -9999 -9999 -9999 -9999 -9999 -9999 -9999 -9999 -9999 -9999 -9999 -9999 -9999 -9999 -9999 -9999 -9999 -9999 -9999 -9999 -9999 -9999 -9999
3303 3365 3415 3459 3495 3501 3487 3473 3450 3419 3379 3334 3287 3226 3165 3098 3029 2958 2871 2770 2685 2612 2552 2509 2474 2450 2434 2439 2459 2462 2479 2534 2602 2660 2721 2799 2892 2970 3038 3114 3208 3305 3407 3521 3614 3699 -9999 -9999 -9999 -9999 4223 -9999 -9999 -9999 -9999 -9999 -9999 -9999 -9999 -9999 -9999 -9999 -9999 -9999 -9999 -9999 -9999 -9999 -9999 -9999 -9999 -9999 -9999 -9999 -9999 -9999 -9999 -9999 -9999 -9999 -9999 -9999
3198 3252 3297 3343 3392 3418 3431 3445 3447 3439 3417 3383 3348 3298 3240 3178 3110 3036 2942 2844 2755 2677 2609 2555 2514 2482 2461 2456 2458 2459 2469 2506 2562 2619 2673 2738 2816 2898 2970 3050 3140 3240 3345 3443 3525 3603 -9999 -9999 -9999 3998 4105 4221 -9999 -9999 -9999 -9999 -9999 -9999 -9999 -9999 -9999 -9999 -9999 -9999 -9999 -9999 -9999 -9999 -9999 -9999 -9999 -9999 -9999 -9999 -9999 -9999 -9999 -9999 -9999 -9999 -9999 -9999
3111 3151 3191 3237 3282 3328 3365 3401 3428 3449 3438 3419 3392 3358 3308 3253 3189 3111 3018 2920 2833 2748 2674 2615 2567 2530 2500 2481 2472 2467 2475 2499 2539 2586 2633 2687 2748 2816 2891 2979 3066 3157 3249 3331 3429 3503 3578 -9999 3779 3884 3996 4103 -9999 -9999 -9999 -9999 -9999 -9999 -9999 -9999 -9999 -9999 -9999 -9999 -9999 -9999 -9999 -9999 -9999 -9999 -9999 -9999 -9999 -9999 -9999 -9999 -9999 -9999 -9999 -9999 -9999 -9999
3046 3064 3102 3144 3185 3236 3277 3326 3371 3416 3438 3432 3428 3403 3367 3323 3269 3187 3102 2999 2908 2826 2749 2684 2631 2589 2554 2527 2508 2497 2496 2507 2531 2566 2603 2645 2693 2746 2809 2897 2976 3062 3148 3221 3310 3398 3466 3560 3668 3780 3884 4002 -9999 -9999 -9999 -9999 -9999 -9999 -9999 -9999 -9999 -9999 -9999 -9999 -9999 -9999 -9999 -9999 -9999 -9999 -9999 -9999 -9999 -9999 -9999 -9999 -9999 -9999 -9999 -9999 -9999 -9999
3025 3030 3032 3063 3109 3153 3203 3256 3311 3365 3407 3436 3456 3452 3418 3382 3333 3264 3183 3092 2996 2911 2831 2764 2707 2657 2619 2586 2561 2540 2529 2528 2536 2555 2580 2609 2643 2680 2726 2799 2891 2970 3055 3119 3192 3278 3355 3446 3563 3680 3794 3926 4052 -9999 -9999 -9999 -9999 -9999 -9999 -9999 -9999 -9999 -9999 -9999 -9999 -9999 -9999 -9999 -9999 -9999 -9999 -9999 -9999 -9999 -9999 -9999 -9999 -9999 -9999 -9999 -9999 -9999
3012 3010 3014 3012 3049 3097 3144 3197 3255 3319 3373 3429 3469 3478 3455 3430 3396 3336 3259 3175 3098 3005 2920 2847 2789 2736 2695 2656 2621 2592 2569 2555 2551 2553 2565 2579 2601 2624 2658 2716 2807 2879 2954 3021 3083 3140 3219 3333 3467 3590 3724 3865 3983 -9999 -9999 -9999 -9999 -9999 -9999 -9999 -9999 -9999 -9999 -9999 -9999 -9999 -9999 -9999 -9999 -9999 -9999 -9999 -9999 -9999 -9999 -9999 -9999 -9999 -9999 -9999 -9999 -9999
2999 2994 2993 2997 3026 3066 3109 3165 3226 3294 3359 3424 3467 3488 3484 3460 3427 3382 3318 3247 3164 3080 2999 2925 2862 2813 2767 2725 2683 2645 2613 2587 2570 2560 2557 2559 2567 2581 2605 2649 2722 2800 2866 2931 2978 3024 3111 3229 3373 3517 3659 3801 3914 -9999 -9999 -9999 -9999 -9999 -9999 -9999 -9999 -9999 -9999 -9999 -9999 -9999 -9999 -9999 -9999 -9999 -9999 -9999 -9999 -9999 -9999 -9999 -9999 -9999 -9999 -9999 -9999 -9999
