Capas/FUTURO/Eje_30s/ASC/bio_07.asc
ncols         993
nrows         433
xllcorner     -105.25566776747
yllcorner     17.599810932142
cellsize      0.0083333333
NODATA_value  -9999
[rows 78 to 116 of 433, columns 88 to 175 of 993]
214 214 215 216 217 217 218 218 219 219 221 221 223 223 223 224 225 225 226 226 227 228 228 229 229 230 230 231 233 234 235 235 235 235 235 236 236 237 237 237 238 238 238 238 239 239 239 240 240 241 241 242 243 243 244 243 243 243 244 245 246 246 246 246 246 246 246 246 246 247 247 249 249 249 249 249 249 250 250 250 250 250 250 250 250 251 251 251
213 214 214 215 216 216 218 218 218 219 220 221 222 222 223 224 224 225 226 226 226 227 228 228 230 230 231 232 233 233 234 235 234 234 235 236 237 237 238 238 238 238 238 238 238 239 239 240 240 241 241 243 243 243 243 243 244 244 244 245 245 245 245 246 246 246 246 246 246 247 247 249 249 249 249 250 249 249 250 250 250 249 249 250 251 250 251 251
213 213 214 215 216 216 217 217 219 220 220 221 222 221 222 223 224 225 226 225 226 227 228 228 229 230 230 231 233 233 233 234 234 235 235 236 237 238 237 237 237 238 238 238 239 239 239 240 241 241 241 242 242 243 243 243 244 244 244 245 245 245 245 246 246 246 246 246 246 246 247 249 249 249 249 250 250 249 249 250 250 249 249 250 251 250 251 250
212 213 214 214 215 216 216 217 218 219 220 220 221 222 222 223 224 224 225 226 226 227 228 228 229 229 230 231 232 233 234 234 234 235 235 236 236 237 236 236 237 238 238 239 239 239 239 240 240 240 242 242 243 242 243 243 243 243 243 245 245 245 245 245 245 246 246 246 246 246 248 249 249 249 249 249 249 249 249 249 250 249 249 249 251 250 251 250
212 213 213 214 215 215 217 217 218 218 219 220 220 221 222 222 223 224 224 226 226 227 227 228 229 229 230 231 231 233 233 235 235 235 236 236 236 236 237 236 237 237 238 239 240 239 239 240 241 240 242 242 243 243 243 243 244 243 244 244 245 245 245 246 246 245 246 247 247 247 248 249 249 248 249 249 249 249 250 249 249 249 249 249 250 250 250 250
211 212 213 214 214 215 216 217 218 218 219 220 221 221 222 223 223 224 224 226 226 227 227 228 228 229 230 230 232 233 234 235 234 235 236 236 237 236 236 237 237 238 238 238 238 239 239 240 240 240 242 242 243 242 243 243 243 244 243 245 245 245 245 245 246 245 246 246 246 246 247 248 249 249 248 249 249 249 249 249 249 249 249 250 249 250 250 249
211 212 213 214 214 215 216 217 217 218 219 220 221 221 221 223 223 224 224 225 226 227 227 228 228 228 229 230 232 232 233 234 234 235 235 235 236 236 237 237 238 238 238 239 239 239 239 240 240 241 241 242 242 243 242 243 243 243 244 245 245 245 245 246 246 245 246 246 246 246 248 248 248 248 248 248 248 248 249 248 248 249 249 249 249 250 250 249
211 212 213 214 214 215 215 216 217 217 219 219 220 220 222 223 222 223 225 225 225 227 227 227 228 229 229 230 232 232 233 233 234 234 235 235 236 236 237 237 237 237 238 239 240 240 239 240 240 240 242 242 242 242 243 242 243 243 243 245 245 245 245 245 246 245 246 246 246 246 247 248 248 248 248 248 249 248 249 249 248 249 249 249 250 250 249 249
210 212 213 213 213 214 215 216 217 217 218 219 220 221 221 222 222 223 224 225 225 226 226 227 228 228 228 231 232 232 233 233 234 234 235 235 236 236 236 237 237 238 238 239 239 240 239 240 240 241 241 242 242 243 242 242 242 243 243 244 245 245 245 244 245 245 245 245 245 247 248 248 248 248 248 248 248 248 248 248 248 248 249 249 249 249 249 249
211 211 212 213 213 215 215 216 217 218 218 219 220 221 221 222 223 223 224 225 226 226 227 227 227 228 229 230 231 232 232 234 234 234 235 235 236 236 236 236 238 238 238 239 239 239 239 240 241 241 241 242 242 243 242 242 242 242 244 244 245 245 245 244 245 245 245 245 246 246 247 247 248 248 248 248 248 248 248 247 248 247 248 249 248 248 249 249
210 211 212 213 213 213 215 216 216 217 217 218 219 220 220 221 222 223 224 224 225 226 227 226 228 228 228 230 231 232 233 233 234 234 235 235 236 236 237 237 238 239 238 238 239 239 240 240 241 242 242 241 242 242 242 242 242 243 243 243 245 245 245 244 245 244 245 245 245 246 247 247 247 247 247 248 248 247 248 248 247 248 248 249 248 248 249 248
210 211 211 212 213 214 214 215 216 217 217 218 219 219 221 222 222 223 223 224 224 225 226 226 228 228 228 230 231 232 233 233 233 233 234 235 236 235 236 237 238 239 239 239 239 238 239 240 240 241 242 241 242 242 242 243 243 243 242 244 243 244 244 245 244 244 245 245 245 246 247 247 247 247 247 247 248 247 247 247 247 247 247 248 249 248 248 248
210 210 211 212 212 214 214 215 216 216 217 218 218 219 220 221 222 222 223 224 225 225 227 227 227 228 228 229 231 232 232 233 233 233 234 235 235 236 236 237 238 239 239 238 238 238 240 239 240 241 242 241 241 242 242 242 242 242 243 243 244 244 244 244 245 245 245 244 245 245 246 247 247 247 247 247 247 247 247 247 246 247 247 248 248 247 248 247
209 211 211 211 212 213 214 215 215 216 217 218 218 219 220 220 222 222 224 224 224 225 226 226 228 227 228 230 230 231 231 232 232 233 233 234 235 235 235 236 237 238 238 238 238 238 239 240 239 241 241 241 241 241 241 241 242 242 244 243 244 244 244 244 244 244 244 244 245 246 247 246 246 247 246 246 247 246 247 246 247 246 246 247 248 247 247 247
209 210 211 211 212 212 213 214 215 216 217 217 218 219 219 221 221 222 223 224 224 225 225 227 227 228 228 230 231 231 232 231 231 233 232 233 235 235 235 236 236 237 238 238 238 239 239 239 240 241 241 240 241 241 241 242 242 241 243 243 244 243 244 243 244 244 244 243 244 245 246 246 246 246 246 246 246 246 246 246 246 245 246 247 247 247 247 246
209 209 210 211 212 212 213 214 215 216 217 217 218 218 219 220 221 222 223 223 224 224 226 226 226 228 229 230 231 231 231 231 232 232 232 233 233 235 235 235 236 236 237 238 239 239 239 239 240 241 241 240 240 241 240 241 242 241 244 243 244 244 244 244 244 244 244 243 245 245 245 246 246 246 246 246 246 246 245 246 246 245 246 247 247 246 246 246
209 209 210 211 211 212 213 213 214 215 216 217 217 218 219 219 220 221 223 222 224 224 225 226 226 227 229 230 230 231 231 231 231 232 232 232 233 233 234 235 235 235 236 237 237 238 240 239 240 241 241 240 240 241 240 240 241 242 244 243 243 244 243 243 244 243 243 243 244 244 245 245 245 245 245 245 245 245 245 245 245 244 246 246 246 246 246 246
208 209 209 210 211 212 213 214 214 215 215 216 217 217 219 219 220 221 221 223 223 224 224 225 225 226 228 229 229 230 230 230 231 231 231 232 233 233 234 235 235 235 235 237 237 237 239 239 239 241 240 240 241 240 240 241 241 242 243 243 243 244 243 243 243 243 243 242 244 244 245 245 245 244 244 245 245 245 245 244 245 245 245 245 246 245 246 246
208 209 210 210 211 211 213 213 214 214 215 216 217 218 218 219 220 221 222 222 223 224 224 224 225 226 227 229 228 229 229 230 231 231 232 232 233 233 233 234 235 234 235 235 236 237 239 239 238 240 240 240 240 240 240 240 241 241 243 243 243 243 243 242 242 242 242 243 244 243 245 244 244 245 244 245 244 244 245 244 244 244 245 245 245 245 245 245
207 209 209 209 210 211 212 213 213 214 216 216 216 217 218 218 219 221 221 222 222 223 224 225 225 226 227 228 228 228 229 230 230 231 231 231 232 232 233 234 233 234 235 235 236 237 237 238 238 240 239 240 240 240 240 240 240 241 241 242 243 242 242 242 242 243 242 242 243 243 244 244 244 244 244 244 244 244 244 244 243 244 245 245 245 244 244 245
208 208 209 209 210 211 212 213 213 214 215 215 216 217 217 218 219 220 221 222 222 223 223 224 225 225 227 228 228 228 229 229 230 230 230 231 231 232 232 233 233 234 234 234 235 236 238 238 237 239 239 240 239 240 240 240 240 240 241 241 241 242 241 242 242 242 242 241 243 243 244 243 244 243 244 243 244 244 243 243 244 243 244 244 244 244 244 244
207 208 209 209 210 211 212 212 213 213 215 215 216 216 218 218 219 220 220 221 222 222 223 223 224 225 227 227 227 228 228 229 229 230 230 231 231 231 232 232 233 233 234 234 235 235 237 237 238 238 239 239 239 239 240 240 239 240 241 241 241 241 242 242 241 241 241 241 242 243 243 243 243 243 243 243 243 243 243 243 243 243 244 243 243 243 244 243
206 207 208 209 209 211 211 212 212 213 214 215 216 216 217 218 219 220 220 221 221 222 223 223 224 225 226 226 226 227 228 229 229 230 230 230 231 231 232 232 233 233 233 234 235 235 237 237 237 237 238 239 239 239 239 240 239 240 241 241 241 241 241 241 241 241 241 241 242 242 243 243 243 243 243 243 242 242 242 242 243 242 243 243 243 243 243 243
206 207 208 209 209 210 211 212 212 213 213 214 215 216 217 218 218 219 220 221 221 222 223 223 223 225 226 226 227 227 228 229 228 230 230 230 230 230 231 232 232 233 233 234 234 234 236 236 236 237 238 238 238 238 238 239 239 240 241 241 241 241 241 240 241 241 241 240 242 243 243 242 242 242 242 243 243 242 242 242 242 241 243 243 243 243 243 242
206 207 208 209 209 210 211 212 213 212 213 214 215 215 217 218 218 219 219 220 220 221 222 222 223 225 225 226 227 227 228 228 229 229 229 230 230 230 231 232 232 232 233 233 234 234 236 236 236 236 238 238 238 238 238 238 239 239 240 240 240 241 240 240 241 241 240 240 240 242 242 242 241 242 242 242 241 242 242 241 242 241 243 242 242 242 242 242
206 207 207 208 209 209 211 211 212 213 213 214 214 216 217 217 217 219 220 220 221 221 221 222 223 224 224 226 226 226 227 228 228 228 229 229 229 230 231 231 231 232 232 233 233 234 235 235 235 236 237 237 238 238 238 238 239 238 239 240 240 240 240 240 241 241 240 240 240 242 241 241 241 241 242 242 242 241 241 241 241 241 242 242 241 242 242 241
206 207 207 208 209 209 210 211 212 212 213 214 214 215 216 216 218 218 219 219 220 221 222 221 222 224 225 225 225 226 227 227 228 228 229 229 229 230 231 231 231 232 232 232 232 233 234 235 235 235 236 237 237 237 237 237 238 239 239 240 240 240 240 240 240 240 239 240 240 241 241 242 241 241 241 241 241 241 241 240 240 240 242 241 241 241 241 240
206 206 207 207 208 209 210 210 211 212 212 214 214 215 215 217 217 218 218 219 220 220 221 222 222 223 225 224 225 226 226 227 227 227 228 229 229 230 230 230 231 231 232 231 232 232 234 235 235 236 235 237 237 237 237 238 238 238 239 240 240 240 240 240 240 240 240 239 239 241 241 241 241 241 240 241 241 241 240 240 240 240 241 241 241 240 241 240
204 205 205 207 207 208 208 209 211 211 211 212 213 214 215 216 217 217 218 219 219 220 221 221 221 224 223 225 225 226 226 227 227 228 228 229 229 229 230 230 230 231 231 232 232 232 233 234 235 235 235 237 236 236 237 237 237 238 239 239 239 240 239 239 239 239 239 239 239 240 241 241 240 241 240 240 240 240 240 240 240 240 240 240 240 240 240 240
203 204 205 206 206 207 208 209 210 211 211 212 213 213 214 214 216 217 218 218 218 219 220 220 221 223 223 224 225 225 226 226 227 227 227 228 228 229 230 230 230 230 231 231 231 232 233 233 234 234 234 234 236 237 237 237 237 237 239 239 239 239 239 239 239 239 239 239 238 240 241 240 240 240 240 239 239 239 239 239 239 239 239 240 240 240 239 240
203 204 205 206 206 207 208 209 209 210 211 211 213 213 214 215 215 216 216 217 219 219 220 220 221 223 223 224 225 225 225 226 226 227 227 228 228 228 229 230 229 231 231 230 231 231 233 233 233 233 234 234 236 236 236 237 236 236 238 238 239 238 238 239 238 238 238 238 238 238 240 240 239 239 239 239 239 239 239 239 239 238 239 239 239 239 239 239
204 204 205 206 206 207 208 208 210 210 211 211 212 212 214 214 215 216 216 216 217 218 219 220 221 223 223 224 224 225 225 225 226 226 226 227 227 228 229 229 229 229 230 231 231 231 232 233 233 234 234 235 234 236 236 235 236 236 237 237 238 238 238 238 238 238 237 237 237 237 239 239 239 239 239 239 238 239 238 239 238 238 237 239 239 239 238 238
203 204 205 205 206 207 207 208 209 210 210 211 212 212 213 214 214 215 216 216 217 217 218 219 220 222 222 223 223 224 225 225 226 226 227 226 227 227 228 229 229 229 229 230 230 231 232 232 233 233 233 234 234 235 235 235 236 236 237 237 238 237 237 237 238 237 237 237 237 237 239 238 238 238 238 238 239 238 238 238 238 238 237 238 238 238 238 238
202 204 205 205 205 206 207 208 209 209 210 211 211 212 213 213 214 215 215 217 217 217 218 218 219 220 222 223 223 224 224 225 226 226 227 226 227 227 228 228 229 229 230 230 230 231 232 233 233 233 233 233 234 234 235 235 235 235 236 236 237 237 236 237 237 237 236 237 237 236 237 239 239 238 238 238 237 238 237 237 237 237 236 237 238 237 237 237
203 204 204 205 206 206 207 208 208 209 210 210 211 212 213 213 214 214 215 216 217 217 217 218 219 221 221 222 223 224 224 225 225 225 226 227 227 227 228 228 229 229 229 230 231 230 232 231 232 233 233 233 233 233 235 234 234 235 236 236 236 237 236 236 237 236 237 237 237 236 237 237 238 238 237 237 237 237 237 236 237 237 236 237 237 237 237 236
202 203 204 204 205 206 206 208 209 208 209 210 211 211 212 213 214 214 215 216 216 216 217 218 218 220 221 222 221 222 224 224 225 225 225 226 227 227 227 228 228 229 229 229 230 230 231 232 232 232 232 232 233 233 233 234 234 234 235 236 236 236 236 236 236 236 236 236 236 236 237 237 237 237 237 237 237 237 237 236 236 235 236 237 236 236 236 236
203 203 204 205 205 206 206 207 208 208 210 210 211 211 212 212 214 214 215 216 216 216 217 217 218 220 221 221 222 221 222 223 224 225 226 226 226 227 227 228 228 228 228 229 229 230 232 232 232 232 232 232 232 233 233 233 234 234 235 236 235 236 235 236 236 236 236 236 236 236 236 236 237 237 237 237 237 236 236 236 236 236 235 237 236 236 235 235
202 203 204 204 205 205 207 207 207 208 209 210 210 211 212 212 213 214 214 215 216 216 217 217 218 220 221 220 221 222 222 223 223 225 225 225 226 226 227 228 228 228 229 229 229 230 231 232 231 232 232 231 232 232 233 232 234 234 235 235 235 235 236 235 235 235 236 236 235 236 237 236 236 236 236 236 237 236 235 236 236 235 235 234 236 235 235 235
201 203 204 204 205 206 206 207 207 208 209 209 210 210 211 213 213 214 214 215 215 216 216 217 218 220 220 221 221 221 222 223 223 223 224 225 226 226 227 227 228 228 228 229 229 229 230 231 231 231 232 231 232 232 233 233 232 233 234 235 235 236 235 235 235 236 235 235 235 235 236 236 236 236 236 237 236 236 235 235 235 235 234 234 235 235 234 235
