Capas/FUTURO/Eje_30s/ASC/bio_12.asc
ncols         993
nrows         433
xllcorner     -105.25566776747
yllcorner     17.599810932142
cellsize      0.0083333333
NODATA_value  -9999
[rows 105 to 139 of 433, columns 79 to 157 of 993]
13574 13229 12761 12217 11719 11209 10728 10274 9893 9632 9434 9315 9279 9332 9474 9661 9841 10005 10153 10409 10670 10777 10887 10978 11231 11412 11471 11448 11415 11288 11048 10701 10304 9915 9583 9339 9160 9037 8945 8875 8803 8697 8644 8612 8618 8682 8801 8962 9165 9361 9524 9684 9839 10022 10227 10448 10656 10878 11120 11300 11471 11625 11757 11851 11916 11979 12045 12073 12123 12169 12218 12238 12246 12243 12143 12047 11912 11849 11751
13520 13124 12646 12200 11701 11150 10714 10231 9822 9513 9288 9162 9151 9244 9376 9502 9652 9890 10122 10352 10589 10676 10877 11041 11274 11445 11435 11458 11392 11215 10946 10575 10196 9833 9543 9328 9179 9077 9003 8944 8879 8789 8729 8689 8665 8713 8804 8955 9138 9334 9492 9640 9779 9958 10168 10363 10572 10807 11018 11221 11402 11561 11690 11792 11873 11919 11990 12037 12094 12162 12237 12248 12276 12299 12283 12167 12039 11996 11936
13399 13082 12707 12232 11732 11205 10667 10199 9789 9453 9205 9056 9062 9101 9149 9320 9540 9810 10048 10281 10476 10539 10726 11028 11263 11441 11470 11458 11385 11144 10817 10446 10079 9733 9468 9284 9148 9059 9000 8952 8891 8812 8713 8648 8647 8690 8764 8898 9065 9237 9397 9552 9693 9868 10055 10251 10465 10682 10905 11124 11324 11480 11608 11707 11778 11846 11891 11930 11987 12082 12169 12186 12229 12275 12254 12130 12037 11995 11961
13301 13049 12621 12140 11661 11166 10639 10204 9803 9475 9191 9024 9004 8941 8978 9156 9389 9660 9928 10172 10385 10453 10697 10948 11172 11312 11468 11501 11326 11047 10698 10329 9980 9640 9374 9189 9056 8971 8913 8873 8820 8721 8612 8504 8485 8535 8652 8762 8900 9074 9250 9411 9564 9758 9963 10171 10387 10598 10816 11032 11225 11385 11498 11593 11664 11721 11762 11787 11843 11918 11986 12015 12035 12061 11979 11888 11825 11814 11785
13174 12809 12399 12016 11639 11135 10661 10253 9857 9522 9232 9024 8970 8899 8916 9041 9302 9557 9779 10015 10176 10334 10600 10815 11088 11174 11312 11405 11246 10962 10619 10261 9836 9526 9272 9069 8922 8829 8769 8723 8681 8594 8479 8365 8315 8338 8420 8537 8707 8899 9066 9242 9424 9628 9863 10082 10308 10518 10720 10915 11099 11255 11347 11429 11468 11515 11543 11581 11638 11717 11772 11797 11736 11661 11603 11487 11425 11388 11415
13090 12697 12266 11989 11539 11116 10713 10323 9957 9619 9325 9102 8967 8963 8964 9072 9234 9366 9563 9851 10022 10225 10481 10707 10979 11129 11237 11286 11116 10854 10514 10181 9784 9420 9136 8922 8773 8658 8592 8548 8514 8460 8346 8228 8189 8190 8242 8332 8511 8710 8900 9085 9306 9532 9765 9997 10222 10429 10619 10789 10947 11064 11127 11170 11203 11226 11233 11283 11324 11381 11413 11371 11328 11226 11141 10972 10888 10876 10917
12817 12498 12177 11785 11414 11107 10780 10472 10099 9750 9484 9244 9088 8987 8989 9075 9180 9220 9447 9698 9907 10133 10382 10660 10876 11070 11200 11215 11073 10841 10504 10159 9780 9398 9069 8771 8583 8495 8411 8363 8327 8258 8151 8077 8078 8106 8145 8240 8404 8573 8748 8954 9169 9412 9648 9878 10094 10308 10491 10622 10746 10849 10866 10845 10843 10837 10813 10804 10804 10876 10918 10857 10804 10710 10531 10363 10278 10287 10402
12545 12189 11856 11559 11314 11116 10830 10571 10297 9965 9668 9452 9278 9155 9152 9189 9268 9337 9496 9671 9856 10100 10324 10559 10773 10950 11072 11070 10954 10816 10562 10128 9745 9369 9005 8647 8386 8262 8245 8203 8172 8086 7985 7940 7948 7984 8055 8166 8275 8421 8604 8825 9051 9292 9526 9747 9941 10175 10332 10385 10491 10552 10531 10455 10419 10373 10308 10259 10228 10261 10306 10260 10212 10078 9934 9857 9875 9906 9955
12197 11877 11618 11445 11328 11081 10862 10611 10389 10149 9855 9651 9464 9342 9303 9279 9352 9490 9542 9611 9751 9984 10199 10417 10639 10809 10960 10957 10829 10749 10566 10198 9769 9365 8915 8546 8260 8095 8052 8069 8049 7982 7901 7875 7880 7918 7976 8070 8166 8300 8484 8705 8937 9168 9404 9632 9852 10060 10146 10179 10254 10243 10186 10066 9965 9850 9762 9689 9616 9620 9687 9651 9571 9468 9392 9418 9484 9496 9539
11997 11754 11593 11497 11305 11140 10920 10683 10541 10348 10087 9856 9669 9531 9445 9413 9477 9593 9645 9652 9762 9936 10109 10286 10494 10755 10915 10915 10823 10685 10454 10156 9760 9294 8866 8501 8208 8025 7944 7943 7948 7932 7915 7923 7953 7991 7998 8025 8095 8221 8416 8610 8825 9080 9335 9570 9822 9978 10012 9932 9955 9966 9871 9669 9469 9296 9196 9100 8992 8963 9018 9077 9013 8992 8970 8968 9055 9101 9163
11966 11777 11588 11372 11289 11192 11045 10883 10724 10504 10290 10065 9924 9773 9688 9724 9739 9765 9795 9743 9822 9898 10086 10181 10359 10615 10795 10833 10814 10671 10394 10076 9702 9263 8842 8492 8209 8030 7958 7956 7979 8012 8062 8128 8165 8159 8096 8069 8108 8230 8390 8564 8761 9017 9261 9506 9764 9862 9895 9789 9706 9640 9525 9301 9049 8851 8709 8589 8498 8457 8461 8491 8526 8558 8549 8582 8683 8768 8821
12008 11786 11580 11389 11263 11217 11123 10999 10847 10690 10488 10322 10148 10011 9975 9991 10036 10010 9957 9863 9876 9897 10014 10109 10298 10484 10679 10734 10685 10592 10302 9990 9622 9187 8761 8444 8204 8092 8075 8114 8163 8232 8338 8372 8359 8321 8240 8169 8164 8230 8377 8498 8691 8921 9126 9394 9648 9786 9818 9817 9711 9472 9244 8989 8718 8494 8298 8162 8084 8057 8053 8074 8152 8198 8196 8274 8374 8448 8500
12105 11751 11618 11410 11295 11273 11221 11105 10966 10791 10572 10461 10362 10291 10263 10255 10243 10172 10077 9947 9880 9859 9892 10003 10169 10299 10506 10616 10550 10441 10231 9910 9521 9061 8675 8406 8253 8239 8294 8362 8453 8520 8562 8581 8557 8509 8455 8333 8256 8243 8307 8458 8605 8769 8967 9215 9457 9678 9757 9739 9624 9422 9044 8725 8444 8192 7978 7844 7770 7735 7735 7771 7850 7910 7934 8019 8111 8175 8223
12208 11844 11636 11480 11381 11317 11220 11159 10968 10813 10672 10548 10484 10460 10473 10464 10375 10245 10129 9970 9853 9780 9814 9908 10047 10160 10266 10415 10433 10325 10092 9745 9351 8937 8607 8397 8360 8338 8395 8512 8637 8728 8779 8789 8763 8707 8624 8530 8423 8338 8314 8381 8515 8672 8829 9034 9281 9492 9590 9574 9425 9211 8847 8515 8230 7971 7764 7621 7544 7509 7516 7558 7619 7679 7744 7839 7922 7971 8036
12448 12025 11720 11526 11376 11260 11184 11144 10997 10842 10760 10690 10632 10591 10612 10572 10496 10348 10144 9964 9802 9726 9731 9816 9915 10051 10102 10155 10170 10163 9936 9562 9165 8803 8536 8423 8357 8366 8457 8620 8777 8887 8943 8953 8928 8873 8773 8676 8597 8490 8377 8365 8424 8553 8702 8875 9071 9237 9328 9357 9221 8955 8636 8334 8059 7815 7614 7473 7388 7362 7389 7431 7484 7554 7647 7744 7812 7859 7948
12611 12145 11765 11507 11324 11220 11158 11043 10982 10861 10773 10736 10717 10675 10664 10603 10530 10382 10145 9926 9772 9659 9647 9711 9801 9900 9951 9959 9940 9901 9686 9376 8996 8670 8443 8381 8316 8344 8482 8668 8838 8956 9022 9036 9015 8960 8868 8792 8677 8573 8444 8388 8404 8528 8644 8773 8911 9007 9084 9074 8915 8665 8416 8163 7914 7696 7512 7371 7295 7279 7313 7358 7421 7517 7620 7716 7800 7868 7950
12748 12313 11859 11514 11305 11201 11118 10992 10971 10906 10831 10783 10818 10802 10745 10671 10508 10337 10143 9930 9749 9612 9572 9617 9704 9775 9839 9867 9810 9722 9524 9183 8821 8522 8347 8296 8261 8319 8466 8654 8830 8956 9028 9052 9038 8988 8909 8824 8727 8614 8466 8402 8419 8515 8618 8731 8787 8758 8843 8862 8672 8439 8219 8002 7789 7602 7444 7314 7249 7246 7275 7337 7436 7567 7690 7821 7938 8015 8069
12916 12479 12037 11666 11372 11206 11127 11041 11002 10949 10860 10870 10969 10914 10819 10730 10525 10308 10111 9910 9713 9550 9521 9543 9616 9640 9714 9729 9689 9569 9340 8973 8651 8388 8240 8195 8194 8266 8415 8599 8776 8903 8980 9015 9013 8980 8914 8829 8741 8605 8488 8430 8454 8522 8588 8677 8671 8609 8690 8695 8506 8284 8073 7873 7691 7533 7397 7281 7224 7229 7265 7375 7534 7721 7894 8038 8174 8250 8314
13162 12657 12190 11834 11510 11265 11141 11092 11073 11055 11022 11017 11063 11013 10880 10740 10546 10314 10060 9897 9707 9582 9528 9524 9540 9553 9615 9596 9525 9362 9097 8766 8486 8254 8125 8089 8112 8194 8339 8518 8691 8815 8901 8946 8956 8941 8894 8831 8748 8609 8515 8482 8509 8553 8609 8679 8663 8578 8577 8542 8381 8190 7991 7798 7622 7484 7356 7258 7213 7220 7284 7425 7642 7909 8119 8299 8485 8560 8619
13265 12884 12373 12019 11651 11347 11229 11171 11118 11140 11140 11204 11200 11110 10950 10737 10539 10312 10067 9924 9717 9622 9568 9474 9460 9476 9480 9415 9316 9178 8893 8597 8344 8145 8042 8008 8031 8111 8249 8420 8584 8712 8802 8853 8881 8876 8849 8802 8741 8635 8536 8530 8576 8612 8670 8709 8749 8690 8574 8468 8325 8152 7962 7762 7594 7454 7334 7246 7212 7237 7327 7498 7754 8050 8312 8524 8780 8916 8983
13555 13127 12615 12213 11816 11516 11371 11273 11192 11159 11171 11193 11212 11170 11011 10753 10536 10336 10131 9976 9773 9668 9596 9440 9370 9348 9333 9257 9146 8982 8736 8463 8238 8100 8005 7933 7947 8028 8158 8313 8468 8599 8691 8759 8792 8801 8791 8762 8716 8632 8560 8598 8627 8667 8729 8757 8781 8815 8744 8600 8421 8202 7974 7770 7592 7449 7332 7252 7231 7279 7395 7577 7858 8183 8487 8748 9070 9227 9318
13765 13341 12878 12457 12052 11712 11565 11443 11292 11223 11252 11242 11206 11106 10978 10821 10585 10340 10174 10052 9878 9730 9629 9458 9374 9317 9204 9118 9012 8832 8600 8384 8208 8077 7943 7882 7885 7956 8069 8208 8359 8489 8588 8662 8703 8728 8728 8712 8680 8601 8573 8644 8675 8719 8764 8784 8812 8858 8828 8688 8555 8286 7998 7775 7599 7455 7341 7270 7271 7344 7477 7674 7965 8316 8642 8977 9302 9497 9595
13937 13472 13052 12634 12311 12000 11760 11610 11427 11358 11340 11277 11171 11067 10911 10790 10595 10399 10267 10152 9940 9825 9679 9507 9379 9268 9120 8971 8827 8686 8506 8345 8217 8068 7940 7863 7849 7893 7992 8122 8260 8385 8487 8565 8617 8635 8646 8632 8599 8561 8582 8656 8698 8747 8782 8694 8716 8809 8816 8714 8566 8295 7999 7779 7595 7446 7349 7304 7317 7402 7562 7791 8101 8449 8791 9151 9489 9716 9802
14018 13518 13174 12799 12482 12244 12031 11837 11669 11493 11383 11288 11074 10930 10844 10745 10621 10477 10370 10225 10071 9898 9768 9549 9383 9183 8996 8862 8741 8624 8496 8371 8237 8127 7986 7871 7820 7850 7933 8039 8166 8289 8393 8460 8501 8546 8589 8601 8588 8560 8619 8659 8707 8757 8773 8679 8661 8667 8678 8619 8455 8214 7972 7776 7592 7442 7362 7351 7367 7464 7646 7911 8188 8537 8905 9269 9538 9754 9800
14116 13650 13298 12996 12709 12478 12282 12028 11861 11659 11476 11268 11017 10809 10712 10602 10515 10394 10337 10297 10186 9965 9837 9616 9409 9173 8993 8882 8818 8749 8638 8496 8337 8184 8033 7943 7846 7830 7870 7968 8084 8198 8298 8382 8445 8486 8517 8529 8541 8554 8590 8644 8695 8755 8794 8794 8802 8737 8641 8511 8348 8164 7965 7775 7596 7445 7382 7388 7419 7518 7722 7985 8294 8603 8958 9292 9476 9626 9668
14099 13771 13490 13237 12963 12720 12483 12228 11974 11705 11470 11221 11007 10776 10610 10477 10396 10315 10285 10307 10236 10114 9915 9660 9441 9239 9096 9077 8999 8923 8886 8741 8518 8291 8108 7973 7872 7828 7839 7909 8009 8117 8211 8294 8356 8394 8424 8450 8470 8506 8537 8606 8671 8726 8782 8834 8882 8874 8822 8584 8377 8208 8009 7797 7608 7457 7395 7409 7454 7558 7765 8036 8369 8687 9016 9245 9374 9375 9302
14168 13883 13649 13436 13197 12938 12644 12377 12129 11809 11511 11180 10960 10784 10608 10483 10379 10303 10252 10258 10201 10090 9952 9678 9475 9337 9241 9147 8996 8927 8957 8918 8715 8449 8210 8020 7879 7794 7788 7874 7956 8040 8124 8194 8248 8286 8321 8351 8389 8436 8484 8552 8631 8700 8768 8852 8892 8883 8846 8638 8418 8258 8072 7848 7636 7479 7407 7425 7488 7601 7812 8095 8420 8709 8970 9151 9256 9141 9040
14194 14015 13834 13630 13354 13069 12795 12492 12188 11894 11598 11278 10967 10716 10580 10513 10368 10341 10337 10260 10167 10088 9978 9683 9526 9429 9285 9171 9052 9035 9061 9054 8879 8572 8313 8101 7931 7804 7780 7848 7916 7978 8045 8100 8121 8160 8196 8237 8259 8313 8372 8458 8562 8636 8732 8849 8888 8896 8856 8646 8428 8286 8113 7893 7678 7508 7428 7456 7549 7680 7892 8149 8445 8703 8900 9028 9077 8942 8870
14247 14156 13986 13817 13575 13270 12963 12654 12276 11941 11707 11381 11090 10800 10586 10491 10316 10257 10275 10266 10158 10040 9874 9682 9577 9428 9339 9259 9182 9163 9174 9104 8958 8671 8404 8192 8032 7915 7849 7870 7910 7944 7982 7933 7912 7938 7991 8037 8101 8204 8319 8436 8546 8643 8741 8878 8930 8945 8892 8671 8458 8307 8135 7933 7725 7552 7461 7489 7607 7748 7947 8199 8473 8693 8826 8832 8812 8775 8764
14317 14266 14123 13956 13645 13337 13061 12761 12482 12167 11857 11474 11187 10979 10679 10535 10353 10251 10150 10077 10013 9963 9805 9619 9514 9368 9266 9216 9176 9216 9194 9092 8953 8698 8443 8247 8110 7960 7901 7892 7910 7896 7845 7812 7798 7823 7893 7984 8102 8268 8470 8611 8679 8753 8859 8991 9013 9006 8927 8699 8520 8377 8220 8031 7832 7643 7517 7539 7654 7810 8002 8240 8474 8657 8754 8671 8646 8662 8747
14402 14386 14296 14076 13756 13458 13120 12810 12573 12274 11918 11605 11295 11053 10867 10626 10456 10288 10107 9960 9842 9708 9671 9577 9462 9337 9238 9153 9055 9038 9050 9002 8876 8645 8425 8238 8117 7979 7924 7910 7918 7867 7785 7755 7755 7815 7965 8143 8329 8535 8727 8894 8985 8979 9078 9144 9121 9063 8917 8741 8623 8527 8388 8198 8000 7784 7605 7603 7726 7870 8053 8266 8471 8636 8744 8636 8582 8636 8795
14537 14542 14434 14218 13883 13584 13308 12969 12678 12337 12010 11709 11428 11158 10979 10770 10484 10275 10018 9851 9659 9481 9365 9258 9211 9168 9103 9029 8957 8884 8818 8786 8713 8526 8332 8168 8055 7985 7937 7922 7928 7892 7781 7749 7766 7861 8077 8264 8488 8736 8945 9123 9221 9271 9319 9311 9268 9207 9032 8840 8734 8658 8472 8276 8080 7903 7691 7646 7770 7903 8079 8256 8447 8591 8695 8627 8565 8627 8817
14643 14661 14538 14343 14047 13733 13460 13244 12963 12606 12210 11864 11581 11351 11100 10789 10446 10183 9915 9655 9456 9297 9155 9022 8965 8874 8860 8775 8757 8691 8631 8551 8501 8344 8202 8080 7993 7945 7913 7918 7920 7884 7782 7767 7814 7943 8171 8394 8664 8932 9156 9323 9418 9467 9506 9472 9399 9315 9188 8921 8760 8659 8499 8301 8095 7920 7713 7658 7791 7908 8068 8222 8386 8523 8569 8539 8557 8659 8825
14708 14735 14624 14440 14165 13960 13711 13463 13180 12876 12516 12171 11824 11538 11247 10886 10501 10148 9766 9476 9285 9040 8905 8811 8746 8641 8607 8499 8457 8442 8405 8349 8237 8120 8025 7949 7902 7880 7870 7885 7903 7833 7781 7813 7917 8094 8292 8541 8834 9113 9327 9470 9573 9625 9623 9578 9504 9405 9263 8972 8766 8601 8461 8264 8037 7806 7656 7656 7771 7885 8019 8138 8297 8363 8371 8452 8624 8804 8950
14771 14802 14713 14530 14269 14065 13859 13596 13309 13024 12750 12395 12067 11681 11269 10874 10496 10098 9670 9281 9069 8889 8674 8534 8462 8418 8355 8258 8192 8154 8110 8049 7962 7898 7843 7800 7790 7799 7799 7821 7864 7783 7798 7896 8081 8225 8427 8684 8965 9235 9437 9578 9684 9729 9708 9649 9571 9469 9319 9116 8896 8648 8374 8133 7882 7675 7603 7645 7716 7804 7902 8047 8209 8178 8246 8432 8736 9007 9176
