Capas/FUTURO/Eje_30s/ASC/bio_02.asc
ncols         993
nrows         433
xllcorner     -105.25566776747
yllcorner     17.599810932142
cellsize      0.0083333333
NODATA_value  -9999
[rows 117 to 155 of 433, columns 176 to 263 of 993]
135 135 135 136 135 135 136 136 136 136 136 136 137 137 137 137 138 138 138 138 139 139 140 140 140 140 140 140 141 141 141 141 140 140 140 140 140 139 139 139 138 138 137 137 136 136 135 134 134 133 133 132 131 130 130 129 128 127 127 126 125 125 124 123 123 122 121 121 120 119 118 117 116 116 115 114 113 112 111 110 109 108 107 107 106 105 105 104
135 135 135 135 135 135 135 136 136 136 136 136 137 137 137 137 138 138 138 138 139 139 139 139 140 140 140 140 140 140 140 141 140 140 140 140 140 139 139 139 138 138 138 137 136 136 135 135 134 133 132 132 131 130 130 129 128 128 127 126 125 125 124 123 123 122 122 121 120 119 118 117 117 116 115 114 113 112 111 110 110 109 108 107 106 106 105 105
135 135 135 135 135 135 135 135 136 136 136 136 137 137 137 137 137 138 138 138 139 139 139 139 139 140 140 140 140 140 140 140 140 140 140 140 140 139 139 139 138 138 138 137 136 136 135 135 134 133 132 132 131 130 130 129 128 128 127 126 126 125 124 124 123 122 122 121 120 119 118 118 117 116 115 114 113 112 112 111 110 109 108 108 107 106 106 105
135 135 135 135 135 135 135 135 135 135 135 136 136 136 137 137 137 138 138 138 138 138 139 139 140 140 140 140 140 140 140 140 140 140 140 140 140 139 139 138 138 138 137 137 136 136 135 135 134 133 133 132 131 131 130 129 129 128 127 126 126 125 124 124 123 122 122 121 120 120 119 118 117 116 115 114 114 113 112 111 110 109 109 108 107 107 106 106
135 135 135 134 135 135 135 135 135 135 135 136 136 136 137 137 137 137 138 138 138 139 139 139 139 139 140 140 140 140 140 140 140 140 140 140 139 139 139 139 138 138 137 137 136 136 135 134 134 133 133 132 131 130 130 129 128 128 127 127 126 125 125 124 123 123 122 121 120 120 119 118 117 117 116 115 114 113 112 111 111 110 109 109 108 107 106 106
135 134 134 135 134 134 134 135 135 135 135 135 136 136 136 137 137 137 138 138 138 138 139 139 139 139 140 140 140 140 140 140 140 140 140 140 140 139 139 138 138 137 137 137 136 136 135 134 134 133 133 132 131 131 130 129 128 128 127 127 126 125 125 124 123 123 122 121 121 120 119 118 118 117 116 115 114 114 113 112 111 110 110 109 109 108 107 107
134 135 134 134 134 134 134 134 135 135 135 135 135 136 136 137 137 137 137 138 138 138 139 139 139 139 140 140 140 140 140 140 140 140 140 140 139 139 139 138 138 138 137 137 136 136 135 134 134 133 132 132 131 131 130 129 129 128 127 127 126 125 124 124 124 123 123 122 121 120 119 119 118 117 117 116 115 114 113 112 112 111 110 109 109 108 108 107
134 134 134 134 134 134 134 134 134 134 135 135 135 136 136 136 137 137 137 138 138 138 139 139 139 139 140 140 139 140 140 140 140 140 140 140 139 139 139 138 138 138 137 137 136 136 135 134 134 133 132 132 131 131 130 129 129 128 127 127 126 125 125 125 124 123 123 122 121 121 120 119 118 117 117 116 115 114 114 113 112 111 111 110 109 109 108 108
134 134 134 134 134 134 134 134 134 134 135 135 135 136 136 136 137 137 137 137 138 138 138 139 139 139 139 140 139 140 140 140 140 140 139 139 139 139 139 138 138 137 137 137 136 136 135 134 134 133 132 132 131 131 130 130 129 128 128 127 126 126 125 125 124 124 123 122 121 121 120 119 118 118 117 116 115 115 114 113 113 112 111 110 110 110 109 108
134 134 134 134 134 134 134 134 134 135 135 135 135 136 136 136 136 137 137 137 137 138 138 138 138 139 139 139 139 139 139 139 140 140 139 139 139 139 138 138 138 137 137 136 136 136 135 134 134 133 133 132 131 131 130 130 129 128 128 127 126 126 125 124 124 124 123 122 122 121 121 120 119 118 117 117 116 115 115 114 113 112 112 111 111 110 109 109
134 134 134 134 134 134 134 134 134 135 135 135 135 135 136 136 136 137 137 137 137 138 138 138 138 139 139 139 139 139 139 139 140 140 139 139 139 139 139 138 138 137 137 136 136 135 135 134 134 133 133 132 132 131 130 130 129 128 128 127 126 126 125 125 125 124 123 123 122 121 121 120 119 119 118 117 116 116 115 114 114 113 112 112 111 111 110 110
134 133 134 134 134 134 133 134 134 134 134 135 135 135 136 136 136 137 137 137 137 137 138 138 138 139 139 139 139 139 139 139 139 139 139 139 139 139 138 138 138 137 137 136 136 135 135 135 134 133 133 132 132 131 130 130 129 129 128 127 127 126 126 125 125 124 124 123 123 122 121 121 120 119 118 118 117 116 116 115 114 114 113 113 112 112 111 111
134 133 134 134 133 134 134 134 134 134 134 135 135 135 135 136 136 136 136 137 137 138 138 138 138 138 139 139 139 139 139 139 139 139 139 139 139 138 138 138 138 137 137 136 136 135 135 134 134 133 133 132 132 131 130 130 129 129 128 127 127 127 126 126 125 124 124 123 123 122 121 121 120 120 119 118 118 117 117 116 115 115 114 114 113 112 112 111
134 133 134 133 133 133 134 134 134 134 134 134 135 135 135 135 136 136 136 137 137 137 137 138 138 138 139 139 139 139 139 139 139 139 139 139 139 138 138 138 138 137 137 136 136 135 135 134 134 133 133 132 131 131 130 130 129 129 128 128 127 126 126 126 125 124 124 124 123 122 122 121 121 120 119 119 118 117 117 116 116 115 115 114 114 113 113 112
134 133 133 133 133 133 133 133 134 134 134 134 135 135 135 135 136 136 136 137 137 137 137 138 138 138 138 138 139 139 139 139 139 139 139 139 139 138 138 138 138 137 137 136 136 135 135 134 134 133 133 132 132 131 131 130 130 129 128 128 127 127 126 126 125 125 125 124 123 123 122 122 121 120 120 119 118 118 117 117 116 115 115 115 114 114 113 113
133 133 133 133 133 133 133 133 133 133 134 134 134 134 135 135 135 136 136 137 137 137 137 138 138 138 138 138 138 139 139 139 139 139 139 139 138 138 138 138 137 137 136 136 136 135 135 134 134 133 133 132 132 131 131 130 129 129 128 128 127 127 126 126 126 125 124 124 124 123 122 122 121 121 120 120 119 118 118 117 117 116 116 115 115 114 114 114
133 133 133 133 133 133 133 133 133 133 133 134 134 134 135 135 135 136 136 136 137 137 137 137 137 138 138 138 138 138 139 139 139 138 138 138 138 138 138 137 137 137 136 136 136 135 135 134 134 133 133 132 132 131 131 130 129 129 128 128 127 127 126 126 126 125 125 124 124 123 123 122 122 121 121 120 119 119 118 118 118 117 116 116 115 115 115 115
133 133 133 133 133 133 133 133 133 133 134 133 134 134 134 135 135 136 136 136 136 136 137 137 137 137 138 138 138 138 138 138 138 138 138 138 138 138 137 137 137 137 136 136 136 135 135 134 134 133 133 132 132 131 131 130 129 129 129 128 128 127 127 126 126 126 125 125 124 124 123 123 122 122 121 120 120 119 119 118 118 117 117 116 116 116 115 115
133 133 133 133 133 132 133 133 133 133 133 133 134 134 134 135 135 135 135 136 136 136 137 137 137 137 137 137 138 138 138 138 138 138 138 138 138 138 137 137 137 137 136 136 135 135 135 134 134 133 133 132 131 131 131 130 130 129 129 128 128 127 127 127 126 126 125 125 124 124 124 123 123 122 121 121 120 120 119 119 118 118 118 117 117 116 116 116
133 132 133 133 132 132 133 133 133 133 133 133 134 134 134 134 135 135 135 135 136 136 136 137 137 137 137 138 138 138 138 138 138 138 138 138 138 138 137 137 137 136 136 136 135 135 134 134 134 133 133 132 132 131 131 130 130 129 129 128 128 127 127 127 126 126 125 125 124 124 124 123 123 122 122 122 121 120 120 120 119 119 118 118 117 117 117 117
133 133 132 132 132 132 133 133 132 133 133 133 133 133 134 134 134 135 135 135 136 136 136 136 137 137 137 137 137 138 138 138 138 138 138 138 138 138 137 137 137 136 136 136 136 135 135 134 134 133 133 132 132 131 131 130 130 129 129 128 128 128 127 127 126 126 126 125 125 125 124 124 123 123 122 122 121 121 120 120 119 119 119 119 118 118 117 117
133 132 132 132 132 132 132 132 132 132 133 133 133 134 134 134 134 134 135 135 135 136 136 136 136 136 137 137 137 137 137 138 137 137 137 137 137 137 137 137 137 136 136 136 135 135 134 134 133 133 132 132 131 131 131 130 130 129 129 128 128 128 127 127 126 126 126 125 125 125 124 124 123 123 123 122 122 121 121 120 120 120 119 119 119 118 118 118
132 132 132 132 132 132 132 132 132 132 132 133 133 133 133 134 134 134 135 135 135 136 136 136 136 137 137 137 137 137 137 137 138 137 137 137 137 137 137 137 136 136 136 135 135 135 134 134 133 133 133 132 132 131 131 130 130 129 129 128 128 128 127 127 127 126 126 126 125 125 125 124 124 123 123 122 122 122 121 121 121 120 120 119 119 119 119 118
132 132 132 132 132 132 132 132 132 132 132 133 133 133 134 133 134 134 134 135 135 135 136 136 136 137 136 137 137 137 137 137 137 137 137 137 137 137 137 136 136 136 136 135 135 135 134 134 133 133 133 133 132 131 131 131 130 130 129 129 129 128 128 127 127 127 127 126 126 125 125 125 124 124 123 123 123 122 122 122 121 121 121 120 120 119 120 119
132 132 132 132 132 132 132 132 132 132 132 132 133 133 133 133 134 134 134 134 135 135 135 136 136 136 136 137 137 137 137 137 137 137 137 137 137 137 136 136 136 136 136 135 135 135 134 134 133 133 132 133 132 131 131 131 130 130 130 129 128 128 128 128 127 127 127 126 126 126 125 125 125 124 124 123 123 123 122 122 121 121 121 121 121 120 120 120
132 132 132 132 132 132 132 132 132 132 132 132 132 133 133 133 133 134 134 134 135 135 135 135 135 136 136 136 136 137 137 137 137 137 137 137 137 137 136 136 136 136 136 135 135 135 134 134 133 133 133 132 132 132 131 131 130 130 130 129 129 128 128 128 127 127 127 127 126 126 126 125 125 125 124 124 123 123 123 122 122 122 121 121 121 121 120 120
132 132 132 132 132 132 132 132 132 132 132 132 132 133 133 133 133 134 134 134 134 135 135 135 135 136 136 136 136 136 137 137 137 137 137 137 137 137 136 136 136 135 135 135 135 134 134 134 133 133 133 132 132 132 131 131 130 130 130 129 129 128 128 128 127 127 127 127 126 126 126 126 125 125 125 124 124 123 123 123 122 122 122 122 121 121 121 121
132 132 132 132 131 131 131 131 131 132 132 132 132 132 133 133 133 133 134 134 134 135 135 135 135 135 136 136 136 136 137 137 136 137 137 136 136 136 136 136 136 136 135 135 135 134 134 134 134 133 133 132 132 132 131 131 130 130 130 129 129 129 128 128 128 128 127 127 127 126 126 126 125 125 125 124 124 124 123 123 123 122 122 122 122 122 122 121
132 131 131 131 131 131 131 131 131 131 132 132 132 132 132 133 133 133 134 134 134 134 135 135 135 135 136 136 136 136 136 136 136 136 137 137 136 136 136 136 136 135 135 135 135 134 134 134 133 133 133 132 132 132 131 131 130 130 130 130 129 129 129 128 128 128 127 127 127 127 126 126 125 125 125 125 124 124 124 124 123 123 123 122 122 122 122 122
132 131 131 131 131 131 131 131 131 131 131 132 132 132 132 133 133 133 133 133 134 134 134 134 135 135 136 136 136 136 136 136 136 136 136 136 136 136 136 136 135 136 135 135 135 134 134 134 133 133 133 132 132 132 131 131 130 130 130 129 129 129 128 128 128 128 128 127 127 127 127 126 126 126 125 125 125 125 124 124 124 123 123 123 123 123 122 122
131 131 131 131 131 131 131 131 131 131 131 131 132 132 132 132 133 133 133 133 134 134 134 134 135 135 135 136 136 136 136 136 136 136 136 136 136 136 136 136 136 135 135 135 135 134 134 134 133 133 133 132 132 132 131 131 131 130 130 130 129 129 129 129 128 128 128 127 127 127 127 127 126 126 126 125 125 125 124 124 124 124 124 123 123 123 123 123
131 131 131 131 131 131 131 131 131 131 131 132 131 132 132 132 133 133 133 133 133 134 134 134 134 135 135 135 136 136 136 136 136 136 136 136 136 136 136 136 135 135 135 135 135 134 134 134 134 133 133 133 132 132 132 131 131 131 130 130 130 130 129 129 129 129 128 128 128 128 127 127 127 127 126 126 126 125 125 125 125 124 124 124 124 124 123 123
131 131 131 131 131 131 130 131 131 131 131 131 131 131 132 132 132 133 133 133 134 134 134 134 134 134 135 135 135 136 136 136 136 136 136 136 136 136 136 136 135 135 135 135 135 134 134 134 134 134 133 133 133 132 132 132 132 131 131 131 130 130 130 129 129 129 129 129 128 128 128 128 127 127 126 127 126 125 126 125 125 125 125 124 124 124 124 124
131 131 131 130 130 130 130 130 131 131 131 131 131 131 132 132 132 132 133 133 133 134 134 134 134 135 135 135 135 136 136 136 136 136 136 136 136 136 136 136 136 135 135 135 135 134 134 134 134 133 133 133 133 133 132 132 131 131 131 131 131 130 130 130 130 129 129 129 129 128 128 128 128 127 127 127 127 126 126 126 125 125 125 125 125 124 124 124
131 131 131 131 130 130 130 131 130 130 130 131 131 131 131 132 132 132 133 133 133 133 134 134 134 135 135 135 135 135 136 136 136 136 136 136 136 136 136 136 135 135 135 135 135 134 134 134 134 133 133 133 133 133 132 132 132 132 131 131 131 131 130 130 130 130 129 129 129 129 129 128 128 128 127 127 127 127 126 126 126 126 125 125 125 125 125 125
131 131 131 130 130 130 130 130 130 131 131 131 131 131 131 132 132 132 132 132 133 133 133 134 134 134 135 135 135 135 135 136 136 136 136 136 136 136 135 135 135 135 135 135 135 135 134 134 134 134 133 133 133 133 132 132 132 132 132 131 131 131 130 130 130 130 130 129 129 129 129 128 128 128 128 127 127 127 127 126 126 126 126 125 125 125 125 125
131 130 130 130 130 130 130 130 130 130 131 131 131 131 131 131 132 132 132 132 133 133 133 133 134 134 135 135 135 135 135 135 135 136 136 136 136 136 135 135 135 135 135 135 135 135 134 134 134 134 134 133 133 133 133 132 132 132 132 132 131 131 131 131 130 130 130 130 130 129 129 129 129 128 128 128 128 128 127 127 127 126 126 126 126 126 125 126
131 131 130 130 130 130 130 130 130 130 130 131 131 131 131 132 132 132 132 133 133 133 133 134 134 134 134 135 135 135 135 135 135 135 135 136 136 136 135 136 135 135 135 135 135 135 135 134 134 134 134 134 133 133 133 133 132 132 132 132 132 131 131 131 131 131 130 130 130 130 130 129 129 129 128 128 128 128 128 127 127 127 127 126 126 126 126 126
130 130 130 130 130 130 130 130 130 130 130 130 130 131 131 132 132 132 132 132 133 133 133 134 134 134 134 135 135 135 135 135 135 135 135 135 135 135 136 135 135 135 135 135 135 135 135 135 134 134 134 134 134 133 133 133 133 133 132 132 132 132 131 131 131 131 131 131 130 130 130 130 129 129 129 129 129 128 128 128 127 127 127 127 127 126 126 126
