Capas/FUTURO/Eje_30s/ASC/bio_10.asc
ncols         993
nrows         433
xllcorner     -105.25566776747
yllcorner     17.599810932142
cellsize      0.0083333333
NODATA_value  -9999
[rows 108 to 143 of 433, columns 492 to 573 of 993]
2976 2976 2974 2968 2961 2961 2965 2972 2979 2983 2983 2983 2983 2983 2983 2983 2982 2979 2973 2967 2964 2966 2969 2973 2976 2977 2979 2980 2980 2981 2982 2982 2982 2980 2975 2976 2977 2978 2981 2981 2981 2981 2981 2981 2981 2980 2980 2979 2978 2976 2975 2975 2973 2972 2966 2963 2965 2965 2964 2964 2965 2965 2964 2964 2964 2963 2963 2963 2963 2963 2963 2962 2962 2959 2957 2956 2956 2955 2954 2952 2950 2948
2980 2979 2979 2974 2968 2963 2966 2977 2982 2983 2983 2983 2983 2983 2983 2983 2983 2981 2977 2972 2969 2972 2973 2975 2977 2979 2981 2982 2982 2982 2982 2981 2981 2978 2975 2979 2981 2981 2981 2981 2981 2981 2981 2981 2981 2980 2980 2979 2979 2976 2976 2973 2970 2971 2971 2970 2969 2968 2967 2965 2965 2965 2963 2962 2961 2961 2961 2961 2962 2962 2961 2961 2960 2957 2957 2957 2956 2955 2954 2952 2950 2950
2983 2983 2982 2980 2971 2963 2970 2980 2983 2983 2983 2983 2983 2983 2983 2983 2983 2983 2980 2976 2976 2975 2975 2975 2978 2980 2982 2982 2982 2982 2982 2981 2981 2981 2981 2981 2981 2981 2981 2981 2981 2981 2981 2980 2980 2980 2980 2979 2979 2978 2974 2966 2962 2964 2966 2963 2963 2963 2965 2962 2961 2960 2959 2959 2960 2959 2959 2959 2959 2959 2959 2960 2960 2958 2958 2958 2957 2956 2955 2953 2951 2951
2984 2983 2982 2983 2981 2979 2981 2983 2984 2983 2983 2983 2983 2983 2983 2983 2983 2982 2982 2980 2980 2980 2980 2978 2979 2981 2981 2982 2982 2982 2982 2981 2982 2981 2981 2981 2981 2981 2981 2981 2981 2981 2981 2980 2980 2980 2980 2979 2978 2977 2974 2969 2965 2962 2963 2962 2956 2954 2958 2960 2957 2957 2955 2956 2957 2957 2956 2956 2957 2957 2958 2959 2958 2959 2959 2959 2958 2957 2955 2953 2952 2951
2984 2983 2983 2984 2984 2984 2984 2984 2984 2983 2983 2983 2983 2983 2983 2983 2983 2982 2982 2982 2982 2982 2982 2982 2982 2982 2982 2982 2981 2981 2981 2981 2981 2981 2981 2981 2981 2981 2981 2981 2981 2980 2980 2980 2980 2979 2979 2979 2978 2976 2973 2970 2966 2961 2956 2955 2950 2947 2953 2958 2954 2952 2952 2951 2953 2954 2953 2953 2954 2955 2957 2957 2956 2958 2959 2958 2957 2956 2955 2953 2951 2948
2984 2984 2984 2984 2984 2984 2984 2984 2984 2983 2983 2983 2983 2983 2983 2983 2983 2982 2982 2982 2982 2982 2982 2982 2982 2982 2981 2981 2981 2981 2981 2981 2981 2981 2981 2981 2981 2981 2981 2981 2980 2980 2980 2980 2979 2979 2979 2978 2977 2975 2972 2965 2964 2958 2950 2951 2947 2940 2952 2952 2945 2946 2945 2947 2948 2949 2950 2951 2952 2954 2956 2956 2955 2957 2958 2957 2956 2955 2954 2953 2952 2950
2984 2984 2984 2984 2984 2984 2984 2984 2983 2983 2983 2983 2983 2983 2983 2983 2983 2982 2982 2982 2982 2982 2982 2981 2981 2981 2981 2981 2981 2981 2981 2981 2981 2981 2981 2981 2981 2981 2981 2980 2980 2980 2980 2979 2979 2978 2978 2978 2977 2975 2972 2966 2960 2954 2949 2947 2946 2941 2949 2946 2936 2933 2935 2937 2939 2942 2945 2949 2951 2953 2954 2954 2954 2955 2957 2957 2956 2955 2954 2953 2952 2949
2984 2984 2984 2984 2984 2984 2984 2984 2983 2983 2983 2983 2983 2983 2983 2983 2983 2982 2982 2982 2982 2982 2981 2981 2981 2981 2981 2981 2981 2981 2981 2981 2981 2981 2981 2981 2981 2981 2981 2980 2980 2979 2979 2979 2978 2978 2977 2977 2976 2975 2972 2965 2953 2952 2952 2946 2943 2941 2942 2941 2928 2924 2927 2933 2934 2938 2941 2946 2949 2952 2953 2953 2954 2955 2955 2956 2956 2954 2954 2954 2954 2952
2984 2984 2984 2984 2984 2984 2984 2983 2983 2983 2983 2983 2983 2983 2983 2982 2982 2982 2982 2980 2978 2981 2981 2981 2981 2981 2981 2981 2981 2981 2981 2981 2981 2981 2981 2981 2981 2981 2980 2980 2980 2980 2978 2978 2978 2977 2977 2976 2975 2974 2972 2962 2955 2948 2944 2943 2938 2926 2930 2939 2931 2923 2924 2929 2931 2935 2939 2944 2948 2950 2952 2953 2954 2955 2955 2956 2955 2954 2954 2955 2955 2954
2983 2984 2984 2984 2982 2983 2983 2983 2983 2983 2983 2983 2983 2983 2982 2982 2982 2982 2981 2979 2979 2981 2981 2981 2981 2981 2980 2980 2980 2980 2981 2981 2981 2981 2981 2981 2981 2980 2980 2980 2979 2979 2978 2977 2978 2976 2975 2975 2974 2973 2970 2964 2953 2943 2936 2929 2926 2919 2921 2926 2926 2921 2923 2926 2928 2933 2936 2941 2946 2949 2950 2952 2952 2955 2956 2956 2955 2954 2955 2955 2956 2955
2980 2982 2983 2983 2982 2982 2981 2980 2982 2983 2983 2983 2983 2982 2982 2982 2982 2982 2982 2982 2982 2981 2981 2981 2981 2980 2978 2977 2977 2977 2979 2980 2980 2980 2980 2980 2979 2979 2979 2978 2976 2977 2976 2973 2973 2974 2973 2973 2973 2972 2968 2959 2946 2939 2939 2941 2937 2932 2926 2919 2916 2910 2913 2923 2925 2927 2932 2937 2943 2948 2950 2952 2952 2954 2956 2956 2955 2955 2955 2956 2956 2954
2981 2982 2983 2982 2981 2979 2975 2974 2978 2981 2983 2982 2982 2982 2982 2982 2982 2982 2982 2982 2981 2981 2981 2981 2980 2978 2975 2971 2972 2974 2976 2978 2979 2979 2978 2976 2977 2977 2977 2975 2974 2973 2972 2969 2968 2968 2968 2969 2971 2971 2966 2962 2956 2954 2951 2945 2938 2933 2928 2923 2913 2903 2905 2916 2919 2924 2931 2938 2942 2945 2948 2950 2953 2955 2956 2955 2956 2955 2956 2956 2954 2954
2981 2981 2982 2982 2978 2973 2966 2967 2972 2978 2981 2982 2982 2982 2982 2982 2982 2982 2982 2981 2981 2981 2981 2981 2979 2976 2972 2960 2964 2970 2973 2976 2978 2978 2976 2974 2975 2976 2975 2973 2970 2970 2970 2968 2965 2964 2965 2966 2969 2969 2967 2957 2947 2948 2941 2936 2942 2940 2935 2928 2919 2910 2908 2911 2919 2926 2934 2942 2947 2948 2947 2949 2951 2954 2956 2956 2956 2955 2956 2955 2954 2955
2979 2979 2979 2978 2977 2969 2958 2956 2964 2976 2981 2982 2981 2981 2982 2982 2982 2982 2982 2981 2981 2981 2981 2981 2979 2976 2972 2966 2960 2965 2971 2975 2977 2977 2975 2972 2972 2973 2973 2970 2967 2968 2968 2965 2964 2962 2963 2965 2965 2966 2960 2953 2948 2939 2941 2945 2947 2939 2933 2932 2928 2923 2915 2912 2920 2929 2936 2944 2948 2949 2950 2951 2952 2956 2957 2957 2957 2958 2958 2957 2956 2956
2975 2973 2970 2967 2969 2969 2964 2960 2966 2975 2980 2980 2980 2981 2982 2982 2982 2982 2981 2981 2981 2981 2981 2980 2979 2976 2972 2967 2965 2967 2971 2975 2977 2975 2971 2967 2968 2968 2969 2967 2965 2963 2961 2958 2957 2955 2958 2962 2964 2966 2963 2964 2961 2958 2957 2949 2951 2944 2943 2941 2933 2927 2924 2920 2924 2934 2940 2944 2948 2951 2952 2952 2952 2956 2959 2961 2959 2959 2959 2958 2957 2956
2972 2967 2959 2955 2958 2966 2971 2970 2971 2976 2978 2979 2979 2980 2981 2981 2981 2981 2981 2981 2981 2980 2978 2978 2979 2976 2971 2969 2969 2971 2973 2974 2976 2975 2971 2966 2962 2962 2962 2958 2952 2950 2952 2952 2948 2945 2950 2957 2962 2966 2969 2968 2966 2960 2957 2953 2950 2950 2947 2940 2939 2938 2938 2935 2936 2942 2947 2946 2951 2951 2953 2956 2957 2956 2956 2959 2960 2961 2960 2958 2956 2957
2972 2964 2954 2947 2955 2962 2970 2974 2975 2975 2977 2977 2978 2979 2981 2981 2981 2981 2981 2981 2980 2975 2972 2972 2974 2973 2968 2968 2970 2972 2973 2975 2976 2976 2972 2966 2962 2961 2957 2951 2943 2936 2938 2944 2942 2941 2948 2957 2963 2969 2970 2969 2967 2962 2957 2955 2954 2954 2949 2946 2948 2947 2946 2944 2944 2949 2952 2952 2951 2953 2956 2957 2958 2955 2955 2956 2956 2960 2957 2957 2957 2958
2972 2966 2958 2956 2959 2962 2968 2974 2975 2970 2975 2976 2975 2975 2977 2979 2979 2976 2977 2978 2976 2969 2966 2965 2968 2971 2970 2970 2969 2970 2972 2975 2976 2976 2973 2969 2965 2963 2956 2948 2938 2927 2934 2944 2947 2949 2953 2960 2966 2970 2970 2969 2968 2965 2963 2961 2960 2959 2958 2956 2953 2948 2949 2951 2951 2953 2954 2952 2953 2957 2960 2961 2960 2958 2957 2957 2959 2961 2958 2958 2959 2958
2974 2970 2965 2963 2963 2965 2968 2971 2972 2971 2972 2968 2962 2963 2968 2974 2977 2974 2975 2974 2970 2963 2958 2956 2962 2970 2971 2969 2969 2971 2972 2974 2976 2975 2974 2970 2967 2963 2957 2950 2942 2935 2939 2948 2955 2957 2959 2965 2968 2970 2970 2969 2967 2965 2963 2962 2961 2961 2961 2960 2958 2954 2953 2955 2952 2949 2951 2955 2955 2956 2955 2956 2959 2959 2957 2957 2959 2961 2960 2959 2958 2955
2975 2973 2970 2968 2967 2965 2964 2963 2963 2963 2964 2958 2953 2958 2966 2972 2974 2972 2972 2971 2970 2967 2962 2960 2964 2966 2965 2968 2970 2972 2974 2975 2975 2975 2974 2971 2967 2963 2958 2953 2948 2944 2946 2952 2959 2963 2965 2970 2970 2970 2970 2968 2965 2965 2964 2963 2962 2962 2962 2962 2962 2961 2960 2959 2958 2954 2951 2951 2954 2958 2958 2956 2955 2960 2961 2960 2961 2961 2961 2959 2958 2957
2974 2971 2966 2966 2964 2959 2956 2954 2955 2959 2961 2957 2947 2948 2959 2968 2972 2972 2972 2971 2970 2968 2957 2959 2963 2966 2967 2969 2970 2971 2972 2969 2968 2972 2973 2972 2967 2964 2960 2956 2953 2950 2951 2955 2962 2966 2968 2970 2970 2969 2969 2968 2966 2965 2964 2964 2963 2963 2963 2963 2962 2962 2962 2961 2959 2956 2957 2957 2960 2962 2960 2958 2958 2959 2962 2962 2961 2959 2959 2958 2956 2954
2970 2964 2959 2960 2960 2954 2950 2948 2950 2954 2958 2960 2955 2956 2962 2968 2970 2971 2970 2969 2967 2965 2962 2958 2959 2961 2962 2963 2965 2964 2965 2964 2962 2964 2968 2973 2970 2968 2964 2962 2960 2957 2957 2960 2965 2968 2969 2970 2969 2969 2968 2967 2966 2965 2965 2964 2963 2964 2964 2961 2958 2961 2963 2962 2961 2960 2957 2958 2958 2960 2963 2962 2961 2961 2960 2959 2959 2958 2957 2955 2955 2955
2968 2961 2953 2958 2959 2955 2947 2946 2947 2952 2957 2963 2964 2964 2965 2965 2965 2963 2962 2964 2963 2961 2959 2958 2959 2959 2959 2961 2961 2959 2955 2957 2959 2967 2972 2972 2973 2971 2969 2966 2964 2962 2961 2963 2967 2969 2970 2970 2969 2969 2968 2967 2966 2966 2964 2964 2964 2964 2964 2963 2962 2963 2963 2963 2962 2958 2954 2959 2960 2960 2961 2964 2963 2963 2959 2958 2958 2959 2958 2957 2956 2955
2971 2963 2959 2961 2959 2954 2947 2945 2946 2953 2959 2961 2963 2963 2964 2963 2962 2961 2959 2960 2960 2959 2956 2956 2955 2957 2957 2957 2959 2956 2943 2945 2957 2967 2970 2971 2972 2972 2970 2969 2966 2963 2964 2964 2966 2969 2970 2969 2969 2968 2968 2967 2966 2965 2964 2964 2965 2964 2964 2963 2963 2964 2964 2963 2961 2959 2960 2961 2963 2963 2963 2963 2963 2961 2961 2960 2960 2959 2957 2956 2956 2953
2974 2970 2967 2966 2962 2956 2950 2948 2951 2954 2958 2960 2962 2962 2962 2961 2960 2961 2960 2959 2957 2955 2954 2951 2951 2952 2954 2955 2956 2950 2941 2944 2956 2963 2967 2968 2968 2970 2971 2970 2969 2966 2967 2966 2968 2969 2969 2969 2969 2968 2968 2967 2966 2964 2964 2964 2965 2963 2963 2964 2963 2964 2963 2963 2962 2962 2962 2961 2963 2963 2962 2960 2959 2959 2961 2961 2959 2957 2957 2957 2956 2955
2974 2973 2971 2969 2967 2965 2961 2957 2953 2954 2959 2962 2963 2961 2960 2959 2958 2958 2956 2955 2953 2953 2950 2945 2945 2948 2949 2951 2951 2941 2944 2948 2952 2954 2956 2959 2962 2966 2969 2970 2970 2970 2970 2970 2969 2969 2969 2968 2968 2968 2967 2967 2966 2964 2964 2965 2964 2963 2963 2964 2963 2964 2963 2962 2962 2962 2961 2962 2963 2962 2960 2960 2959 2961 2961 2960 2958 2956 2954 2956 2956 2955
2974 2974 2973 2973 2972 2967 2963 2960 2961 2963 2963 2962 2961 2960 2959 2958 2955 2956 2956 2953 2951 2950 2947 2942 2943 2946 2946 2946 2946 2945 2945 2948 2950 2952 2954 2957 2961 2965 2968 2970 2970 2970 2970 2969 2969 2969 2968 2968 2968 2968 2967 2967 2967 2966 2964 2965 2964 2963 2963 2964 2964 2963 2962 2962 2963 2962 2962 2962 2962 2961 2961 2960 2960 2961 2961 2960 2960 2958 2958 2957 2956 2955
2974 2974 2974 2974 2973 2973 2971 2968 2966 2968 2967 2964 2963 2962 2959 2958 2956 2957 2957 2955 2954 2953 2950 2946 2947 2947 2942 2943 2943 2945 2948 2949 2949 2953 2955 2955 2960 2963 2966 2969 2970 2970 2969 2969 2969 2968 2968 2968 2968 2967 2967 2967 2967 2966 2965 2965 2964 2964 2964 2963 2961 2962 2962 2962 2962 2961 2962 2962 2961 2961 2961 2961 2961 2960 2960 2960 2960 2959 2959 2958 2958 2957
2974 2974 2974 2974 2974 2974 2973 2972 2973 2972 2971 2970 2968 2965 2963 2962 2960 2961 2960 2959 2957 2955 2950 2950 2950 2948 2943 2938 2941 2945 2948 2951 2953 2955 2958 2960 2963 2967 2969 2970 2969 2969 2969 2969 2968 2968 2968 2967 2967 2967 2967 2966 2966 2966 2965 2964 2963 2963 2964 2962 2961 2962 2962 2962 2962 2962 2962 2961 2960 2961 2961 2961 2959 2955 2955 2958 2959 2959 2960 2959 2958 2957
2973 2974 2974 2974 2974 2974 2974 2973 2973 2973 2973 2973 2972 2970 2968 2967 2966 2965 2964 2962 2958 2954 2952 2953 2952 2949 2947 2945 2945 2948 2951 2954 2956 2958 2960 2963 2964 2966 2969 2969 2969 2969 2969 2968 2968 2968 2967 2967 2967 2967 2967 2966 2966 2966 2965 2964 2963 2963 2963 2963 2962 2962 2962 2962 2962 2961 2961 2961 2960 2961 2960 2960 2960 2958 2957 2957 2958 2958 2959 2959 2958 2956
2972 2973 2974 2974 2974 2974 2974 2973 2973 2973 2973 2973 2973 2973 2972 2971 2971 2969 2966 2963 2960 2956 2956 2956 2955 2954 2952 2950 2950 2952 2954 2956 2958 2960 2960 2962 2964 2966 2967 2968 2969 2968 2968 2968 2968 2967 2967 2967 2967 2966 2966 2966 2964 2962 2965 2964 2963 2963 2963 2962 2962 2962 2962 2962 2961 2961 2961 2960 2960 2960 2959 2959 2958 2958 2956 2956 2957 2957 2958 2958 2957 2957
2973 2973 2974 2974 2974 2974 2974 2974 2973 2973 2973 2973 2973 2973 2973 2973 2972 2970 2966 2964 2961 2959 2958 2957 2957 2956 2956 2955 2955 2956 2957 2958 2959 2960 2961 2961 2963 2964 2964 2965 2967 2968 2968 2967 2967 2967 2967 2967 2966 2966 2966 2966 2964 2964 2964 2964 2964 2963 2961 2962 2962 2962 2961 2961 2960 2960 2959 2959 2959 2959 2959 2958 2959 2958 2956 2956 2956 2956 2957 2956 2955 2955
2973 2973 2974 2974 2974 2974 2974 2973 2973 2973 2973 2973 2973 2973 2973 2972 2972 2971 2968 2966 2964 2963 2961 2958 2958 2958 2957 2956 2955 2956 2957 2957 2958 2959 2960 2961 2961 2958 2957 2961 2964 2966 2967 2967 2967 2967 2967 2966 2966 2966 2965 2965 2965 2964 2959 2963 2962 2962 2961 2959 2956 2956 2958 2959 2958 2958 2959 2958 2959 2959 2958 2958 2958 2956 2955 2955 2956 2956 2957 2957 2956 2955
2973 2974 2974 2974 2974 2974 2974 2974 2973 2973 2973 2973 2973 2973 2972 2972 2972 2971 2969 2968 2967 2966 2963 2958 2959 2957 2954 2952 2949 2949 2952 2954 2956 2958 2959 2958 2956 2954 2955 2958 2961 2964 2965 2966 2966 2966 2966 2966 2966 2965 2965 2965 2964 2959 2952 2959 2962 2961 2961 2961 2958 2957 2959 2959 2959 2958 2958 2958 2958 2958 2957 2957 2957 2956 2955 2955 2956 2956 2956 2956 2955 2954
2973 2974 2974 2974 2974 2974 2974 2973 2973 2973 2973 2973 2973 2973 2972 2972 2972 2972 2970 2966 2960 2965 2963 2961 2958 2952 2943 2938 2934 2933 2938 2941 2944 2947 2952 2955 2953 2953 2954 2955 2959 2962 2963 2964 2963 2965 2965 2965 2965 2965 2965 2964 2961 2958 2950 2956 2960 2960 2961 2958 2955 2949 2952 2952 2950 2950 2953 2956 2957 2957 2957 2957 2957 2956 2956 2956 2956 2955 2955 2956 2956 2955
2973 2974 2974 2974 2973 2974 2973 2973 2973 2973 2973 2973 2973 2973 2973 2972 2972 2972 2971 2968 2961 2961 2960 2955 2947 2941 2936 2936 2938 2934 2932 2928 2929 2943 2948 2953 2957 2958 2954 2952 2959 2961 2962 2962 2964 2964 2965 2965 2964 2964 2964 2963 2960 2956 2957 2958 2958 2958 2958 2956 2953 2953 2951 2949 2951 2954 2956 2956 2956 2955 2955 2956 2956 2955 2955 2955 2955 2955 2956 2955 2955 2955
