Capas/FUTURO/Eje_30s/ASC/bio_09.asc
ncols         993
nrows         433
xllcorner     -105.25566776747
yllcorner     17.599810932142
cellsize      0.0083333333
NODATA_value  -9999
[rows 144 to 179 of 433, columns 82 to 163 of 993]
2872 2873 2879 2883 2887 2900 2902 2911 2916 2922 2926 2929 2928 2928 2931 2931 2935 2936 2941 2945 2947 2948 2943 2951 2950 2947 2950 2951 2950 2945 2949 2949 2948 2945 2947 2950 2950 2950 2948 2948 2947 2937 2930 2940 2942 2939 2942 2940 2939 2938 2934 2939 2931 2942 2954 2957 2961 2961 2962 2965 2964 2968 -9999 -9999 -9999 -9999 -9999 -9999 -9999 -9999 2968 2958 2940 2924 2921 2926 2923 2927 2940 2936 2921 2913
2882 2887 2891 2885 2885 2887 2888 2901 2915 2922 2925 2923 2915 2928 2933 2931 2930 2932 2940 2942 2939 2941 2944 2947 2949 2945 2951 2951 2951 2950 2951 2946 2944 2941 2946 2949 2949 2950 2945 2938 2940 2931 2924 2938 2943 2942 2943 2941 2940 2934 2934 2927 2928 2937 2941 2951 2958 2955 2954 2959 2970 2972 -9999 -9999 -9999 -9999 -9999 -9999 -9999 2956 2961 2954 2936 2922 2927 2927 2921 2920 2931 2927 2912 2913
2889 2892 2897 2897 2895 2899 2897 2898 2911 2908 2919 2915 2907 2918 2931 2934 2931 2929 2939 2934 2929 2938 2943 2948 2951 2953 2953 2953 2950 2944 2938 2938 2935 2941 2943 2943 2948 2949 2948 2942 2935 2936 2936 2942 2944 2943 2941 2939 2937 2937 2935 2934 2937 2941 2942 2950 2952 2949 2949 2959 2971 2975 2976 -9999 -9999 -9999 -9999 -9999 2956 2947 2943 2942 2927 2922 2922 2933 2930 2926 2920 2918 2915 2918
2908 2886 2888 2897 2900 2898 2904 2905 2903 2902 2919 2906 2909 2916 2926 2931 2933 2936 2934 2929 2925 2934 2945 2950 2949 2952 2947 2946 2945 2936 2939 2928 2937 2941 2935 2936 2947 2949 2941 2947 2946 2947 2945 2941 2943 2940 2938 2936 2935 2934 2932 2931 2940 2940 2940 2942 2940 2936 2949 2959 2963 2965 2967 2969 -9999 -9999 -9999 -9999 2954 2951 2946 2945 2929 2924 2929 2949 2951 2935 2924 2926 2917 2927
2907 2884 2888 2891 2884 2889 2896 2896 2905 2912 2914 2906 2915 2923 2927 2928 2925 2925 2927 2930 2933 2936 2942 2949 2945 2945 2934 2923 2922 2930 2936 2935 2939 2943 2943 2942 2944 2949 2942 2941 2943 2945 2942 2942 2938 2939 2937 2934 2931 2931 2927 2927 2932 2931 2932 2929 2929 2927 2937 2953 2960 2960 2963 2963 -9999 -9999 -9999 -9999 -9999 2961 2960 2953 2944 2933 2942 2961 2952 2934 2932 2936 2928 2935
2902 2887 2878 2876 2876 2882 2882 2892 2903 2909 2909 2900 2908 2920 2924 2922 2919 2916 2922 2927 2936 2941 2944 2950 2954 2947 2940 2931 2930 2938 2939 2940 2943 2946 2947 2947 2947 2947 2942 2939 2938 2938 2937 2940 2935 2934 2934 2934 2932 2931 2927 2929 2925 2927 2938 2936 2934 2941 2947 2957 2961 2965 2966 2965 2965 -9999 -9999 -9999 -9999 2968 2973 2968 2951 2944 2956 2966 2955 2941 2942 2945 2936 2937
2917 2904 2884 2867 2869 2869 2876 2891 2904 2901 2899 2894 2908 2918 2920 2923 2919 2916 2925 2932 2936 2938 2935 2941 2947 2947 2945 2943 2942 2942 2943 2943 2946 2947 2948 2948 2947 2947 2943 2937 2939 2938 2937 2936 2934 2933 2933 2931 2931 2928 2923 2925 2930 2935 2945 2933 2942 2950 2957 2964 2963 2963 2970 2968 2966 -9999 -9999 -9999 -9999 -9999 2976 2970 2958 2953 2964 2970 2965 2953 2958 2950 2941 2943
2921 2907 2892 2870 2864 2864 2878 2891 2902 2893 2878 2881 2904 2919 2925 2924 2922 2922 2924 2924 2930 2929 2920 2940 2941 2933 2939 2941 2943 2943 2944 2946 2947 2948 2947 2946 2944 2946 2945 2942 2939 2935 2933 2934 2934 2932 2932 2931 2931 2931 2924 2923 2937 2948 2952 2950 2948 2958 2954 2960 2969 2974 2974 2976 -9999 -9999 -9999 -9999 -9999 -9999 2975 2968 2962 2958 2971 2970 2972 2962 2966 2957 2947 2953
2929 2914 2904 2881 2867 2870 2882 2896 2890 2880 2877 2881 2891 2913 2927 2931 2929 2925 2914 2908 2916 2921 2927 2943 2945 2923 2927 2932 2936 2941 2945 2946 2946 2946 2946 2940 2939 2945 2944 2942 2936 2934 2935 2934 2934 2933 2932 2931 2933 2934 2933 2924 2940 2948 2955 2964 2958 2964 2959 2965 2970 2979 2978 2980 -9999 -9999 -9999 -9999 -9999 2979 2975 2968 2963 2959 2973 2971 2974 2972 2963 2950 2946 2956
2934 2929 2914 2888 2876 2879 2890 2891 2880 2877 2886 2887 2887 2910 2918 2923 2929 2934 2925 2924 2919 2925 2923 2938 2954 2942 2926 2923 2936 2944 2945 2946 2946 2946 2945 2935 2935 2941 2940 2938 2935 2935 2933 2932 2932 2932 2931 2932 2936 2939 2932 2931 2943 2959 2966 2971 2971 2973 2973 2976 2971 2979 2983 -9999 -9999 -9999 -9999 -9999 2980 2978 2974 2972 2963 2957 2973 2975 2976 2968 2958 2949 2942 2955
2937 2927 2917 2895 2883 2886 2885 2877 2871 2888 2898 2895 2886 2901 2916 2914 2915 2932 2939 2938 2940 2942 2943 2941 2947 2954 2936 2923 2940 2945 2945 2946 2945 2945 2946 2945 2941 2942 2941 2938 2937 2936 2934 2931 2930 2931 2933 2934 2942 2945 2943 2943 2959 2970 2973 2975 2976 -9999 -9999 -9999 -9999 -9999 -9999 -9999 -9999 -9999 2969 2978 2975 2979 2976 2971 2960 2956 2969 2977 2978 2974 2970 2954 2953 2959
2934 2929 2916 2888 2882 2878 2869 2868 2882 2891 2902 2908 2902 2907 2916 2929 2929 2932 2935 2934 2934 2929 2935 2939 2935 2954 2934 2938 2942 2944 2945 2945 2943 2937 2938 2943 2945 2943 2942 2937 2934 2931 2932 2930 2929 2935 2936 2933 2948 2960 2954 2955 2968 2974 2975 2976 -9999 -9999 -9999 -9999 -9999 -9999 -9999 -9999 -9999 -9999 2966 2970 2970 2976 2975 2969 2958 2961 2966 2974 2979 2974 2975 2963 2955 2965
2930 2919 2911 2890 2877 2868 2870 2877 2892 2905 2907 2911 2920 2922 2925 2923 2917 2923 2933 2928 2920 2920 2910 2919 2936 2953 2958 2945 2940 2941 2942 2943 2938 2934 2932 2933 2939 2941 2942 2937 2931 2928 2925 2928 2933 2943 2935 2939 2953 2963 2960 2965 2973 2973 2973 2973 -9999 -9999 -9999 2973 -9999 -9999 -9999 -9999 -9999 -9999 -9999 2965 2968 2963 2965 2966 2960 2972 2974 2977 2978 2978 2977 2964 2968 2965
2942 2921 2906 2882 2875 2880 2890 2897 2904 2912 2915 2916 2922 2923 2918 2913 2897 2910 2928 2919 2913 2903 2908 2924 2939 2952 2961 2954 2953 2943 2938 2935 2933 2933 2934 2934 2932 2933 2936 2935 2933 2927 2926 2930 2933 2948 2949 2951 2960 2964 2964 2971 2970 2966 2969 2974 2974 2973 2973 2980 -9999 -9999 -9999 -9999 -9999 -9999 -9999 2957 2954 2949 2953 2965 2968 2976 2978 2980 2979 2979 2976 2965 2971 2971
2942 2933 2916 2888 2871 2876 2896 2906 2912 2916 2917 2919 2920 2913 2905 2898 2901 2911 2922 2911 2904 2901 2905 2917 2936 2946 2959 2963 2962 2954 2945 2934 2935 2933 2934 2932 2931 2929 2930 2927 2923 2927 2932 2940 2948 2954 2949 2950 2962 2965 2966 2969 2968 2957 2967 2975 2977 2977 2980 -9999 -9999 -9999 -9999 -9999 -9999 -9999 2972 2959 2944 2941 2953 2963 2965 2974 -9999 -9999 -9999 -9999 2971 2973 2972 2972
2939 2932 2917 2896 2873 2867 2886 2899 2905 2913 2908 2900 2904 2900 2885 2883 2895 2899 2912 2905 2895 2909 2922 2928 2932 2935 2950 2955 2960 2963 2960 2948 2944 2942 2937 2933 2933 2938 2931 2926 2924 2929 2947 2954 2957 2952 2939 2942 2950 2951 2957 2964 2959 2954 2967 2971 2974 -9999 -9999 -9999 -9999 -9999 -9999 -9999 -9999 2969 2963 2952 2946 2945 2962 2971 2973 2977 -9999 -9999 -9999 -9999 -9999 2977 2972 2970
2940 2930 2921 2918 2896 2865 2864 2880 2898 2907 2908 2899 2886 2885 2882 2885 2878 2888 2899 2900 2893 2899 2914 2927 2933 2940 2944 2936 2938 2948 2957 2962 2960 2958 2948 2937 2938 2943 2931 2934 2937 2950 2958 2958 2958 2949 2944 2943 2942 2936 2931 2944 2939 2939 2952 2955 2960 -9999 -9999 -9999 -9999 -9999 -9999 -9999 2975 2958 2950 2943 2953 2952 2962 2975 2978 -9999 -9999 -9999 -9999 -9999 -9999 2979 2973 2964
2944 2934 2926 2915 2903 2879 2862 2879 2897 2897 2901 2898 2879 2872 2877 2880 2872 2881 2888 2892 2892 2901 2913 2917 2918 2927 2924 2924 2919 2929 2940 2951 2964 2969 2963 2948 2946 2949 2950 2957 2964 2967 2964 2958 2959 2954 2949 2941 2933 2929 2925 2929 2940 2938 2941 2954 2964 2981 -9999 -9999 -9999 -9999 -9999 -9999 2975 2962 2952 2949 2960 2962 2970 2976 2979 -9999 -9999 -9999 -9999 -9999 -9999 2976 2972 2961
2928 2920 2907 2898 2883 2870 2862 2877 2890 2889 2897 2886 2880 2869 2876 2876 2870 2878 2882 2889 2901 2911 2917 2914 2912 2914 2911 2914 2915 2925 2934 2936 2951 -9999 -9999 -9999 -9999 -9999 -9999 -9999 -9999 -9999 2963 2961 2954 2952 2950 2944 2937 2942 2946 2950 2959 2956 2959 2971 2977 2984 2988 -9999 -9999 -9999 -9999 2962 2958 2958 2954 2959 2967 2962 2969 2973 -9999 -9999 -9999 -9999 -9999 -9999 -9999 2979 2974 2959
2927 2920 2921 2916 2903 2898 2880 2878 2880 2887 2891 2881 2872 2875 2881 2882 2877 2884 2895 2901 2908 2911 2920 2920 2917 2921 2924 2930 2923 2922 2933 2944 2957 -9999 -9999 -9999 -9999 -9999 -9999 -9999 -9999 -9999 -9999 -9999 -9999 2955 2954 2949 2944 2957 2968 2971 2974 2973 2976 2979 2978 2983 -9999 -9999 -9999 -9999 -9999 -9999 2947 2947 2952 2961 2969 2973 2974 2976 -9999 -9999 -9999 -9999 -9999 -9999 -9999 2980 2976 2969
2916 2920 2930 2919 2916 2918 2904 2901 2894 2899 2908 2892 2879 2873 2890 2902 2896 2903 2909 2916 2919 2923 2920 2926 2923 2924 2928 2936 2934 2941 2945 2958 2968 -9999 -9999 -9999 -9999 -9999 -9999 -9999 -9999 -9999 -9999 -9999 -9999 -9999 2953 2947 2961 2969 2974 2978 2980 2981 2982 2983 -9999 -9999 -9999 -9999 -9999 -9999 -9999 -9999 -9999 2946 2948 2953 2963 2973 2977 -9999 -9999 -9999 -9999 -9999 -9999 -9999 -9999 2979 2975 2971
2932 2933 2935 2927 2929 2922 2901 2911 2915 2921 2928 2911 2893 2890 2900 2914 2920 2924 2922 2930 2932 2932 2934 2931 2933 2933 2935 2943 2951 2960 2961 2963 2969 -9999 -9999 -9999 -9999 -9999 -9999 -9999 -9999 -9999 -9999 -9999 -9999 -9999 -9999 -9999 2969 2977 2977 2981 -9999 -9999 -9999 -9999 -9999 -9999 -9999 -9999 -9999 -9999 -9999 -9999 -9999 2959 2961 2964 2968 2974 2978 -9999 -9999 -9999 -9999 -9999 -9999 -9999 2983 2980 2976 2976
2940 2943 2946 2939 2928 2908 2892 2918 2932 2940 2938 2927 2907 2891 2902 2917 2930 2935 2940 2943 2942 2943 2942 2943 2942 2949 2946 2956 2966 2968 2968 2959 2961 2966 2965 2968 -9999 -9999 -9999 -9999 -9999 -9999 -9999 -9999 -9999 -9999 -9999 -9999 -9999 -9999 -9999 -9999 -9999 -9999 -9999 -9999 -9999 -9999 -9999 -9999 -9999 -9999 -9999 -9999 -9999 -9999 2972 2974 2979 2979 2981 -9999 -9999 -9999 -9999 -9999 -9999 -9999 2980 2980 2979 2980
2954 2949 2941 2930 2921 2924 2929 2939 2951 2953 2944 2931 2910 2903 2914 2924 2926 2935 2940 2946 2949 2954 2950 2955 2957 2962 2963 2962 2960 2961 2967 2968 2969 2970 2968 2972 2974 -9999 -9999 -9999 -9999 -9999 -9999 -9999 -9999 -9999 -9999 -9999 -9999 -9999 -9999 -9999 -9999 -9999 -9999 -9999 -9999 -9999 -9999 -9999 -9999 -9999 -9999 -9999 -9999 -9999 -9999 2980 2984 2984 2984 -9999 -9999 -9999 -9999 -9999 2975 2964 2964 2972 2978 2981
2951 2937 2927 2910 2913 2935 2948 -9999 2963 2949 2933 2924 2910 2910 2916 2925 2931 2931 2934 2932 2935 2948 2956 2960 2963 2965 2965 2964 2965 2957 2957 2966 2969 2971 2972 2973 -9999 -9999 -9999 -9999 -9999 -9999 -9999 -9999 -9999 -9999 -9999 -9999 -9999 -9999 -9999 -9999 -9999 -9999 -9999 -9999 -9999 -9999 -9999 -9999 -9999 -9999 -9999 -9999 -9999 -9999 -9999 2986 2986 2984 2984 -9999 -9999 -9999 -9999 -9999 2961 2958 2948 2960 2974 2981
2947 2929 2914 2919 2932 2947 -9999 -9999 2962 2943 2930 2920 2909 2914 2918 2920 2933 2937 2926 2926 2928 2939 2952 2961 2964 -9999 -9999 -9999 -9999 2959 2950 2955 2953 2959 2966 2961 -9999 -9999 -9999 -9999 -9999 -9999 -9999 -9999 -9999 -9999 -9999 -9999 -9999 -9999 -9999 -9999 -9999 -9999 -9999 -9999 -9999 -9999 -9999 -9999 -9999 -9999 -9999 -9999 -9999 -9999 -9999 -9999 2985 2981 -9999 -9999 -9999 -9999 -9999 2968 2967 2964 2951 2955 2973 2982
2943 2932 2932 2944 -9999 -9999 -9999 -9999 -9999 2948 2942 2932 2920 2917 2916 2925 2929 2941 2943 2933 2935 2937 2948 2951 -9999 -9999 -9999 -9999 -9999 -9999 2953 2954 2954 2955 2952 2950 -9999 -9999 -9999 -9999 -9999 -9999 -9999 -9999 -9999 -9999 -9999 -9999 -9999 -9999 -9999 -9999 -9999 -9999 -9999 -9999 -9999 -9999 -9999 -9999 -9999 -9999 -9999 -9999 -9999 -9999 -9999 -9999 2982 2980 -9999 -9999 -9999 -9999 -9999 -9999 2976 2970 2959 2961 2978 -9999
2950 -9999 -9999 -9999 -9999 -9999 -9999 -9999 -9999 2957 2944 2935 2928 2925 2921 2936 2941 2936 2945 2950 2950 2951 -9999 -9999 -9999 -9999 -9999 -9999 -9999 -9999 -9999 -9999 -9999 -9999 -9999 -9999 -9999 -9999 -9999 -9999 -9999 -9999 -9999 -9999 -9999 -9999 -9999 -9999 -9999 -9999 -9999 -9999 -9999 -9999 -9999 -9999 -9999 -9999 -9999 -9999 -9999 -9999 -9999 -9999 -9999 -9999 -9999 -9999 -9999 -9999 -9999 -9999 -9999 -9999 -9999 -9999 -9999 2973 2966 2969 2981 -9999
-9999 -9999 -9999 -9999 -9999 -9999 -9999 -9999 -9999 -9999 2946 2932 2924 2929 2928 2931 2942 2948 2953 2958 2961 -9999 -9999 -9999 -9999 -9999 -9999 -9999 -9999 -9999 -9999 -9999 -9999 -9999 -9999 -9999 -9999 -9999 -9999 -9999 -9999 -9999 -9999 -9999 -9999 -9999 -9999 -9999 -9999 -9999 -9999 -9999 -9999 -9999 -9999 -9999 -9999 -9999 -9999 -9999 -9999 -9999 -9999 -9999 -9999 -9999 -9999 -9999 -9999 -9999 -9999 -9999 -9999 -9999 -9999 -9999 -9999 -9999 2976 2971 -9999 -9999
-9999 -9999 -9999 -9999 -9999 -9999 -9999 -9999 -9999 -9999 2958 2953 2931 2931 2939 2943 2947 2948 2955 2959 2961 2963 -9999 -9999 -9999 -9999 -9999 -9999 -9999 -9999 -9999 -9999 -9999 -9999 -9999 -9999 -9999 -9999 -9999 -9999 -9999 -9999 -9999 -9999 -9999 -9999 -9999 -9999 -9999 -9999 -9999 -9999 -9999 -9999 -9999 -9999 -9999 -9999 -9999 -9999 -9999 -9999 -9999 -9999 -9999 -9999 -9999 -9999 -9999 -9999 -9999 -9999 -9999 -9999 -9999 -9999 -9999 -9999 -9999 2971 -9999 -9999
-9999 -9999 -9999 -9999 -9999 -9999 -9999 -9999 -9999 -9999 -9999 2956 2961 2935 2952 2945 2950 2951 2950 2946 2947 2953 2955 -9999 -9999 -9999 -9999 -9999 -9999 -9999 -9999 -9999 -9999 -9999 -9999 -9999 -9999 -9999 -9999 -9999 -9999 -9999 -9999 -9999 -9999 -9999 -9999 -9999 -9999 -9999 -9999 -9999 -9999 -9999 -9999 -9999 -9999 -9999 -9999 -9999 -9999 -9999 -9999 -9999 -9999 -9999 -9999 -9999 -9999 -9999 -9999 -9999 -9999 -9999 -9999 -9999 -9999 -9999 -9999 -9999 -9999 -9999
-9999 -9999 -9999 -9999 -9999 -9999 -9999 -9999 -9999 -9999 -9999 -9999 2971 2957 2941 2945 2939 2940 2931 2919 2923 2936 2942 2968 -9999 -9999 -9999 -9999 -9999 -9999 -9999 -9999 -9999 -9999 -9999 -9999 -9999 -9999 -9999 -9999 -9999 2971 -9999 -9999 -9999 -9999 -9999 -9999 -9999 -9999 -9999 -9999 -9999 -9999 -9999 -9999 -9999 -9999 -9999 -9999 -9999 -9999 -9999 -9999 -9999 -9999 -9999 -9999 -9999 -9999 -9999 -9999 -9999 -9999 -9999 -9999 -9999 -9999 -9999 -9999 -9999 -9999
-9999 -9999 -9999 -9999 -9999 -9999 -9999 -9999 -9999 -9999 -9999 -9999 -9999 -9999 2933 2927 2942 2944 2916 2917 2923 2952 2961 2970 2977 -9999 -9999 -9999 -9999 -9999 -9999 -9999 -9999 -9999 -9999 -9999 -9999 -9999 -9999 2968 2964 2966 2965 2964 2964 2971 -9999 -9999 -9999 -9999 -9999 -9999 -9999 -9999 -9999 -9999 -9999 -9999 -9999 -9999 -9999 -9999 -9999 -9999 -9999 -9999 -9999 -9999 -9999 -9999 -9999 -9999 -9999 -9999 -9999 -9999 -9999 -9999 -9999 -9999 -9999 -9999
-9999 -9999 -9999 -9999 -9999 -9999 -9999 -9999 -9999 -9999 -9999 -9999 -9999 -9999 2953 2937 2938 2943 2930 2933 2939 2949 2953 2964 2970 2979 -9999 -9999 -9999 -9999 -9999 -9999 -9999 2965 2970 -9999 -9999 -9999 2966 2961 2958 2966 2970 2970 2967 -9999 -9999 -9999 -9999 -9999 -9999 -9999 -9999 -9999 -9999 -9999 -9999 -9999 -9999 -9999 -9999 -9999 -9999 -9999 -9999 -9999 -9999 -9999 -9999 -9999 -9999 -9999 -9999 -9999 -9999 -9999 -9999 -9999 -9999 -9999 -9999 -9999
-9999 -9999 -9999 -9999 -9999 -9999 -9999 -9999 -9999 -9999 -9999 -9999 -9999 -9999 2958 2936 2951 2964 2947 2937 2942 2947 2942 2948 2958 2972 2981 -9999 -9999 -9999 -9999 -9999 2956 2960 2969 2970 2969 2969 2962 2955 2959 2963 2965 2969 2973 -9999 -9999 -9999 -9999 -9999 -9999 -9999 -9999 -9999 -9999 -9999 -9999 -9999 -9999 -9999 -9999 -9999 -9999 -9999 -9999 -9999 -9999 -9999 -9999 -9999 -9999 -9999 -9999 -9999 -9999 -9999 -9999 -9999 -9999 -9999 -9999 -9999
-9999 -9999 -9999 -9999 -9999 -9999 -9999 -9999 -9999 -9999 -9999 -9999 -9999 -9999 -9999 2964 2969 2973 2964 2958 2956 2954 2939 2940 2949 2965 2975 -9999 -9999 -9999 -9999 2964 2959 2957 2967 2968 2965 2961 2951 2950 2960 2965 2968 2970 -9999 -9999 -9999 -9999 -9999 -9999 -9999 -9999 -9999 -9999 -9999 -9999 -9999 -9999 -9999 -9999 -9999 -9999 -9999 -9999 -9999 -9999 -9999 -9999 -9999 -9999 -9999 -9999 -9999 -9999 -9999 -9999 -9999 -9999 -9999 -9999 -9999 -9999
