Capas/FUTURO/Eje_30s/ASC/bio_17.asc
ncols         993
nrows         433
xllcorner     -105.25566776747
yllcorner     17.599810932142
cellsize      0.0083333333
NODATA_value  -9999
[rows 195 to 233 of 433, columns 880 to 967 of 993]
351 353 357 362 368 373 378 384 390 394 394 393 391 386 381 377 373 373 374 375 379 387 394 404 413 425 434 442 447 448 444 438 429 418 407 396 388 382 379 379 379 383 386 392 399 406 413 421 430 439 447 457 466 475 485 495 506 515 527 540 554 569 585 601 616 633 647 664 678 691 705 720 734 751 767 786 806 826 848 871 896 919 944 970 997 1023 1053 1081
353 356 362 368 371 378 384 388 393 396 397 395 393 389 381 380 382 382 381 384 386 391 397 407 414 422 431 438 442 441 435 428 419 409 398 388 380 373 370 369 371 372 376 381 386 391 398 406 415 423 432 439 449 457 466 475 485 496 505 518 531 546 560 575 591 605 622 635 651 665 680 694 709 725 742 760 780 803 826 847 871 896 921 947 973 999 1026 1057
354 359 365 369 376 382 386 389 393 396 396 396 393 389 384 386 385 385 386 388 391 395 401 407 413 420 427 433 436 433 429 419 410 400 389 382 375 367 364 363 363 363 366 370 373 378 386 390 397 407 415 424 432 440 449 456 465 476 487 499 513 525 539 554 568 583 596 612 624 640 655 670 685 703 721 738 759 780 802 827 850 873 897 921 945 970 1000 1030
354 360 364 370 376 382 386 389 392 395 397 397 396 394 392 391 389 390 390 391 394 397 402 407 412 417 423 427 429 426 418 409 401 389 381 374 365 360 357 356 356 356 356 359 363 367 372 378 385 390 399 406 415 421 431 440 449 458 470 481 494 508 522 535 548 562 576 589 603 617 633 648 664 679 697 718 737 759 781 802 825 848 871 894 918 944 976 1010
352 358 364 369 375 379 384 387 390 394 397 397 398 397 396 396 396 395 394 396 395 398 401 405 409 413 416 420 419 415 408 400 388 380 371 363 356 352 349 346 346 346 348 350 351 356 359 365 372 378 385 392 400 408 413 424 433 444 456 469 480 494 507 520 533 545 557 569 583 597 611 627 642 658 675 694 715 736 757 781 801 822 845 868 894 921 951 988
349 356 361 367 372 377 381 385 389 393 396 398 399 399 398 399 398 397 397 396 397 396 399 403 404 406 409 410 409 403 396 388 378 369 359 352 347 342 339 336 336 338 339 342 344 347 350 355 359 367 372 376 385 392 400 408 420 430 442 456 469 483 494 506 518 529 540 551 563 577 590 606 621 636 654 674 694 713 737 756 778 800 820 844 868 898 930 968
347 352 358 365 370 375 378 384 387 391 394 397 399 399 400 400 399 399 398 397 396 394 395 396 397 399 401 399 398 391 384 374 364 354 347 340 333 330 329 327 326 327 330 332 334 336 340 344 349 356 362 366 371 378 386 395 405 418 431 444 458 471 482 492 502 512 521 532 546 558 572 584 600 616 634 652 672 694 714 736 755 774 796 817 841 871 906 947
344 350 355 361 367 372 376 380 384 390 392 395 396 398 399 400 401 399 398 397 393 392 390 389 389 390 389 388 385 378 370 361 351 342 334 326 322 319 318 316 317 317 319 321 324 328 331 335 341 346 351 357 361 367 374 382 392 406 420 433 446 459 470 480 487 498 506 515 526 540 553 566 581 597 613 632 652 671 692 713 732 752 770 793 818 848 884 927
341 346 352 359 364 369 373 379 383 385 388 391 393 396 397 399 400 399 397 396 391 389 386 383 382 379 378 376 371 363 357 344 335 326 317 314 311 308 306 305 307 307 310 312 315 320 326 330 333 339 344 348 352 355 362 370 380 392 405 419 434 447 456 465 473 480 489 500 510 522 535 549 562 577 595 612 631 652 672 692 712 730 751 773 798 828 865 908
336 343 348 356 361 366 371 375 379 380 383 386 389 391 394 397 397 396 396 393 389 386 382 379 375 370 366 362 356 350 340 330 320 312 308 304 300 297 297 298 299 300 303 305 308 313 321 323 329 334 337 339 343 345 349 357 366 377 391 404 417 431 439 449 457 465 472 481 494 507 520 534 547 560 577 592 611 632 653 673 693 712 732 753 782 812 848 890
330 338 344 350 358 362 366 370 373 376 378 381 382 385 388 390 393 395 392 391 387 384 379 373 367 362 356 350 345 335 326 319 309 304 300 295 291 291 291 293 293 294 295 299 305 312 317 320 324 328 331 332 335 335 337 343 353 363 375 388 401 410 416 427 437 446 454 465 479 493 507 520 531 544 560 577 594 614 635 656 675 695 716 739 766 797 833 872
324 331 338 345 353 358 363 365 367 369 372 373 376 379 380 383 385 389 388 387 385 383 377 370 363 356 348 340 332 325 317 308 303 296 290 287 287 286 286 287 288 289 290 295 302 308 314 318 320 322 325 325 324 324 325 330 338 350 361 371 382 391 400 410 420 430 441 457 472 487 497 508 519 531 545 564 579 599 621 641 663 682 704 729 754 785 820 862
320 325 331 339 343 352 356 360 362 361 364 365 368 370 371 372 376 382 384 383 383 381 377 370 361 354 345 335 327 319 308 303 297 292 287 284 283 282 283 283 283 285 287 294 299 305 308 312 314 316 315 315 316 317 317 322 327 335 346 355 365 376 387 396 407 419 436 449 463 480 492 501 511 523 539 552 570 587 609 629 651 673 694 719 747 776 813 857
315 319 325 330 336 342 347 349 351 352 355 356 356 359 361 362 368 371 374 377 380 379 377 369 361 353 344 334 325 315 307 300 294 288 283 283 281 279 279 280 280 281 285 290 294 298 303 307 307 307 308 310 311 312 313 316 320 326 335 343 354 365 375 384 396 414 427 442 456 475 488 497 507 520 532 545 561 576 597 621 642 664 688 712 740 773 811 855
310 314 318 322 327 333 337 338 341 342 342 341 342 345 346 349 353 358 362 368 373 375 373 366 360 352 343 334 325 315 305 300 293 288 283 282 280 279 279 278 277 281 283 288 291 295 299 299 301 304 305 307 307 308 310 313 317 322 329 338 347 357 367 377 388 405 418 435 451 469 483 494 505 515 527 538 554 570 588 611 634 657 683 708 736 771 810 856
306 309 313 317 320 325 327 330 331 332 331 331 332 334 335 337 340 343 348 354 360 363 366 362 357 351 343 334 325 316 306 299 295 288 285 281 281 278 278 277 276 279 281 285 288 292 292 297 299 301 303 305 307 307 309 313 317 321 326 334 342 351 361 371 382 398 412 428 445 462 477 491 501 511 521 533 547 563 581 604 625 649 675 703 735 770 814 861
301 304 307 308 313 317 321 321 322 322 321 321 321 321 323 324 328 332 336 341 347 352 357 357 353 349 341 335 326 319 309 302 297 292 287 283 282 281 279 279 277 277 279 282 284 287 290 295 298 302 304 306 306 307 310 314 317 320 326 332 340 348 357 366 376 393 406 421 437 455 470 484 496 506 517 526 541 557 577 598 619 643 669 700 734 773 819 870
297 299 301 303 306 310 311 313 312 311 310 311 311 311 313 313 316 318 322 328 335 341 346 350 348 345 339 335 326 321 312 305 299 296 291 286 285 284 282 281 278 277 276 280 283 288 293 297 301 305 307 308 310 313 314 316 318 322 326 333 339 347 355 363 373 387 398 413 429 446 460 475 487 497 509 522 534 553 570 589 611 636 663 697 736 779 827 881
291 293 294 297 300 303 304 305 305 305 304 304 305 305 305 307 309 311 314 317 322 329 333 340 342 340 337 333 328 322 316 310 305 301 296 291 289 287 284 281 279 277 278 282 287 293 298 302 308 312 315 316 318 320 319 320 322 324 329 335 340 348 355 362 370 380 393 403 418 434 450 463 476 488 500 515 528 545 565 585 606 632 663 699 739 786 837 894
288 286 288 293 295 297 298 299 299 299 300 300 300 300 301 302 303 305 306 310 313 318 325 330 335 338 335 333 330 328 323 317 313 307 301 297 293 289 285 283 280 280 282 286 292 298 304 308 314 319 323 325 326 328 330 328 328 330 334 338 341 348 354 360 367 374 385 395 409 422 436 450 465 478 490 505 521 539 559 582 606 632 664 703 746 798 853 913
283 280 285 287 289 291 293 293 293 295 295 296 296 298 299 299 299 301 302 304 306 310 315 321 327 331 330 330 331 330 326 324 319 316 311 304 298 293 289 285 282 284 287 290 296 302 307 313 319 325 330 332 335 337 338 337 335 336 338 340 344 348 354 358 363 368 374 385 398 411 423 439 453 469 481 499 515 536 557 581 606 636 669 711 760 813 871 936
277 276 280 283 284 285 287 288 289 291 291 293 295 296 297 297 297 299 299 298 301 303 307 313 320 325 328 328 330 331 332 332 327 324 319 312 304 298 294 288 286 286 289 294 298 304 311 318 325 332 338 343 345 346 346 345 340 341 341 344 347 350 354 358 361 364 369 376 387 402 416 430 445 458 476 493 514 537 558 585 613 643 678 721 774 831 896 962
269 271 274 276 280 281 280 283 285 286 288 290 292 295 295 297 297 296 296 296 295 296 299 305 311 317 322 324 329 332 335 337 335 334 324 319 312 303 297 292 289 289 291 295 299 304 313 322 330 338 346 350 354 354 353 352 348 346 345 346 349 351 355 359 361 363 367 373 382 392 406 421 437 455 474 493 515 538 564 592 622 655 694 737 793 855 923 993
264 267 269 271 274 274 277 278 280 281 285 288 289 292 294 296 296 295 296 294 292 293 295 298 302 307 312 319 326 333 337 337 337 335 329 323 314 306 301 295 292 288 291 294 299 305 314 324 333 343 351 357 359 360 361 359 354 352 350 349 352 356 358 360 362 363 366 371 379 388 402 417 434 452 474 494 518 544 571 602 633 669 713 761 819 886 956 1027
259 262 264 266 267 270 271 274 277 278 281 282 286 290 293 294 296 297 295 295 293 291 291 293 296 299 303 308 316 325 330 332 329 332 330 323 316 307 302 296 294 292 290 294 298 304 313 323 334 344 353 361 363 365 367 366 363 359 358 358 359 360 360 362 363 364 367 371 377 387 400 416 432 453 474 498 524 552 583 615 652 692 737 789 852 922 993 1063
256 258 261 261 264 264 267 269 272 275 277 279 282 286 290 291 294 297 296 295 295 293 291 291 291 293 296 301 308 315 317 322 323 323 322 319 313 306 301 297 293 291 290 292 296 303 311 323 333 345 359 366 367 368 371 371 371 370 367 366 366 364 365 366 366 366 367 371 377 389 402 417 435 455 478 504 532 562 596 631 670 714 764 822 889 962 1031 1098
257 256 257 259 259 260 263 266 267 270 273 276 279 283 286 290 292 295 298 297 297 295 293 290 288 287 290 294 300 306 309 313 315 315 315 313 308 305 301 296 293 291 290 293 296 302 310 320 331 343 355 361 365 369 372 375 376 375 372 370 371 371 371 371 367 369 370 373 380 392 405 420 438 460 485 511 542 574 610 650 693 740 794 854 924 996 1063 1128
260 258 259 258 257 259 259 262 264 268 270 273 278 280 284 288 292 295 299 299 300 298 295 293 290 286 287 290 294 300 304 307 310 311 312 309 306 303 300 296 291 290 291 294 297 301 308 316 326 337 347 355 362 368 373 377 378 379 379 378 376 375 374 372 371 372 374 377 384 396 408 424 442 467 491 521 553 588 627 670 717 768 824 888 956 1025 1089 1151
265 263 262 260 260 258 258 259 261 264 269 272 276 279 283 286 290 294 298 301 303 301 300 296 291 288 286 288 291 295 299 303 304 308 306 305 303 300 297 293 291 290 293 297 296 300 306 313 322 330 340 349 358 366 372 379 381 384 385 383 382 381 378 377 375 376 378 381 388 399 414 429 450 473 499 532 565 601 645 692 743 797 854 917 983 1049 1109 1170
272 269 266 264 262 260 258 258 259 263 268 270 273 278 280 286 290 294 298 302 304 303 302 299 293 291 288 289 290 293 298 302 303 304 303 303 301 298 296 292 290 290 292 295 297 299 305 310 317 325 334 344 355 364 374 381 387 390 392 391 388 386 384 383 382 381 381 387 394 404 419 435 457 482 510 542 579 620 663 713 768 827 885 946 1009 1071 1127 1182
278 274 271 268 265 262 260 260 260 263 267 270 273 278 280 284 289 292 297 300 302 305 304 302 298 296 294 295 295 298 300 303 304 303 303 303 299 297 293 292 290 290 290 294 297 300 305 309 312 319 328 342 354 367 377 387 393 398 399 400 398 395 391 389 388 386 389 394 401 412 426 444 467 493 522 555 592 636 685 736 793 856 917 976 1036 1092 1143 1195
284 280 276 273 270 266 263 263 263 264 267 269 272 276 279 283 289 292 296 299 301 303 303 303 300 300 299 300 301 302 304 304 305 303 303 301 299 296 293 292 290 290 290 292 296 297 302 306 310 317 328 342 356 370 384 396 402 407 408 408 406 404 401 399 397 395 398 403 410 421 437 455 478 502 532 565 605 652 702 759 819 882 946 1003 1057 1109 1160 1207
288 285 282 277 274 269 267 265 264 266 266 269 271 276 279 283 287 291 294 298 299 301 303 303 302 303 302 301 304 305 306 304 303 302 301 300 297 296 294 292 290 289 291 291 294 297 301 306 309 317 327 343 357 377 393 405 412 416 419 419 418 415 413 410 408 407 408 412 420 431 446 466 488 514 544 581 620 666 721 778 841 906 970 1026 1077 1128 1173 1218
294 290 286 283 279 274 270 267 266 266 266 268 270 273 277 280 285 289 292 295 298 299 300 301 302 301 301 300 303 308 307 302 302 300 300 298 295 295 294 292 291 290 290 292 294 296 301 304 309 316 327 343 361 385 403 414 419 424 429 432 433 432 428 424 421 420 420 425 432 443 458 476 501 529 559 593 634 681 736 794 859 928 991 1045 1096 1141 1186 1227
300 296 291 287 283 278 272 269 266 265 264 267 268 271 275 279 282 286 289 292 294 296 296 298 298 297 298 297 300 302 302 300 299 299 298 297 294 294 291 290 290 291 292 293 295 296 300 304 308 316 325 343 362 388 403 415 424 432 440 443 445 446 443 441 439 434 436 439 446 456 470 489 513 541 572 608 649 696 751 809 875 945 1008 1063 1111 1155 1197 1235
305 300 296 292 287 282 277 272 268 266 265 266 269 270 273 276 279 283 286 288 290 291 292 292 294 294 295 295 294 296 298 298 296 298 297 295 294 294 292 291 290 291 292 293 295 296 300 303 307 313 325 339 357 380 399 413 428 440 448 454 459 460 460 458 456 453 452 454 460 470 484 504 527 555 587 624 665 715 768 825 889 957 1020 1076 1122 1166 1204 1242
310 305 300 295 291 286 282 276 271 269 266 267 269 270 272 273 277 280 282 284 287 287 289 289 289 291 290 290 290 293 294 295 294 295 294 293 293 293 291 291 291 293 292 294 294 296 298 302 306 313 322 335 351 371 393 412 434 447 456 464 471 472 473 473 470 469 469 472 477 485 500 519 544 573 605 644 687 735 788 846 909 975 1035 1088 1133 1174 1211 1246
313 309 304 300 295 290 284 281 276 272 269 268 268 270 271 271 274 277 279 282 284 284 285 287 286 287 287 287 289 290 291 293 293 294 293 292 292 293 291 292 291 292 293 295 294 296 298 301 303 310 318 331 346 364 386 411 436 451 460 470 477 481 485 486 484 484 484 487 493 504 517 539 565 594 628 666 710 759 812 868 930 992 1049 1098 1143 1180 1216 1250
318 312 307 302 298 293 289 283 280 276 274 272 271 270 270 270 271 273 276 279 281 281 282 282 283 284 284 286 287 289 291 290 292 292 292 292 292 291 292 291 293 292 294 294 296 296 298 301 302 308 316 324 341 359 378 404 428 449 460 469 479 486 491 494 495 495 496 500 508 519 537 560 585 616 651 690 734 783 835 889 949 1006 1062 1110 1151 1189 1222 1251
