Capas/FUTURO/Eje_30s/ASC/bio_03.asc
ncols         993
nrows         433
xllcorner     -105.25566776747
yllcorner     17.599810932142
cellsize      0.0083333333
NODATA_value  -9999
[rows 30 to 59 of 433, columns 201 to 267 of 993]
5.64257 5.64257 5.635877 5.629184 5.641801 5.631721 5.654521 5.62836 5.641026 5.6444 5.651147 5.641026 5.62753 5.624156 5.643631 5.620783 5.610662 5.617409 5.619919 5.60054 5.616531 5.629252 5.606369 5.596206 5.615646 5.615646 5.608844 5.602041 5.618169 5.591836 5.588435 5.581633 5.601093 5.590847 5.57483 5.587432 5.580601 5.584016 5.573771 5.58642 5.596708 5.58642 5.58299 5.553279 5.549863 5.569273 5.569273 5.581956 5.558985 5.557851 5.545268 5.557851 5.557851 5.561295 5.554408 5.570539 5.563624 5.549792 5.55325 5.565972 5.556708 5.569444 5.5625 5.555556 5.555556 5.548611 5.56834
5.672043 5.665322 5.665322 5.641801 5.648521 5.661269 5.638441 5.62836 5.6444 5.647773 5.6444 5.630904 5.630904 5.643631 5.630904 5.610662 5.607287 5.607287 5.603913 5.609756 5.613143 5.599593 5.599593 5.596206 5.615646 5.605442 5.602041 5.581633 5.595238 5.581633 5.604508 5.594262 5.57483 5.590847 5.584016 5.577186 5.577186 5.600137 5.573771 5.600137 5.58642 5.572702 5.59573 5.576132 5.565844 5.555556 5.558985 5.552126 5.568182 5.561295 5.561295 5.554408 5.544077 5.563624 5.560166 5.560166 5.560166 5.572917 5.5625 5.555556 5.5625 5.555556 5.555556 5.56834 5.555556 5.56834 5.56834
5.64257 5.665322 5.635877 5.648521 5.651882 5.635081 5.635081 5.647773 5.641026 5.651147 5.637652 5.6444 5.637652 5.624156 5.640244 5.617409 5.636857 5.60054 5.609756 5.613143 5.613143 5.62585 5.599593 5.602041 5.582656 5.602041 5.588435 5.581633 5.581633 5.604508 5.597678 5.578231 5.584016 5.573771 5.56694 5.577186 5.603566 5.596708 5.579561 5.576132 5.569273 5.592287 5.59573 5.572702 5.555556 5.565844 5.581956 5.568182 5.545268 5.557851 5.557851 5.554408 5.550964 5.55325 5.547521 5.549792 5.556708 5.576389 5.5625 5.572917 5.552083 5.5625 5.559028 5.5625 5.552083 5.555556 5.552083
5.649264 5.668683 5.661963 5.655242 5.648521 5.641801 5.641801 5.62836 5.651147 5.631721 5.641026 5.637652 5.630904 5.624156 5.617409 5.636857 5.610662 5.630081 5.616531 5.613143 5.609756 5.606369 5.622449 5.605442 5.602041 5.602041 5.604508 5.601093 5.601093 5.590847 5.57483 5.590847 5.580601 5.573771 5.570355 5.56694 5.58299 5.58299 5.58642 5.572702 5.569273 5.569273 5.578513 5.578513 5.555556 5.548697 5.548697 5.545268 5.564738 5.573997 5.573997 5.563624 5.540634 5.55325 5.567081 5.567081 5.546335 5.55325 5.555556 5.548611 5.548611 5.552083 5.548611 5.552083 5.5625 5.56834 5.56834
5.649264 5.649264 5.639224 5.655242 5.648521 5.648521 5.641801 5.635081 5.62836 5.647773 5.6444 5.6444 5.630904 5.62753 5.624156 5.640244 5.633469 5.607287 5.619919 5.619919 5.636055 5.62585 5.62585 5.608844 5.598639 5.605442 5.595238 5.611339 5.601093 5.594262 5.584016 5.590847 5.577186 5.580601 5.58299 5.58299 5.58642 5.602617 5.572702 5.59573 5.592287 5.578513 5.578513 5.575069 5.568182 5.561295 5.568182 5.550964 5.550964 5.544077 5.570539 5.563624 5.547521 5.549792 5.567081 5.563624 5.5625 5.55325 5.5625 5.552083 5.552083 5.541667 5.545139 5.548611 5.56834 5.561367 5.561367
5.65261 5.665322 5.661963 5.639224 5.655242 5.648521 5.657895 5.651147 5.631721 5.62164 5.62836 5.641026 5.634278 5.643631 5.620783 5.630081 5.633469 5.619919 5.609756 5.629252 5.622449 5.622449 5.605442 5.615646 5.591836 5.602041 5.618169 5.597678 5.597678 5.590847 5.584016 5.573771 5.573771 5.560109 5.576132 5.58299 5.59573 5.565844 5.5854 5.571626 5.571626 5.575069 5.568182 5.580913 5.584371 5.550964 5.550964 5.557851 5.557851 5.550964 5.567081 5.560166 5.563624 5.563624 5.546335 5.542877 5.55325 5.565972 5.569444 5.559028 5.555556 5.56834 5.55788 5.571827 5.55788 5.552083 5.564854
5.672043 5.682124 5.658602 5.63253 5.651882 5.641801 5.638441 5.635081 5.62836 5.6444 5.6444 5.634278 5.620783 5.640244 5.614035 5.640244 5.619919 5.613143 5.626694 5.623306 5.632653 5.608844 5.619048 5.614754 5.595238 5.604508 5.611339 5.590847 5.594262 5.590847 5.600137 5.589849 5.56694 5.58299 5.588843 5.576132 5.5854 5.581956 5.581956 5.578513 5.571626 5.584371 5.561295 5.580913 5.577455 5.590278 5.550964 5.544077 5.547521 5.544077 5.563624 5.55325 5.560166 5.556708 5.55325 5.55325 5.565972 5.565972 5.559028 5.5625 5.56834 5.552083 5.552083 5.55788 5.575314 5.55788 5.571827
5.682124 5.655957 5.65261 5.639224 5.655242 5.651882 5.641801 5.635081 5.657895 5.641026 5.637652 5.634278 5.624156 5.620783 5.620783 5.633469 5.616531 5.613143 5.619048 5.609756 5.608844 5.608844 5.619048 5.595238 5.607924 5.581633 5.604508 5.587432 5.590847 5.577186 5.593278 5.58642 5.602617 5.576132 5.592287 5.592287 5.552126 5.571626 5.584371 5.571626 5.584371 5.580913 5.580913 5.570539 5.586806 5.583333 5.567081 5.544077 5.540634 5.560166 5.549792 5.556708 5.549792 5.559028 5.5625 5.5625 5.565972 5.559028 5.559028 5.548611 5.555556 5.552083 5.552083 5.561367 5.552083 5.56834 5.564854
5.665998 5.678763 5.64257 5.658602 5.658602 5.655242 5.635081 5.635081 5.651147 5.654521 5.641026 5.630904 5.634278 5.617409 5.624156 5.619919 5.646258 5.62585 5.619048 5.622449 5.602041 5.605442 5.608844 5.607924 5.604508 5.607924 5.607924 5.606996 5.600137 5.593278 5.579561 5.58299 5.599174 5.59573 5.5854 5.571626 5.587829 5.575069 5.568182 5.584371 5.580913 5.590278 5.586806 5.586806 5.567081 5.563624 5.586806 5.556708 5.549792 5.549792 5.572917 5.572917 5.549792 5.569444 5.555556 5.555556 5.5625 5.555556 5.545139 5.548611 5.541667 5.548611 5.56834 5.548611 5.548611 5.56834 5.56834
5.662651 5.65261 5.665322 5.668683 5.655242 5.648521 5.635081 5.638441 5.651147 5.6444 5.641026 5.653794 5.630904 5.647019 5.620783 5.623306 5.619919 5.619919 5.613143 5.615646 5.608844 5.605442 5.602041 5.601093 5.611339 5.601093 5.620713 5.613854 5.589849 5.58642 5.599174 5.572702 5.592287 5.581956 5.575069 5.571626 5.571626 5.577455 5.570539 5.590278 5.573997 5.567081 5.583333 5.583333 5.576389 5.549792 5.572917 5.565972 5.55325 5.565972 5.5625 5.5625 5.559028 5.559028 5.555556 5.559028 5.555556 5.575314 5.575314 5.538194 5.564854 5.541667 5.545139 5.564854 5.575314 5.55788 5.56834
5.669344 5.659304 5.649264 5.655242 5.661963 5.645162 5.638441 5.638441 5.651147 5.647773 5.6444 5.650407 5.634278 5.624156 5.636857 5.623306 5.613143 5.639456 5.62585 5.615646 5.608844 5.595238 5.595238 5.604508 5.627572 5.590847 5.577186 5.606996 5.600137 5.593278 5.572702 5.588843 5.581956 5.578513 5.575069 5.571626 5.577455 5.570539 5.573997 5.567081 5.576389 5.576389 5.579861 5.565972 5.572917 5.565972 5.5625 5.555556 5.5625 5.559028 5.529046 5.552083 5.555556 5.555556 5.56834 5.552083 5.552083 5.552083 5.578801 5.561367 5.564854 5.56834 5.541667 5.538194 5.561367 5.55788 5.564854
5.685484 5.675403 5.668683 5.668683 5.639224 5.648521 5.648521 5.635081 5.651147 5.654521 5.6444 5.630904 5.650407 5.643631 5.630081 5.623306 5.613143 5.639456 5.612245 5.605442 5.598639 5.621585 5.614754 5.611339 5.590847 5.610425 5.600137 5.596708 5.58299 5.572702 5.588843 5.598202 5.60166 5.575069 5.594744 5.577455 5.573997 5.567081 5.567081 5.560166 5.572917 5.576389 5.576389 5.5625 5.559028 5.559028 5.552083 5.575314 5.575314 5.571827 5.548611 5.548611 5.545139 5.545139 5.555556 5.561367 5.545139 5.552083 5.541667 5.564854 5.561367 5.541667 5.561367 5.561367 5.55788 5.554393 5.591737
5.67269 5.682124 5.678763 5.668683 5.658602 5.655242 5.651882 5.67139 5.657895 5.641026 5.653794 5.647019 5.634278 5.643631 5.630081 5.619919 5.616531 5.62585 5.622449 5.605442 5.595238 5.595238 5.614754 5.587432 5.584016 5.610425 5.596708 5.58642 5.599174 5.588843 5.60166 5.575069 5.568182 5.587829 5.577455 5.573997 5.570539 5.556708 5.579861 5.576389 5.572917 5.585774 5.559028 5.559028 5.578801 5.555556 5.564854 5.578801 5.564854 5.56834 5.581233 5.552083 5.564854 5.564854 5.561367 5.541667 5.545139 5.56834 5.564854 5.564854 5.55788 5.543933 5.550906 5.564854 5.55788 5.54742 5.588235
5.646667 5.67269 5.662651 5.672043 5.658602 5.651882 5.648521 5.664642 5.625 5.651147 5.657182 5.634278 5.62753 5.630081 5.610662 5.642857 5.613143 5.608844 5.612245 5.605442 5.611339 5.614754 5.594262 5.613854 5.573771 5.573771 5.58642 5.579561 5.602617 5.5854 5.578513 5.568182 5.580913 5.570539 5.570539 5.567081 5.560166 5.572917 5.569444 5.5625 5.585774 5.582287 5.578801 5.571827 5.578801 5.571827 5.577731 5.561367 5.55788 5.561367 5.588235 5.577731 5.55788 5.534722 5.550906 5.53125 5.550906 5.56834 5.561367 5.524306 5.561367 5.55788 5.55788 5.55788 5.55788 5.550906 5.550906
5.676038 5.67269 5.659304 5.675403 5.661963 5.655242 5.641801 5.635081 5.62836 5.641026 5.647773 5.630904 5.624156 5.617409 5.630081 5.636055 5.609756 5.599593 5.615646 5.621585 5.595238 5.611339 5.601093 5.606996 5.580601 5.589849 5.606061 5.599174 5.5854 5.578513 5.587829 5.580913 5.580913 5.597222 5.586806 5.579861 5.596234 5.565972 5.582287 5.582287 5.571827 5.571827 5.571827 5.554393 5.57423 5.577731 5.561367 5.577731 5.550906 5.55788 5.570728 5.567227 5.577731 5.54742 5.550906 5.54742 5.550906 5.570728 5.550906 5.54742 5.550906 5.540446 5.543933 5.54742 5.543933 5.54742 5.567227
5.656667 5.669344 5.662651 5.649264 5.645917 5.655242 5.641801 5.638441 5.625 5.647773 5.651147 5.634278 5.640244 5.636857 5.630081 5.619919 5.609756 5.615646 5.608844 5.602041 5.614754 5.597678 5.606996 5.606996 5.596708 5.58642 5.572702 5.588843 5.5854 5.587829 5.584371 5.580913 5.583333 5.586806 5.606694 5.559028 5.555556 5.555556 5.555556 5.571827 5.56834 5.550906 5.584734 5.54742 5.54742 5.57423 5.57423 5.567227 5.57423 5.567227 5.567227 5.556723 5.563725 5.580169 5.54742 5.540446 5.554393 5.563725 5.54742 5.54742 5.540446 5.543933 5.543933 5.567227 5.560224 5.550906 5.550906
5.679384 5.669344 5.678763 5.668683 5.668683 5.648521 5.651882 5.654521 5.631721 5.647773 5.630904 5.624156 5.630904 5.636857 5.633469 5.636055 5.619048 5.612245 5.635246 5.621585 5.604508 5.613854 5.603566 5.603566 5.612948 5.602617 5.602617 5.594744 5.578513 5.587829 5.573997 5.597222 5.59375 5.572917 5.569444 5.582287 5.578801 5.564854 5.561367 5.561367 5.584734 5.570728 5.543933 5.567227 5.563725 5.563725 5.560224 5.553221 5.553221 5.560224 5.56962 5.576653 5.580169 5.580169 5.556723 5.576653 5.560224 5.567227 5.563725 5.533473 5.560224 5.533473 5.54972 5.556723 5.556723 5.563725 5.560224
5.679384 5.67269 5.662651 5.678763 5.665322 5.648521 5.661269 5.641801 5.638441 5.651147 5.637652 5.630904 5.624156 5.643631 5.623306 5.632653 5.622449 5.612245 5.621585 5.595238 5.614754 5.617284 5.610425 5.596708 5.602617 5.606061 5.581956 5.598202 5.594744 5.573997 5.590278 5.567081 5.579861 5.569444 5.578801 5.578801 5.564854 5.571827 5.554393 5.563725 5.567227 5.563725 5.560224 5.567227 5.556723 5.556723 5.56962 5.576653 5.553221 5.562588 5.566104 5.56962 5.553221 5.576653 5.562588 5.576653 5.576653 5.556723 5.553221 5.556723 5.56962 5.54972 5.54972 5.553221 5.542717 5.542717 5.54972
5.689425 5.669344 5.678763 5.675403 5.665322 5.661963 5.645162 5.654521 5.647773 5.637652 5.62753 5.647019 5.640244 5.64966 5.626694 5.609756 5.619048 5.612245 5.605442 5.614754 5.611339 5.613854 5.606996 5.600137 5.606061 5.588843 5.598202 5.598202 5.587829 5.580913 5.586806 5.579861 5.565972 5.596234 5.582287 5.575314 5.581233 5.561367 5.581233 5.57423 5.567227 5.560224 5.553221 5.559072 5.576653 5.573136 5.562588 5.559072 5.573136 5.552039 5.566104 5.582627 5.573136 5.566104 5.579096 5.559072 5.555556 5.573136 5.575565 5.54972 5.535714 5.532213 5.559072 5.542717 5.539216 5.539216 5.559072
5.676038 5.682731 5.685484 5.659304 5.645917 5.665322 5.641801 5.641801 5.651147 5.618279 5.634278 5.62753 5.636857 5.630081 5.623306 5.62585 5.615646 5.619048 5.628415 5.614754 5.601093 5.606996 5.606996 5.58642 5.579561 5.599174 5.60166 5.598202 5.591287 5.573997 5.583333 5.572917 5.589261 5.582287 5.578801 5.564854 5.554393 5.577731 5.556723 5.563725 5.560224 5.56962 5.580169 5.559072 5.56962 5.559072 5.562588 5.568503 5.575565 5.572034 5.564972 5.575565 5.548523 5.548523 5.572034 5.552039 5.572034 5.572034 5.572034 5.575565 5.564972 5.566104 5.539216 5.541491 5.521708 5.541491 5.545007
5.686078 5.676038 5.659304 5.675403 5.639224 5.655242 5.648521 5.641801 5.657895 5.641026 5.630904 5.620783 5.617409 5.633469 5.646258 5.629252 5.619048 5.631831 5.628415 5.614754 5.620713 5.613854 5.600137 5.612948 5.602617 5.605117 5.594744 5.614583 5.611111 5.590278 5.583333 5.589261 5.56834 5.571827 5.56834 5.584734 5.570728 5.563725 5.576653 5.576653 5.566104 5.562588 5.555556 5.562588 5.562588 5.575565 5.548523 5.548523 5.568503 5.537974 5.56144 5.564972 5.547317 5.56144 5.550848 5.550848 5.55791 5.572034 5.564972 5.572034 5.534459 5.568503 5.56144 5.564972 5.532213 5.541491 5.541491
5.679384 5.682731 5.67269 5.662651 5.672043 5.658602 5.664642 5.641801 5.657895 5.637652 5.637652 5.660569 5.643631 5.626694 5.613143 5.606369 5.619048 5.605442 5.598639 5.627572 5.617284 5.606996 5.623279 5.602617 5.618949 5.581956 5.591287 5.614583 5.590278 5.583333 5.599721 5.585774 5.582287 5.577731 5.570728 5.57423 5.580169 5.553221 5.566104 5.56962 5.559072 5.555556 5.548523 5.575565 5.541491 5.554379 5.554379 5.564972 5.550848 5.55791 5.567376 5.550848 5.567376 5.56383 5.570922 5.570922 5.570922 5.56144 5.56144 5.547317 5.567376 5.564972 5.554379 5.574468 5.58156 5.550848 5.574468
5.682731 5.663333 5.669344 5.662651 5.675403 5.651882 5.661963 5.661269 5.638441 5.647773 5.641026 5.634278 5.620783 5.633469 5.642857 5.62585 5.642076 5.605442 5.611339 5.601093 5.620713 5.603566 5.58642 5.59573 5.615491 5.60166 5.594744 5.573997 5.586806 5.606694 5.592748 5.585774 5.584734 5.57423 5.567227 5.560224 5.580169 5.566104 5.562588 5.559072 5.572034 5.575565 5.56144 5.564972 5.55791 5.547317 5.574468 5.574468 5.536723 5.567376 5.567376 5.560284 5.560284 5.560284 5.560284 5.553191 5.556737 5.543786 5.553191 5.560284 5.553191 5.560284 5.560284 5.570922 5.570922 5.567376 5.56383
5.692771 5.67 5.67269 5.659304 5.65261 5.658602 5.648521 5.67139 5.631721 5.647773 5.663957 5.624156 5.640244 5.626694 5.616531 5.62585 5.619048 5.628415 5.618169 5.614754 5.617284 5.593278 5.619835 5.618949 5.605117 5.594744 5.580913 5.600694 5.579861 5.592748 5.585774 5.571827 5.581233 5.57423 5.563725 5.556723 5.546218 5.562588 5.586158 5.579096 5.568503 5.56144 5.570922 5.578014 5.56383 5.556737 5.553191 5.56383 5.553191 5.556737 5.553191 5.549645 5.573362 5.566239 5.549645 5.549645 5.542553 5.539007 5.5461 5.5461 5.5461 5.573362 5.573362 5.549645 5.573362 5.566239 5.566239
5.689425 5.686078 5.67269 5.662651 5.675403 5.672043 5.655242 5.648521 5.657895 5.654521 5.647773 5.647019 5.653794 5.646258 5.642857 5.632653 5.648907 5.612245 5.614754 5.631001 5.617284 5.603566 5.606061 5.599174 5.60166 5.591287 5.597222 5.586806 5.606694 5.589261 5.575314 5.564854 5.577731 5.563725 5.583685 5.573136 5.559072 5.555556 5.568503 5.56144 5.56144 5.550848 5.547317 5.560284 5.553191 5.560284 5.573362 5.556737 5.5461 5.539007 5.5698 5.551994 5.562678 5.559117 5.531915 5.535461 5.548433 5.548433 5.548433 5.531915 5.555556 5.551994 5.555556 5.559117 5.559117 5.548433 5.551994
5.689425 5.682731 5.682731 5.688844 5.655957 5.668683 5.658602 5.668016 5.661269 5.654521 5.647773 5.647019 5.62753 5.643631 5.616531 5.639456 5.615646 5.628415 5.621585 5.607924 5.603566 5.616391 5.593278 5.599174 5.605117 5.611111 5.604167 5.583333 5.576389 5.569444 5.595238 5.581233 5.567227 5.576653 5.576653 5.589689 5.568503 5.564972 5.56144 5.55791 5.574468 5.574468 5.560284 5.549645 5.553191 5.5461 5.539007 5.559117 5.562678 5.544872 5.548433 5.565093 5.544872 5.537749 5.534188 5.54131 5.54131 5.534188 5.55794 5.565093 5.55794 5.534188 5.55794 5.554363 5.561517 5.561517 5.550787
5.676667 5.686078 5.679384 5.685484 5.649264 5.668683 5.665322 5.655242 5.657895 5.638441 5.654521 5.650407 5.650407 5.643631 5.642857 5.616531 5.619048 5.635246 5.607924 5.631001 5.630165 5.619835 5.606061 5.599174 5.60166 5.611111 5.600694 5.583333 5.596234 5.595238 5.581233 5.57423 5.570728 5.576653 5.566104 5.562588 5.559072 5.55791 5.554379 5.574468 5.56383 5.560284 5.556737 5.549645 5.562678 5.555556 5.555556 5.555556 5.537749 5.537749 5.554363 5.537749 5.55794 5.54721 5.554363 5.560345 5.54721 5.550787 5.543633 5.543633 5.563937 5.563937 5.560345 5.556753 5.560345 5.556753 5.563937
5.686078 5.673333 5.676038 5.688844 5.655957 5.672043 5.658602 5.661963 5.674764 5.664642 5.651147 5.653794 5.650407 5.633469 5.636857 5.642857 5.629252 5.602041 5.634431 5.634431 5.606996 5.612948 5.609504 5.592287 5.608575 5.614583 5.59375 5.576389 5.585774 5.575314 5.564854 5.577731 5.567227 5.573136 5.582627 5.568503 5.568503 5.547317 5.547317 5.553191 5.56383 5.576923 5.559117 5.559117 5.544872 5.55794 5.530627 5.537749 5.550787 5.550787 5.540057 5.540057 5.540057 5.529328 5.549569 5.522174 5.553161 5.545977 5.549569 5.538793 5.542385 5.53161 5.542385 5.566378 5.56277 5.555556 5.535201
5.692771 5.679384 5.676038 5.669344 5.678763 5.672043 5.665322 5.655242 5.654521 5.647773 5.6444 5.641026 5.62753 5.636857 5.653061 5.639456 5.629252 5.638661 5.621585 5.627572 5.623279 5.619835 5.622407 5.5854 5.60166 5.577455 5.597222 5.596234 5.585774 5.588235 5.581233 5.567227 5.573136 5.566104 5.579096 5.568503 5.55791 5.574468 5.549645 5.553191 5.555556 5.559117 5.544872 5.55794 5.530627 5.561517 5.534188 5.540057 5.540057 5.525751 5.529328 5.522174 5.555556 5.535201 5.542385 5.544733 5.551948 5.541125 5.555556 5.551948 5.554348 5.537518 5.548341 5.541125 5.544733 5.557971 5.53391
5.686078 5.686078 5.686078 5.67269 5.682124 5.678763 5.668683 5.655242 5.674764 5.67139 5.657895 5.6444 5.653794 5.643631 5.646258 5.632653 5.622449 5.625 5.625 5.620713 5.630165 5.623279 5.609504 5.588843 5.587829 5.600694 5.583333 5.599721 5.585774 5.564854 5.57423 5.587201 5.580169 5.579096 5.575565 5.554379 5.554379 5.560284 5.549645 5.5461 5.555556 5.548433 5.561517 5.568669 5.554363 5.540057 5.553161 5.545977 5.553161 5.53161 5.548341 5.544733 5.548341 5.541125 5.53391 5.547101 5.550725 5.543478 5.547101 5.539855 5.539855 5.532609 5.539855 5.560408 5.556768 5.55313 5.560408
