Capas/FUTURO/Eje_30s/ASC/bio_18.asc
ncols         993
nrows         433
xllcorner     -105.25566776747
yllcorner     17.599810932142
cellsize      0.0083333333
NODATA_value  -9999
[rows 252 to 287 of 433, columns 656 to 737 of 993]
5163 5265 5411 5453 5481 5504 5517 5527 5525 5469 5399 5337 5230 5119 4991 4828 4671 4523 4407 4299 4234 4158 4090 4024 3960 3922 3957 4022 4072 4068 4060 4038 4055 4094 4150 4227 4306 4374 4411 4424 4435 4456 4469 4434 4406 4398 4404 4439 4475 4507 4529 4607 4690 4758 4843 4917 4978 5000 4996 4996 4920 4853 4748 4681 4622 4575 4509 4488 4481 4473 4460 4439 4424 4396 4374 4358 4347 4348 4350 4353 4355 4372
5154 5247 5352 5426 5457 5531 5502 5541 5593 5565 5464 5408 5316 5207 5076 4929 4762 4631 4520 4417 4344 4254 4182 4130 4084 4078 4120 4157 4243 4244 4214 4219 4241 4276 4324 4392 4479 4547 4566 4565 4560 4582 4575 4548 4509 4475 4454 4484 4530 4524 4531 4595 4668 4755 4836 4887 4973 5008 4993 4956 4891 4816 4733 4677 4595 4529 4491 4489 4483 4451 4442 4432 4426 4407 4376 4364 4367 4385 4402 4397 4382 4384
5157 5224 5287 5353 5407 5491 5539 5547 5556 5560 5526 5470 5397 5296 5170 5042 4868 4730 4614 4523 4433 4365 4293 4249 4242 4273 4283 4356 4441 4464 4438 4402 4414 4443 4475 4532 4605 4668 4668 4665 4649 4650 4650 4601 4566 4537 4503 4492 4503 4516 4587 4581 4640 4738 4796 4848 4920 4949 4967 4927 4860 4781 4695 4638 4570 4504 4457 4439 4427 4416 4414 4411 4413 4408 4375 4364 4373 4393 4421 4401 4395 4397
5158 5217 5253 5319 5385 5450 5528 5578 5609 5622 5588 5571 5489 5377 5251 5117 4973 4848 4750 4638 4546 4487 4440 4398 4413 4495 4495 4514 4545 4568 4559 4530 4552 4560 4563 4611 4671 4713 4716 4704 4702 4693 4682 4635 4617 4584 4550 4529 4532 4538 4567 4564 4604 4686 4763 4824 4865 4923 4931 4885 4830 4737 4651 4581 4520 4456 4416 4404 4404 4383 4371 4374 4378 4365 4347 4351 4356 4366 4376 4379 4382 4393
5140 5189 5225 5287 5395 5460 5500 5607 5646 5662 5662 5598 5591 5434 5307 5175 5044 4934 4862 4756 4651 4573 4536 4536 4599 4683 4746 4676 4572 4584 4595 4616 4629 4641 4633 4640 4676 4697 4709 4702 4700 4700 4680 4670 4651 4624 4593 4554 4531 4543 4557 4594 4639 4696 4763 4843 4872 4910 4911 4853 4790 4695 4605 4531 4466 4407 4374 4377 4390 4374 4338 4340 4344 4335 4325 4330 4331 4332 4348 4356 4367 4386
5124 5145 5236 5325 5393 5484 5477 5594 5669 5677 5633 5575 5556 5485 5362 5214 5082 4977 4924 4856 4761 4672 4633 4633 4705 4815 4839 4757 4647 4589 4588 4633 4648 4647 4596 4607 4637 4645 4653 4663 4661 4669 4670 4667 4663 4648 4626 4593 4566 4552 4567 4622 4660 4742 4773 4812 4847 4880 4905 4835 4730 4650 4564 4483 4417 4363 4336 4339 4360 4368 4320 4313 4313 4309 4301 4302 4307 4309 4309 4329 4366 4403
5089 5166 5235 5306 5380 5469 5448 5558 5639 5686 5613 5550 5491 5497 5391 5218 5069 4979 4946 4898 4841 4777 4703 4687 4698 4747 4806 4777 4650 4576 4554 4557 4594 4587 4551 4565 4569 4587 4590 4604 4612 4631 4642 4651 4673 4655 4634 4623 4601 4568 4572 4623 4666 4735 4800 4809 4816 4853 4893 4834 4714 4615 4525 4459 4399 4332 4296 4291 4289 4288 4281 4282 4278 4275 4272 4273 4275 4281 4292 4315 4345 4373
5073 5131 5171 5263 5354 5418 5403 5507 5616 5673 5636 5566 5450 5354 5248 5150 5013 4978 4938 4895 4856 4828 4735 4707 4678 4669 4671 4640 4585 4567 4523 4498 4525 4519 4480 4485 4485 4502 4523 4539 4552 4572 4589 4616 4645 4630 4632 4629 4610 4589 4611 4648 4725 4771 4739 4765 4813 4854 4835 4799 4708 4570 4470 4397 4337 4285 4245 4232 4236 4231 4227 4227 4234 4229 4230 4234 4239 4248 4263 4286 4317 4348
5063 5086 5143 5222 5280 5355 5308 5401 5484 5493 5456 5438 5340 5221 5127 5033 4920 4925 4886 4858 4831 4789 4717 4701 4664 4610 4577 4539 4506 4487 4450 4458 4453 4433 4413 4418 4433 4448 4472 4509 4492 4507 4522 4554 4579 4592 4610 4609 4593 4585 4594 4635 4707 4754 4734 4774 4806 4825 4802 4721 4645 4530 4401 4317 4257 4213 4174 4164 4169 4162 4154 4165 4168 4169 4166 4174 4180 4187 4205 4229 4262 4298
5059 5052 5093 5173 5175 5265 5241 5248 5310 5305 5279 5254 5159 5063 4957 4896 4779 4771 4771 4754 4699 4666 4660 4692 4656 4598 4531 4457 4418 4384 4354 4346 4359 4401 4391 4361 4379 4362 4389 4409 4414 4429 4441 4475 4511 4537 4569 4576 4574 4576 4598 4623 4649 4673 4712 4704 4682 4695 4718 4636 4532 4437 4300 4218 4159 4118 4092 4082 4079 4074 4071 4083 4084 4077 4078 4089 4095 4096 4110 4143 4179 4213
5028 5026 5034 5086 5095 5157 5176 5124 5155 5150 5090 5042 4934 4849 4765 4703 4619 4575 4611 4601 4589 4553 4569 4579 4552 4484 4443 4384 4330 4285 4269 4260 4251 4312 4285 4264 4262 4264 4307 4319 4333 4347 4360 4397 4438 4469 4503 4525 4545 4556 4565 4574 4610 4640 4666 4649 4634 4580 4554 4485 4380 4291 4185 4098 4041 4003 3981 3977 3973 3972 3971 3979 3974 3965 3965 3976 3982 3979 3981 4019 4051 4070
4990 4998 4979 5005 5008 5044 5066 5003 4996 4968 4907 4811 4711 4638 4564 4500 4449 4409 4436 4403 4418 4427 4448 4421 4374 4326 4337 4303 4267 4214 4188 4162 4201 4208 4204 4200 4155 4161 4222 4231 4245 4265 4284 4316 4357 4401 4434 4469 4492 4511 4528 4549 4544 4535 4540 4509 4480 4438 4365 4305 4225 4143 4045 3963 3909 3876 3859 3857 3855 3858 3854 3851 3848 3843 3839 3835 3838 3834 3845 3878 3905 3941
4957 4947 4931 4928 4924 4918 4908 4885 4836 4777 4716 4625 4530 4451 4379 4328 4285 4265 4252 4252 4278 4290 4308 4284 4246 4222 4215 4204 4203 4167 4115 4096 4127 4132 4144 4126 4056 4049 4102 4126 4156 4188 4215 4239 4278 4333 4369 4405 4439 4466 4482 4473 4462 4421 4407 4351 4307 4272 4212 4123 4060 4000 3905 3824 3774 3740 3729 3731 3739 3740 3733 3723 3715 3709 3709 3708 3703 3700 3719 3755 3795 3844
4909 4884 4866 4853 4831 4805 4787 4774 4695 4636 4531 4456 4369 4277 4221 4180 4145 4134 4123 4148 4167 4187 4203 4141 4132 4127 4110 4105 4107 4086 4031 4067 4065 4098 4096 4035 3964 3949 3959 4005 4059 4114 4147 4170 4199 4243 4286 4332 4376 4400 4406 4395 4364 4300 4268 4207 4134 4111 4048 3977 3890 3833 3761 3691 3643 3610 3601 3605 3616 3618 3611 3606 3598 3597 3597 3589 3581 3586 3611 3650 3699 3738
4853 4813 4785 4779 4749 4712 4672 4642 4572 4504 4392 4300 4223 4151 4085 4055 4025 4017 4010 4044 4067 4112 4107 4054 4030 4041 4023 4040 4031 4019 3963 3968 4027 4073 4059 3995 3909 3879 3884 3931 3992 4062 4078 4099 4129 4181 4230 4274 4312 4328 4331 4312 4261 4204 4129 4071 3998 3952 3906 3825 3754 3690 3634 3580 3527 3491 3487 3487 3496 3502 3504 3506 3503 3495 3493 3489 3490 3504 3526 3567 3616 3643
4782 4756 4711 4686 4667 4628 4572 4535 4464 4397 4298 4190 4103 4040 3982 3954 3931 3922 3922 3918 3934 3998 3962 3957 3938 3930 3946 3959 3966 3978 3918 3928 3989 4028 3993 3888 3829 3824 3860 3891 3969 4020 4003 4037 4093 4125 4183 4223 4244 4258 4259 4234 4184 4106 4018 3931 3879 3807 3776 3707 3645 3581 3524 3483 3435 3402 3390 3392 3397 3404 3413 3425 3426 3411 3407 3409 3409 3431 3457 3495 3544 3588
4697 4663 4631 4596 4577 4548 4508 4436 4371 4299 4219 4127 4022 3956 3908 3873 3861 3847 3841 3847 3844 3860 3869 3909 3862 3851 3862 3898 3928 3927 3895 3908 3968 3948 3893 3781 3746 3763 3825 3857 3929 3969 3939 3959 4046 4073 4121 4173 4179 4185 4182 4156 4103 4012 3927 3824 3753 3713 3673 3619 3561 3507 3451 3400 3364 3336 3324 3323 3325 3330 3342 3351 3352 3352 3355 3353 3351 3371 3398 3433 3487 3524
4605 4564 4530 4508 4500 4481 4439 4390 4314 4236 4154 4066 3975 3908 3859 3816 3801 3800 3804 3796 3780 3795 3798 3820 3819 3820 3833 3858 3885 3890 3892 3911 3908 3880 3772 3679 3658 3675 3710 3755 3866 3949 3961 3891 3921 3973 4055 4107 4128 4110 4116 4071 3973 3869 3796 3749 3662 3643 3589 3541 3496 3445 3398 3354 3312 3288 3277 3277 3275 3275 3282 3292 3297 3309 3325 -9999 -9999 -9999 -9999 -9999 -9999 -9999
4505 4459 4419 4404 4409 4391 4348 4300 4249 4196 4118 4036 3943 3879 3826 3780 3762 3753 3762 3769 3752 3756 3802 3819 3826 3836 3845 3862 3883 3912 3911 3899 3892 3837 3696 3591 3560 3560 3590 3663 3759 3859 3849 3800 3807 3926 4022 4035 4024 4015 4020 3989 3861 3754 3682 3643 3609 3575 3524 3483 3442 3399 3360 3320 3279 3253 3241 3238 3239 3242 3249 -9999 -9999 -9999 -9999 -9999 -9999 -9999 -9999 -9999 -9999 -9999
4411 4351 4313 4286 4311 4306 4289 4266 4238 4153 4086 4010 3930 3867 3806 3761 3736 3725 3727 3738 3724 3792 3826 3847 3890 3890 3877 3892 3926 3956 3980 3953 3941 3809 3630 3510 3461 3471 3549 3596 3647 3712 3709 3675 3708 3832 3926 3930 3929 3954 3959 3924 3794 3705 3622 3593 3551 3512 3474 3433 3399 3365 3326 3294 3256 3227 3216 3209 -9999 -9999 -9999 -9999 -9999 -9999 -9999 -9999 -9999 -9999 -9999 -9999 -9999 -9999
4307 4245 4209 4183 4194 4230 4244 4257 4248 4179 4108 4013 3926 3855 3796 3752 3719 3703 3699 3704 3720 3788 3833 3864 3910 3924 3931 3960 3990 4017 4051 3922 3862 3768 3564 3446 3388 3413 3461 3482 3523 3528 3532 3555 3623 3719 3806 3844 3897 3928 3872 3807 3761 3676 3572 3533 3497 3464 3431 3394 3365 3334 3304 3271 3239 -9999 -9999 -9999 -9999 -9999 -9999 -9999 -9999 -9999 -9999 -9999 -9999 -9999 -9999 -9999 -9999 -9999
-9999 4149 4115 4091 4091 4125 4186 4218 4226 4212 4150 4039 3933 3851 3797 3753 3711 3687 3679 3675 3677 3756 3808 3865 3909 3945 3986 4050 4076 4077 4073 3915 3764 3689 3515 3393 3312 3286 3328 3345 3351 3339 3362 3462 3605 3689 3739 3807 3871 3846 3760 3712 3675 3587 3517 3482 3447 3418 3391 3360 3333 3306 -9999 -9999 -9999 -9999 -9999 -9999 -9999 -9999 -9999 -9999 -9999 -9999 -9999 -9999 -9999 -9999 -9999 -9999 -9999 -9999
-9999 -9999 -9999 4011 4009 4042 4120 4175 4199 4197 4119 4028 3943 3864 3795 3755 3708 3675 3658 3644 3655 3724 3801 3871 3936 3965 4040 4162 4212 4177 4059 3886 3723 3607 3476 3352 3251 3204 3193 3184 3160 3175 3257 3432 3579 3693 3737 3768 3799 3760 3689 3608 3564 3509 3468 3435 3402 3376 3356 3328 -9999 -9999 -9999 -9999 -9999 -9999 -9999 -9999 -9999 -9999 -9999 -9999 -9999 -9999 -9999 -9999 -9999 -9999 -9999 -9999 -9999 -9999
-9999 -9999 -9999 -9999 -9999 3975 4031 4126 4179 4167 4095 4029 3941 3874 3804 3758 3711 3676 3640 3621 3622 3662 3712 3783 3893 4000 4115 4216 4239 4165 4050 3898 3749 3599 3469 3341 3229 3155 3103 3063 3049 -9999 -9999 -9999 -9999 3674 3736 3745 3709 3652 3584 3521 3489 3456 3419 3390 3361 -9999 -9999 -9999 -9999 -9999 -9999 -9999 -9999 -9999 -9999 -9999 -9999 -9999 -9999 -9999 -9999 -9999 -9999 -9999 -9999 -9999 -9999 -9999 -9999 -9999
-9999 -9999 -9999 -9999 -9999 -9999 -9999 -9999 4146 4125 4069 4012 3938 3874 3806 3752 3711 3670 3629 3601 3588 3602 3633 3709 3810 3965 4106 4182 4242 4154 4073 3932 3803 3683 3563 3393 3258 3151 -9999 -9999 -9999 -9999 -9999 -9999 -9999 -9999 3694 3675 3629 3576 3495 3445 3432 3407 3374 -9999 -9999 -9999 -9999 -9999 -9999 -9999 -9999 -9999 -9999 -9999 -9999 -9999 -9999 -9999 -9999 -9999 -9999 -9999 -9999 -9999 -9999 -9999 -9999 -9999 -9999 -9999
-9999 -9999 -9999 -9999 -9999 -9999 -9999 -9999 -9999 -9999 4075 4016 3951 3874 3816 3745 3696 3661 3610 3578 3553 3555 3573 3644 3752 3878 4068 4165 4185 4109 4041 3969 3910 3862 3743 -9999 -9999 -9999 -9999 -9999 -9999 -9999 -9999 -9999 -9999 -9999 -9999 -9999 3550 3506 3423 3382 3377 3363 -9999 -9999 -9999 -9999 -9999 -9999 -9999 -9999 -9999 -9999 -9999 -9999 -9999 -9999 -9999 -9999 -9999 -9999 -9999 -9999 -9999 -9999 -9999 -9999 -9999 -9999 -9999 -9999
-9999 -9999 -9999 -9999 -9999 -9999 -9999 -9999 -9999 -9999 -9999 -9999 -9999 -9999 3825 3749 3677 3631 3588 3557 3531 3511 3526 3572 3668 3803 3965 4098 4103 4082 4076 4058 -9999 -9999 -9999 -9999 -9999 -9999 -9999 -9999 -9999 -9999 -9999 -9999 -9999 -9999 -9999 -9999 -9999 -9999 -9999 3325 3328 3317 -9999 -9999 -9999 -9999 -9999 -9999 -9999 -9999 -9999 -9999 -9999 -9999 -9999 -9999 -9999 -9999 -9999 -9999 -9999 -9999 -9999 -9999 -9999 -9999 -9999 -9999 -9999 -9999
-9999 -9999 -9999 -9999 -9999 -9999 -9999 -9999 -9999 -9999 -9999 -9999 -9999 -9999 -9999 -9999 -9999 -9999 -9999 3535 3513 3480 3482 3501 3579 3701 3846 3970 3997 4011 -9999 -9999 -9999 -9999 -9999 -9999 -9999 -9999 -9999 -9999 -9999 -9999 -9999 -9999 -9999 -9999 -9999 -9999 -9999 -9999 -9999 -9999 -9999 -9999 -9999 -9999 -9999 -9999 -9999 -9999 -9999 -9999 -9999 -9999 -9999 -9999 -9999 -9999 -9999 -9999 -9999 -9999 -9999 -9999 -9999 -9999 -9999 -9999 -9999 -9999 -9999 -9999
-9999 -9999 -9999 -9999 -9999 -9999 -9999 -9999 -9999 -9999 -9999 -9999 -9999 -9999 -9999 -9999 -9999 -9999 -9999 -9999 -9999 -9999 -9999 -9999 3498 3612 3734 3867 -9999 -9999 -9999 -9999 -9999 -9999 -9999 -9999 -9999 -9999 -9999 -9999 -9999 -9999 -9999 -9999 -9999 -9999 -9999 -9999 -9999 -9999 -9999 -9999 -9999 -9999 -9999 -9999 -9999 -9999 -9999 -9999 -9999 -9999 -9999 -9999 -9999 -9999 -9999 -9999 -9999 -9999 -9999 -9999 -9999 -9999 -9999 -9999 -9999 -9999 -9999 -9999 -9999 -9999
-9999 -9999 -9999 -9999 -9999 -9999 -9999 -9999 -9999 -9999 -9999 -9999 -9999 -9999 -9999 -9999 -9999 -9999 -9999 -9999 -9999 -9999 -9999 -9999 -9999 -9999 -9999 -9999 -9999 -9999 -9999 -9999 -9999 -9999 -9999 -9999 -9999 -9999 -9999 -9999 -9999 -9999 -9999 -9999 -9999 -9999 -9999 -9999 -9999 -9999 -9999 -9999 -9999 -9999 -9999 -9999 -9999 -9999 -9999 -9999 -9999 -9999 -9999 -9999 -9999 -9999 -9999 -9999 -9999 -9999 -9999 -9999 -9999 -9999 -9999 -9999 -9999 -9999 -9999 -9999 -9999 -9999
-9999 -9999 -9999 -9999 -9999 -9999 -9999 -9999 -9999 -9999 -9999 -9999 -9999 -9999 -9999 -9999 -9999 -9999 -9999 -9999 -9999 -9999 -9999 -9999 -9999 -9999 -9999 -9999 -9999 -9999 -9999 -9999 -9999 -9999 -9999 -9999 -9999 -9999 -9999 -9999 -9999 -9999 -9999 -9999 -9999 -9999 -9999 -9999 -9999 -9999 -9999 -9999 -9999 -9999 -9999 -9999 -9999 -9999 -9999 -9999 -9999 -9999 -9999 -9999 -9999 -9999 -9999 -9999 -9999 -9999 -9999 -9999 -9999 -9999 -9999 -9999 -9999 -9999 -9999 -9999 -9999 -9999
-9999 -9999 -9999 -9999 -9999 -9999 -9999 -9999 -9999 -9999 -9999 -9999 -9999 -9999 -9999 -9999 -9999 -9999 -9999 -9999 -9999 -9999 -9999 -9999 -9999 -9999 -9999 -9999 -9999 -9999 -9999 -9999 -9999 -9999 -9999 -9999 -9999 -9999 -9999 -9999 -9999 -9999 -9999 -9999 -9999 -9999 -9999 -9999 -9999 -9999 -9999 -9999 -9999 -9999 -9999 -9999 -9999 -9999 -9999 -9999 -9999 -9999 -9999 -9999 -9999 -9999 -9999 -9999 -9999 -9999 -9999 -9999 -9999 -9999 -9999 -9999 -9999 -9999 -9999 -9999 -9999 -9999
-9999 -9999 -9999 -9999 -9999 -9999 -9999 -9999 -9999 -9999 -9999 -9999 -9999 -9999 -9999 -9999 -9999 -9999 -9999 -9999 -9999 -9999 -9999 -9999 -9999 -9999 -9999 -9999 -9999 -9999 -9999 -9999 -9999 -9999 -9999 -9999 -9999 -9999 -9999 -9999 -9999 -9999 -9999 -9999 -9999 -9999 -9999 -9999 -9999 -9999 -9999 -9999 -9999 -9999 -9999 -9999 -9999 -9999 -9999 -9999 -9999 -9999 -9999 -9999 -9999 -9999 -9999 -9999 -9999 -9999 -9999 -9999 -9999 -9999 -9999 -9999 -9999 -9999 -9999 -9999 -9999 -9999
-9999 -9999 -9999 -9999 -9999 -9999 -9999 -9999 -9999 -9999 -9999 -9999 -9999 -9999 -9999 -9999 -9999 -9999 -9999 -9999 -9999 -9999 -9999 -9999 -9999 -9999 -9999 -9999 -9999 -9999 -9999 -9999 -9999 -9999 -9999 -9999 -9999 -9999 -9999 -9999 -9999 -9999 -9999 -9999 -9999 -9999 -9999 -9999 -9999 -9999 -9999 -9999 -9999 -9999 -9999 -9999 -9999 -9999 -9999 -9999 -9999 -9999 -9999 -9999 -9999 -9999 -9999 -9999 -9999 -9999 -9999 -9999 -9999 -9999 -9999 -9999 -9999 -9999 -9999 -9999 -9999 -9999
-9999 -9999 -9999 -9999 -9999 -9999 -9999 -9999 -9999 -9999 -9999 -9999 -9999 -9999 -9999 -9999 -9999 -9999 -9999 -9999 -9999 -9999 -9999 -9999 -9999 -9999 -9999 -9999 -9999 -9999 -9999 -9999 -9999 -9999 -9999 -9999 -9999 -9999 -9999 -9999 -9999 -9999 -9999 -9999 -9999 -9999 -9999 -9999 -9999 -9999 -9999 -9999 -9999 -9999 -9999 -9999 -9999 -9999 -9999 -9999 -9999 -9999 -9999 -9999 -9999 -9999 -9999 -9999 -9999 -9999 -9999 -9999 -9999 -9999 -9999 -9999 -9999 -9999 -9999 -9999 -9999 -9999
-9999 -9999 -9999 -9999 -9999 -9999 -9999 -9999 -9999 -9999 -9999 -9999 -9999 -9999 -9999 -9999 -9999 -9999 -9999 -9999 -9999 -9999 -9999 -9999 -9999 -9999 -9999 -9999 -9999 -9999 -9999 -9999 -9999 -9999 -9999 -9999 -9999 -9999 -9999 -9999 -9999 -9999 -9999 -9999 -9999 -9999 -9999 -9999 -9999 -9999 -9999 -9999 -9999 -9999 -9999 -9999 -9999 -9999 -9999 -9999 -9999 -9999 -9999 -9999 -9999 -9999 -9999 -9999 -9999 -9999 -9999 -9999 -9999 -9999 -9999 -9999 -9999 -9999 -9999 -9999 -9999 -9999
