Capas/FUTURO/Eje_30s/ASC/bio_07.asc
ncols         993
nrows         433
xllcorner     -105.25566776747
yllcorner     17.599810932142
cellsize      0.0083333333
NODATA_value  -9999
[rows 39 to 77 of 433, columns 88 to 175 of 993]
223 224 224 224 225 225 226 226 226 226 227 227 228 228 228 229 229 229 230 229 230 230 230 230 231 231 231 233 234 233 234 234 235 235 236 236 236 236 237 237 237 238 238 238 239 239 240 240 241 241 240 241 241 241 242 242 243 243 244 245 245 245 245 245 246 245 246 247 246 247 247 247 248 248 248 248 248 248 248 248 248 249 249 250 250 250 250 250
223 223 223 224 224 225 225 226 226 226 227 227 228 228 228 229 229 229 229 229 229 229 230 231 231 232 232 234 234 234 234 235 235 235 236 236 236 236 237 237 238 238 238 239 240 239 241 241 241 241 241 242 242 242 242 243 243 244 243 245 245 245 246 246 246 246 247 247 246 247 248 248 249 249 248 248 249 248 248 248 248 249 250 251 251 250 250 250
223 223 224 224 224 224 225 226 226 226 227 227 227 227 228 229 229 230 230 230 230 229 230 231 231 231 231 233 234 233 235 235 235 236 236 236 236 237 237 238 237 238 239 239 239 240 240 241 241 241 241 242 243 243 243 244 243 244 245 245 245 245 245 246 246 246 247 247 247 247 248 249 248 249 249 249 248 249 249 249 249 249 249 250 251 251 251 251
223 223 224 224 224 224 225 225 225 226 227 227 228 227 228 229 229 229 230 230 230 229 230 230 231 231 232 234 234 234 235 234 235 236 236 236 237 237 238 238 238 239 239 239 240 240 240 241 241 241 242 242 243 243 244 243 243 244 244 246 245 246 246 246 246 246 247 247 248 247 248 249 248 249 249 249 249 249 249 249 249 250 249 251 250 251 251 251
222 223 223 224 224 225 225 225 225 226 227 227 227 227 227 228 229 229 230 229 230 229 229 230 231 231 232 232 233 234 234 235 235 235 236 236 236 237 238 238 239 238 239 240 240 240 240 241 241 242 242 242 242 244 243 243 243 243 245 245 245 246 246 246 246 246 247 247 247 248 248 249 249 249 250 250 250 249 249 249 250 250 250 251 251 251 251 251
222 222 223 223 224 224 224 225 226 226 226 226 227 227 227 228 229 229 228 229 229 230 230 230 231 231 232 233 234 234 234 235 235 236 235 236 237 237 237 238 238 239 240 239 240 240 240 242 241 242 242 242 242 243 244 243 243 243 244 246 245 245 246 246 246 246 247 247 247 247 248 249 249 250 250 250 250 250 250 250 251 251 250 251 251 251 251 251
222 222 223 223 223 223 225 225 225 226 226 227 227 227 228 228 229 228 229 229 229 230 230 231 231 232 232 233 235 234 235 235 235 236 236 236 236 237 237 238 239 239 240 240 240 240 240 241 242 241 242 242 242 243 243 243 243 244 245 246 245 246 247 247 246 247 247 247 247 248 249 249 250 250 250 250 250 251 250 249 251 251 251 251 252 251 251 251
222 222 223 222 223 223 225 225 225 225 226 226 227 227 227 227 228 229 229 229 230 230 232 232 231 233 232 233 235 235 235 235 235 236 236 237 236 238 238 239 239 239 240 239 240 241 241 242 241 242 242 242 243 242 243 243 243 245 244 246 246 247 246 246 246 247 247 247 247 248 248 249 250 250 250 250 251 251 250 251 251 251 252 251 253 252 251 252
222 222 223 222 223 224 224 224 225 225 226 226 226 227 227 227 228 228 229 230 230 231 232 232 233 233 233 234 235 235 236 235 235 236 236 237 237 238 239 239 239 240 239 240 240 241 241 241 242 242 242 242 243 243 242 243 243 244 244 245 246 246 246 246 247 247 247 248 248 248 249 250 250 251 250 251 251 251 251 251 253 252 252 252 252 252 252 252
221 222 222 222 223 223 223 225 225 225 225 226 226 226 227 227 227 229 229 230 231 231 232 232 234 234 234 234 234 236 236 236 236 236 237 237 238 238 238 238 239 240 240 240 240 241 241 242 242 242 242 243 243 242 243 243 243 245 245 245 246 247 247 247 247 247 248 247 249 248 248 250 250 250 251 251 251 251 251 252 253 254 253 252 253 253 252 252
221 222 222 223 223 224 224 224 224 225 225 225 226 226 227 227 227 228 228 229 230 231 231 232 234 234 234 235 235 236 236 236 237 236 237 237 237 238 239 238 239 239 239 240 239 241 240 242 242 243 242 243 242 243 243 243 244 245 245 245 247 247 247 246 247 247 248 248 248 248 249 250 250 250 250 251 252 252 251 253 253 253 253 253 254 253 253 253
220 221 222 222 223 223 224 224 224 225 225 226 226 226 227 227 228 228 229 229 230 230 231 232 233 234 234 235 235 236 237 236 237 237 236 237 238 237 239 239 238 239 239 239 239 240 241 242 242 242 243 243 242 243 243 243 244 245 245 246 246 247 246 246 247 248 247 248 248 248 249 249 250 250 250 251 252 252 252 253 254 253 253 253 252 254 253 252
221 221 222 222 223 224 224 224 225 224 225 226 226 226 226 226 227 228 228 228 229 229 230 232 232 233 234 235 235 237 237 237 237 238 237 238 237 238 238 238 238 239 239 240 240 240 241 241 242 242 242 243 243 243 243 244 243 245 245 245 246 247 247 247 247 248 248 248 248 248 249 248 250 250 251 251 252 251 252 253 253 253 254 253 252 253 253 253
220 221 222 222 223 223 224 224 225 225 225 226 226 226 226 227 227 227 228 228 229 230 230 232 233 233 233 235 235 236 237 236 237 237 237 237 238 238 238 239 239 239 239 240 240 241 240 241 242 242 242 243 243 244 244 244 244 245 246 245 246 247 247 247 247 247 248 248 249 248 248 248 249 250 250 251 251 251 251 253 253 253 253 253 253 254 253 253
220 221 221 222 223 224 224 224 224 226 226 226 227 226 226 226 227 227 228 228 229 229 230 232 232 233 233 234 234 237 236 237 236 237 237 237 237 238 239 239 239 240 240 240 240 240 241 240 242 242 243 243 243 244 244 244 245 246 246 246 247 247 247 247 247 247 248 248 249 248 248 249 250 250 250 251 251 251 252 253 252 252 253 253 252 253 254 253
219 220 221 222 223 223 224 224 225 225 225 226 227 227 227 226 227 227 227 228 229 229 231 231 231 232 233 233 234 236 236 237 238 238 237 238 237 238 238 239 240 240 240 240 240 240 241 241 242 243 243 244 244 244 244 245 246 246 246 247 247 247 247 247 248 247 248 248 248 248 248 248 250 249 250 251 250 251 251 252 253 252 253 252 252 253 253 253
219 220 221 221 222 222 224 224 225 224 225 226 227 226 226 227 227 227 227 227 228 229 230 231 231 232 233 233 234 234 236 237 237 237 238 238 239 239 239 238 239 239 240 240 240 241 241 241 243 244 244 244 245 245 244 245 247 248 247 246 247 247 247 247 247 247 248 248 248 248 248 248 250 250 250 250 250 250 251 252 252 252 252 252 252 253 253 253
220 220 220 221 222 222 223 224 224 225 225 225 226 227 226 227 226 227 227 228 227 229 230 231 232 232 233 233 234 235 236 237 237 238 237 238 238 238 238 239 239 240 241 241 241 241 242 242 243 244 244 245 245 246 246 245 247 247 246 247 247 248 248 247 247 247 247 247 248 248 248 248 250 250 250 250 251 250 251 251 252 252 251 252 251 252 253 252
219 220 220 221 222 222 224 223 225 225 225 226 226 226 226 226 226 227 227 228 228 228 230 231 231 231 233 233 234 234 237 237 237 238 238 239 239 238 239 239 239 241 242 241 243 243 242 241 243 244 244 245 245 246 246 246 248 248 247 247 248 247 247 247 247 248 248 247 248 248 248 248 249 250 250 250 250 250 252 252 252 251 251 252 252 252 252 252
219 220 221 221 222 223 223 224 224 225 225 225 226 225 226 226 227 227 227 229 228 229 230 230 230 232 232 233 234 234 236 236 237 237 238 238 238 239 239 239 240 241 243 243 243 244 244 242 243 244 245 245 245 245 246 246 248 247 247 247 248 247 247 247 247 248 247 247 248 248 248 248 249 250 250 249 250 251 251 251 251 251 252 251 252 253 253 253
219 219 221 221 222 223 223 223 224 224 224 226 226 226 226 227 226 226 228 228 229 230 230 230 230 231 232 232 233 233 235 235 236 237 238 237 237 238 238 239 240 242 243 243 244 244 244 244 244 244 245 245 244 246 245 246 247 246 246 246 247 247 247 247 247 248 247 248 248 248 248 248 249 250 250 249 250 251 251 251 251 251 252 252 252 253 253 253
218 218 220 221 222 222 223 223 224 224 225 225 226 226 227 227 227 226 228 228 230 231 230 230 231 230 231 232 232 232 234 235 235 236 237 236 237 238 238 239 240 240 242 242 242 242 243 243 245 244 244 245 245 245 245 247 247 246 246 246 246 247 247 247 247 248 247 248 248 248 248 248 250 249 249 249 250 251 251 251 251 251 251 251 251 253 252 253
218 218 220 220 221 222 222 223 223 224 224 225 225 226 227 226 226 226 228 229 230 230 231 230 230 231 231 232 232 233 234 234 235 236 236 236 238 238 239 239 240 241 241 242 242 242 242 243 244 245 245 245 246 245 246 247 247 246 246 246 247 247 247 247 248 247 247 248 247 248 248 248 249 249 249 249 249 251 251 251 251 251 252 252 252 253 252 252
217 218 219 220 221 221 221 222 223 223 224 225 226 226 226 226 227 226 227 229 229 230 230 230 231 231 231 231 232 232 233 234 235 235 236 236 237 238 238 239 240 241 241 242 242 242 242 242 244 244 244 245 246 245 246 246 246 246 246 245 247 248 247 247 247 247 247 247 248 248 248 248 249 250 249 249 251 251 251 251 251 251 251 251 251 252 253 252
217 217 218 220 220 221 222 222 222 223 224 225 225 226 226 226 227 227 229 230 229 229 230 230 231 232 231 231 232 232 233 233 235 236 236 238 237 237 238 239 241 241 241 242 241 241 242 242 243 244 246 247 246 245 245 246 246 246 247 247 247 248 247 247 247 248 248 248 248 248 248 249 250 249 250 250 251 250 251 251 251 251 251 251 251 252 252 252
217 218 218 219 219 220 221 222 222 222 224 224 225 226 226 227 227 228 229 229 229 229 230 230 232 232 231 231 231 232 233 235 236 236 237 237 238 238 238 239 239 240 240 241 241 241 241 242 244 244 246 247 246 245 245 247 247 247 246 246 248 247 247 247 247 248 248 248 248 248 248 248 249 250 250 249 251 250 251 251 251 251 251 251 252 253 252 252
216 216 217 219 219 220 221 221 222 222 223 224 225 225 226 227 228 228 228 229 230 230 230 231 231 230 231 231 232 232 234 235 236 237 237 238 238 238 238 239 240 239 240 240 241 241 242 242 243 244 245 247 247 247 247 248 248 247 247 247 248 247 248 248 247 247 248 248 248 248 248 248 250 249 249 251 251 250 251 250 251 251 251 251 251 252 252 253
216 217 217 218 218 219 220 221 222 222 222 224 224 225 226 227 227 228 228 229 230 230 231 231 231 231 231 231 232 232 234 235 236 237 238 238 238 239 239 240 240 240 240 241 241 241 242 241 244 244 245 246 246 246 248 248 247 247 247 247 249 247 248 247 248 247 248 247 248 248 248 248 249 250 249 251 251 250 251 250 251 251 251 251 251 252 252 252
215 217 217 218 218 219 220 220 220 221 222 223 224 226 227 226 228 228 228 230 230 231 231 231 230 231 231 232 231 232 234 235 236 237 238 238 238 238 239 240 240 240 241 241 241 241 241 242 243 244 245 244 245 246 248 248 247 248 248 247 247 248 248 248 248 248 248 248 248 249 249 248 249 249 249 251 250 250 251 250 251 251 251 251 251 252 252 252
215 216 217 217 218 218 219 220 221 222 223 224 224 225 225 226 227 227 229 229 230 231 231 230 231 231 232 232 232 232 234 235 236 236 236 237 238 238 239 239 239 240 241 240 241 241 241 241 243 244 244 244 244 245 247 246 246 247 247 248 248 250 249 249 249 249 248 248 248 248 248 248 249 250 251 251 250 250 251 251 251 251 251 251 251 252 252 252
217 216 216 217 218 218 220 221 221 222 223 223 224 225 225 226 227 228 228 229 230 230 230 231 232 232 232 232 231 233 234 235 235 236 237 237 237 237 237 238 239 240 240 241 241 242 243 242 244 245 244 243 244 245 246 245 246 247 247 248 250 251 250 249 249 249 250 249 248 248 248 248 250 249 250 250 250 250 250 251 250 251 251 251 251 252 252 252
216 217 217 218 219 219 220 220 221 223 222 223 224 224 225 226 227 227 229 229 230 230 230 231 232 232 232 233 233 233 233 234 234 234 235 236 236 238 237 237 238 239 240 242 242 242 242 242 244 244 244 243 243 245 245 246 247 247 246 248 250 251 251 251 249 250 251 250 249 249 249 249 249 250 250 250 250 251 251 251 250 251 251 251 251 252 252 252
215 216 217 217 218 219 220 221 221 222 223 223 224 224 225 226 227 228 228 228 229 230 230 232 233 233 233 233 233 234 234 234 234 234 235 235 236 237 237 237 238 238 239 240 241 241 241 243 243 244 243 243 243 245 245 245 246 246 246 247 249 250 250 251 251 250 250 249 249 250 249 249 250 250 250 251 251 250 251 251 251 250 251 250 251 252 252 252
215 216 216 217 218 218 220 220 221 222 222 224 224 225 225 225 226 227 227 228 229 229 230 231 232 233 233 233 233 234 234 233 233 235 235 236 236 236 237 237 237 238 238 239 240 241 241 241 243 243 244 244 244 245 245 244 245 245 246 246 248 249 249 249 250 249 249 249 248 249 249 250 250 250 250 250 250 250 250 250 251 250 251 250 250 252 252 252
215 215 216 217 218 218 219 220 220 221 222 223 224 224 224 225 226 226 227 227 228 230 230 231 231 233 234 233 234 234 235 233 234 234 234 235 235 236 237 237 238 238 238 239 240 240 240 241 242 243 242 243 244 245 245 244 245 245 245 246 246 247 248 248 249 249 248 248 248 248 249 250 250 250 250 251 250 250 251 251 250 250 250 251 251 252 251 252
215 215 216 217 217 218 219 219 220 221 222 223 224 224 225 225 226 226 227 228 228 229 230 230 231 232 232 233 233 234 235 234 234 234 235 235 236 236 236 237 237 237 238 238 239 239 240 241 241 242 242 243 245 245 245 244 244 245 245 245 246 246 246 248 247 248 247 247 248 247 249 249 250 249 250 250 250 250 250 250 250 250 251 251 252 251 252 252
214 215 215 216 218 217 218 219 220 220 221 223 223 224 224 225 225 226 227 227 228 229 229 230 230 231 231 232 234 235 235 235 235 234 236 235 235 236 236 237 237 237 238 238 239 239 239 240 241 242 241 242 244 244 244 244 244 244 245 244 246 246 246 246 246 247 247 247 247 247 247 249 249 250 250 250 249 250 250 250 250 250 250 250 252 252 252 252
214 215 215 216 217 218 218 219 219 221 221 222 223 223 224 225 225 225 226 227 227 228 229 229 230 231 231 232 232 235 235 235 235 235 235 236 236 237 236 237 237 238 238 238 239 239 240 241 241 241 241 242 243 243 243 243 244 245 244 245 246 246 246 246 246 246 247 247 247 247 247 248 249 249 249 249 250 250 250 250 250 250 250 250 251 251 251 252
214 214 215 216 217 217 218 219 219 220 221 222 222 223 223 224 225 225 226 227 227 228 228 230 230 230 231 231 233 235 235 235 236 235 235 235 237 237 237 237 238 237 238 238 238 238 238 240 241 241 241 242 242 243 244 244 244 244 244 245 246 246 246 246 246 247 247 247 247 247 247 249 249 249 249 249 249 250 250 250 250 250 250 250 251 251 251 251
