Capas/FUTURO/Eje_30s/ASC/bio_17.asc
ncols         993
nrows         433
xllcorner     -105.25566776747
yllcorner     17.599810932142
cellsize      0.0083333333
NODATA_value  -9999
[rows 117 to 155 of 433, columns 528 to 615 of 993]
256 254 254 254 256 256 258 258 259 259 259 255 255 256 264 275 287 303 322 343 362 379 394 404 414 420 421 420 419 415 408 401 393 383 374 364 355 343 332 323 319 317 311 307 304 305 307 309 314 319 324 329 335 341 345 350 352 352 352 349 348 345 342 342 341 342 345 348 351 355 358 363 365 368 369 367 367 366 364 359 354 352 347 345 342 340 339 339
261 261 262 263 266 268 271 272 271 270 270 267 265 266 270 280 292 306 323 344 362 379 394 407 417 422 425 427 426 423 417 409 401 392 382 373 362 352 337 329 324 319 312 307 305 305 306 308 311 316 319 324 330 334 338 342 343 344 342 341 339 336 334 334 336 337 339 343 346 351 354 358 360 363 365 366 366 366 364 361 359 356 353 350 348 345 346 345
270 270 271 274 277 280 284 287 287 287 284 280 275 274 277 286 294 309 325 342 360 377 392 405 416 422 428 430 431 428 424 416 407 399 389 379 368 358 343 335 328 321 315 309 307 306 306 305 308 312 316 321 325 329 332 336 336 337 335 333 332 329 328 327 329 331 335 338 341 346 350 353 356 358 362 363 365 365 365 364 362 359 359 357 355 353 353 352
277 277 279 286 291 295 298 302 306 304 302 296 289 285 287 291 298 309 324 339 355 373 387 399 411 420 425 430 431 430 425 418 411 403 393 383 373 361 346 337 329 323 316 311 308 307 303 301 305 307 312 317 322 326 330 331 333 330 327 324 324 322 321 321 323 325 328 334 339 342 345 350 354 356 358 362 365 365 366 366 366 364 364 363 361 361 359 359
285 286 289 296 304 311 317 322 324 323 320 313 305 296 296 297 301 310 322 335 351 365 379 392 402 411 419 426 428 427 422 417 411 403 394 383 374 361 345 335 328 320 313 309 307 304 301 299 302 307 313 317 321 325 329 330 329 325 321 318 318 316 315 315 317 321 326 330 336 340 343 348 351 356 357 360 363 367 368 369 368 368 367 366 367 366 366 364
290 293 299 309 318 327 335 339 343 341 337 329 318 308 301 300 302 309 317 330 344 357 370 381 393 402 410 416 419 419 417 413 408 400 392 381 372 359 344 332 323 317 311 308 306 304 300 300 301 307 314 319 322 327 330 331 328 325 321 317 314 313 312 312 314 317 322 327 333 338 342 347 350 354 356 360 363 367 369 369 370 370 371 372 373 372 372 371
291 296 305 316 329 341 350 356 359 357 352 343 329 312 301 297 298 306 313 325 336 348 360 371 381 390 397 403 407 408 408 405 400 394 387 376 365 356 345 334 323 316 311 309 306 303 300 299 302 307 314 321 326 329 333 334 333 331 328 322 315 310 310 310 312 314 319 326 331 337 342 346 351 353 358 359 364 367 369 371 371 373 374 374 376 377 377 376
290 297 308 321 336 351 360 368 370 369 361 351 337 314 301 294 295 302 309 319 329 338 349 359 368 376 383 389 392 394 394 393 390 386 374 364 356 352 346 337 326 317 312 310 305 303 302 304 307 312 319 325 329 335 339 343 342 341 337 329 321 313 311 311 311 314 318 323 330 334 340 345 350 353 357 359 363 366 369 371 372 373 375 377 378 379 379 379
290 296 307 322 338 353 365 371 373 372 365 354 334 314 302 294 292 297 305 313 322 329 339 348 357 364 370 374 378 380 381 382 378 374 364 355 349 345 339 333 322 314 311 308 304 304 307 309 312 319 324 330 337 343 349 352 354 351 347 341 331 321 314 314 312 313 316 321 327 332 337 344 347 350 354 358 361 365 367 369 370 372 375 377 378 379 380 380
288 294 304 318 332 349 360 367 370 368 361 348 329 312 301 294 293 296 300 308 316 322 329 336 346 352 357 361 365 369 370 369 368 364 357 353 344 336 331 326 317 309 306 306 306 308 311 314 318 322 328 337 344 352 360 364 366 365 360 352 343 330 321 318 316 315 316 319 324 329 334 338 344 345 350 354 358 360 364 365 367 369 373 375 377 379 379 379
286 291 298 310 324 338 349 357 359 358 348 333 320 308 297 292 292 294 298 305 309 316 321 327 332 338 343 346 353 354 358 358 355 352 349 346 340 330 322 316 310 305 303 303 306 309 313 316 321 324 332 342 352 362 371 376 380 378 373 367 355 344 333 325 322 319 318 318 320 325 329 332 336 342 344 349 352 356 356 358 362 365 368 373 375 377 378 377
285 289 294 303 312 326 335 343 346 339 330 321 310 301 294 289 290 292 297 302 308 311 316 321 326 328 329 332 338 344 345 346 342 337 335 335 331 321 314 309 306 304 304 304 306 310 313 317 322 328 336 347 359 371 380 389 393 392 387 379 370 358 345 335 328 323 320 318 319 319 323 326 330 332 338 342 345 348 351 351 356 360 365 367 371 372 373 373
284 286 289 295 304 312 320 326 327 321 316 310 303 295 289 289 289 290 294 299 304 307 312 317 322 322 322 324 328 334 336 336 333 328 323 320 317 313 310 308 305 304 304 305 307 309 312 317 323 329 340 351 365 378 390 399 403 403 400 394 383 372 359 349 339 328 322 320 316 316 317 317 321 324 329 332 338 339 343 345 350 355 361 364 366 366 368 369
287 283 283 289 295 301 307 312 310 307 304 298 294 289 286 285 286 288 293 298 301 304 308 313 316 316 315 316 321 327 328 326 322 318 315 311 307 306 306 304 301 301 301 302 304 308 310 316 321 330 342 354 368 382 397 407 412 415 411 405 397 386 373 361 350 339 325 317 315 313 311 311 312 316 319 324 329 332 337 339 344 349 353 357 359 361 362 364
294 287 282 282 287 293 296 299 298 295 292 289 288 285 283 282 285 289 292 295 299 302 306 307 308 308 308 309 313 317 318 315 311 308 306 302 302 299 298 297 295 295 297 298 300 304 310 314 321 329 342 354 369 384 397 410 416 421 420 416 408 398 387 374 360 347 333 319 312 307 305 303 305 309 313 317 320 325 328 333 337 341 347 348 351 353 356 358
308 295 287 282 282 284 285 287 287 286 284 283 282 280 280 281 284 288 292 294 297 302 303 303 304 303 304 305 306 307 307 304 301 300 299 300 298 296 292 290 292 294 296 295 297 300 306 311 319 328 339 352 367 381 395 409 419 426 427 424 418 409 398 385 371 356 340 326 316 309 304 301 301 302 305 310 313 317 322 326 330 334 337 342 345 345 347 351
326 308 295 286 281 279 278 280 280 280 279 279 279 278 278 279 282 285 289 291 294 299 300 299 298 299 300 301 300 300 299 297 295 295 295 296 295 290 288 286 290 292 293 293 293 296 301 309 315 323 334 346 361 376 392 405 418 428 431 431 427 420 408 395 379 365 350 335 320 312 306 302 301 299 302 305 308 310 315 320 324 327 330 334 338 339 341 344
335 321 305 291 285 280 277 277 277 277 277 276 276 277 278 278 280 284 286 289 292 295 296 295 296 297 297 297 295 295 294 293 291 291 291 290 289 286 285 283 285 287 287 288 288 292 297 303 309 317 328 340 353 369 385 400 415 427 434 436 433 425 417 401 387 371 357 341 328 318 310 304 302 300 301 304 307 308 311 315 317 320 324 328 332 333 335 337
342 327 310 298 290 285 282 279 278 276 276 276 277 277 277 277 280 282 284 287 289 292 292 293 296 294 295 293 292 290 290 289 288 288 286 286 286 286 286 284 283 284 282 283 286 289 292 298 305 312 320 333 345 360 376 394 408 422 429 434 434 427 420 406 393 378 363 348 335 322 314 307 304 303 304 305 307 308 310 314 317 319 322 325 328 330 333 334
347 331 315 305 298 291 286 284 281 279 278 277 277 277 277 277 279 280 284 285 290 290 291 293 294 292 291 289 289 288 288 288 286 285 283 283 285 288 290 287 283 281 280 280 281 286 290 294 301 308 315 327 338 352 369 384 400 414 423 430 431 428 421 409 398 382 368 355 342 331 321 313 308 306 307 309 309 310 313 317 321 324 325 326 328 330 331 331
348 335 324 313 305 300 295 290 285 284 282 280 279 279 278 278 281 282 283 285 288 289 290 291 291 290 290 289 288 288 287 287 286 284 282 283 283 287 288 288 284 282 280 280 281 285 288 292 296 305 310 318 331 344 360 375 391 405 417 424 427 427 423 413 401 386 371 360 348 337 328 320 315 312 312 313 313 313 317 321 324 327 330 330 330 332 332 332
353 344 334 325 318 309 304 298 293 290 286 284 281 281 280 281 283 284 284 283 286 288 290 291 289 290 290 289 290 289 290 288 287 285 284 283 283 284 286 285 284 282 281 280 281 284 286 291 295 301 307 314 325 338 352 366 380 397 410 420 425 426 424 414 404 393 378 364 352 343 334 327 324 320 319 318 318 318 321 325 328 331 334 335 336 338 336 335
364 358 351 343 332 323 315 308 302 296 292 288 285 283 281 283 283 285 286 286 288 289 291 293 295 295 294 294 295 295 293 292 290 287 285 284 282 285 286 286 285 283 282 282 283 284 286 288 293 298 305 312 323 336 347 363 378 393 404 418 423 425 423 417 408 398 386 372 362 351 342 336 330 328 325 324 324 327 328 329 333 337 341 343 346 345 342 338
377 371 366 360 348 337 328 321 312 305 300 294 289 286 284 283 284 289 293 292 290 292 295 299 302 303 302 301 302 302 300 298 294 291 290 287 286 287 288 286 285 283 283 282 283 285 286 288 290 295 303 310 320 332 344 361 375 392 405 416 422 427 426 421 412 403 392 381 371 362 352 346 340 336 334 333 334 334 334 336 339 343 346 350 353 355 353 348
387 384 377 371 364 352 341 333 325 315 307 301 296 291 288 287 290 297 301 300 297 297 298 302 309 313 311 312 313 313 309 305 301 297 294 292 289 288 289 287 286 284 283 283 284 285 285 286 290 294 301 308 319 331 342 358 373 390 404 415 423 428 429 428 421 410 399 388 379 370 361 357 353 347 343 343 342 340 339 340 345 348 353 358 362 364 364 360
396 391 387 382 373 365 354 345 336 326 316 308 302 298 294 293 297 301 306 307 303 303 305 311 319 323 325 326 326 326 321 313 308 305 299 295 294 290 290 289 287 285 285 284 284 285 285 286 289 294 299 307 317 327 341 357 374 390 404 417 428 432 433 433 427 417 407 396 385 378 370 364 360 355 350 348 346 345 342 343 348 352 359 366 370 373 374 372
399 394 391 386 381 374 366 358 346 337 327 318 312 305 300 299 301 308 310 312 312 314 317 322 329 333 336 339 338 337 329 323 318 314 308 301 298 296 293 291 289 287 286 287 287 286 287 287 291 294 299 307 315 328 340 355 372 389 405 417 429 434 439 439 432 422 411 401 391 382 375 372 367 361 356 350 349 346 344 345 351 355 363 369 377 381 383 384
394 391 388 385 382 377 373 366 358 347 339 330 323 316 311 307 308 312 316 319 323 329 333 338 341 345 348 350 349 348 344 338 331 326 318 312 308 302 299 295 292 291 291 291 291 292 293 292 292 296 302 309 317 327 340 353 370 387 403 416 427 435 439 438 432 424 413 403 392 382 377 371 366 362 357 352 350 348 349 353 355 360 366 374 383 388 394 395
381 378 376 375 376 377 374 370 366 358 350 343 336 330 323 319 319 326 330 333 335 341 347 353 356 360 362 362 363 360 357 350 347 339 331 323 317 311 303 299 297 294 296 297 297 298 298 296 296 299 305 314 322 330 340 354 368 386 400 413 424 433 436 435 431 422 411 401 390 381 374 366 362 358 355 352 352 352 352 355 356 361 369 377 389 395 402 405
367 364 363 362 364 368 372 371 369 366 361 356 350 343 337 334 338 340 342 345 348 354 360 366 371 374 378 376 375 372 365 358 352 344 334 328 322 315 308 304 301 299 299 300 303 302 302 298 298 301 306 316 324 330 340 353 366 381 394 408 419 427 429 427 423 414 405 395 385 376 367 360 353 350 350 350 351 351 354 355 358 363 370 378 388 399 407 411
353 353 355 358 358 359 363 367 371 371 371 368 363 357 353 350 351 351 354 358 365 369 375 380 385 386 388 389 385 379 374 369 359 352 344 337 330 322 315 309 306 305 304 305 305 305 304 300 299 301 307 315 324 330 340 349 361 373 387 400 410 416 421 419 413 406 395 384 375 364 357 351 343 342 346 347 348 349 350 353 357 361 368 376 387 397 409 414
343 346 352 357 359 358 361 366 372 375 375 375 374 371 367 362 360 363 367 373 380 384 391 396 398 399 400 397 393 385 383 375 369 362 354 347 339 329 321 316 312 311 310 310 310 307 304 301 300 302 307 314 322 328 336 345 356 367 379 390 398 403 407 406 401 396 386 374 362 351 345 339 338 340 343 343 345 346 347 350 355 358 365 373 382 392 404 411
333 338 346 349 353 356 360 365 372 375 379 382 382 381 378 375 375 377 381 388 396 401 407 411 413 414 410 405 400 395 390 384 375 368 359 350 341 332 326 323 319 317 316 316 312 311 307 304 301 303 307 312 317 326 331 342 352 362 371 381 387 392 393 393 388 383 375 361 347 337 333 332 334 337 338 339 340 342 343 346 351 355 359 365 374 384 394 402
321 328 337 342 345 348 356 362 367 374 379 384 388 389 390 389 391 392 396 403 410 416 420 423 426 425 421 417 409 404 397 389 382 374 364 355 346 340 334 331 326 324 323 321 318 314 311 308 307 306 308 311 318 325 330 340 347 356 363 370 376 379 380 377 372 366 356 345 335 329 326 327 332 331 333 335 336 337 339 343 344 349 352 357 364 372 381 388
313 320 331 336 337 339 349 358 363 372 379 385 392 395 398 399 402 407 411 415 422 427 431 434 438 437 434 426 418 410 405 396 389 380 372 366 357 349 344 342 337 332 331 329 324 321 318 318 317 317 316 315 320 326 330 337 343 349 355 363 367 368 368 361 356 351 344 334 327 324 321 323 326 327 330 330 331 331 332 334 338 341 343 347 352 358 366 371
308 312 319 323 325 332 343 352 361 368 378 385 394 401 406 411 414 419 426 430 433 437 440 443 444 440 436 431 424 418 412 405 396 389 382 374 368 360 356 350 345 343 341 336 333 331 329 325 323 323 322 319 320 322 326 331 336 341 348 353 356 358 358 349 344 340 331 326 321 319 317 316 319 323 325 327 328 329 329 330 331 333 336 337 342 346 351 358
307 310 313 316 320 327 340 348 356 365 375 385 397 406 413 420 428 433 440 443 444 447 447 446 444 439 436 430 424 418 412 408 400 390 384 379 373 367 362 358 353 350 347 342 339 336 332 328 324 323 322 320 317 319 322 325 328 331 335 340 347 350 347 341 332 326 321 318 316 312 311 310 312 315 318 321 323 325 325 324 324 325 327 329 331 333 336 343
308 310 313 316 321 327 338 346 354 363 374 385 399 411 421 431 442 448 452 453 452 450 449 447 442 438 432 426 421 415 409 408 401 392 389 382 378 374 370 365 361 358 353 349 345 339 336 329 323 321 321 321 318 317 320 321 322 324 326 330 333 340 342 336 323 318 314 314 311 308 305 305 307 310 313 315 317 319 319 318 318 318 319 319 319 319 321 328
311 314 317 320 323 330 337 343 351 361 374 386 400 415 427 439 448 454 458 460 458 454 451 445 439 435 428 422 416 410 406 404 399 395 391 388 385 381 379 375 370 364 359 354 349 343 337 328 325 322 320 322 318 317 319 319 319 319 320 320 326 332 336 330 319 313 312 310 308 305 304 303 304 306 309 310 311 312 315 316 315 312 310 309 307 308 309 313
