Capas/FUTURO/Eje_30s/ASC/bio_13.asc
ncols         993
nrows         433
xllcorner     -105.25566776747
yllcorner     17.599810932142
cellsize      0.0083333333
NODATA_value  -9999
[rows 72 to 107 of 433, columns 0 to 81 of 993]
-9999 -9999 -9999 -9999 -9999 -9999 -9999 -9999 -9999 -9999 -9999 -9999 -9999 -9999 -9999 -9999 -9999 4685 4673 4661 4614 4554 4480 4404 4333 4270 4222 4191 4177 4182 4195 4221 4265 4286 4267 4201 4078 3926 3713 3498 3311 3139 2990 2906 2819 2780 2791 2792 2827 2865 2900 2930 3001 3082 3109 3153 3178 3205 3203 3220 3236 3269 3267 3226 3183 3203 3235 3258 3301 3345 3362 3388 3389 3402 3360 3336 3278 3233 3197 3196 3201 3213
-9999 -9999 -9999 -9999 -9999 -9999 -9999 -9999 -9999 -9999 -9999 -9999 -9999 -9999 -9999 -9999 -9999 4615 4559 4504 4438 4362 4280 4201 4131 4073 4026 4001 3996 4005 4018 4053 4111 4153 4172 4150 4069 3936 3764 3531 3324 3137 2983 2873 2788 2739 2729 2725 2761 2804 2814 2855 2927 2979 3027 3054 3065 3081 3095 3151 3178 3200 3183 3176 3130 3150 3208 3247 3292 3320 3346 3383 3405 3409 3380 3328 3283 3243 3216 3200 3193 3187
-9999 -9999 -9999 -9999 -9999 -9999 -9999 -9999 -9999 -9999 -9999 -9999 -9999 -9999 -9999 -9999 -9999 4602 4522 4444 4352 4248 4140 4043 3964 3895 3843 3815 3810 3819 3834 3872 3933 3993 4043 4070 4028 3939 3795 3584 3371 3152 2995 2850 2758 2713 2681 2681 2702 2751 2756 2784 2850 2890 2929 2929 2934 2980 3011 3059 3098 3101 3072 3071 3078 3121 3167 3217 3256 3306 3343 3372 3393 3401 3377 3304 3262 3237 3221 3208 3194 3182
-9999 -9999 -9999 -9999 -9999 -9999 -9999 -9999 -9999 -9999 -9999 -9999 -9999 -9999 -9999 -9999 -9999 -9999 4547 4467 4364 4235 4086 3959 3860 3770 3701 3664 3652 3656 3671 3707 3768 3835 3915 3977 3982 3924 3798 3613 3392 3161 3004 2873 2763 2705 2666 2656 2662 2699 2729 2752 2787 2815 2817 2830 2850 2897 2928 2966 3012 3022 3008 2974 2991 3074 3123 3175 3234 3294 3313 3358 3363 3363 3346 3287 3238 3222 3220 3213 3202 3185
-9999 -9999 -9999 -9999 -9999 -9999 -9999 -9999 -9999 -9999 -9999 -9999 -9999 -9999 -9999 -9999 -9999 -9999 4572 4504 4399 4261 4090 3931 3805 3701 3613 3558 3531 3526 3534 3577 3634 3702 3789 3871 3910 3893 3801 3635 3437 3230 3053 2901 2791 2717 2674 2650 2644 2660 2687 2708 2727 2754 2758 2761 2795 2832 2868 2897 2924 2938 2951 2957 2964 3032 3085 3136 3199 3263 3296 3320 3317 3329 3311 3266 3221 3200 3219 3218 3207 3184
-9999 -9999 -9999 -9999 -9999 -9999 -9999 -9999 -9999 -9999 -9999 -9999 -9999 -9999 -9999 -9999 -9999 -9999 4586 4540 4443 4307 4132 3956 3802 3676 3576 3501 3457 3436 3438 3472 3527 3589 3674 3769 3830 3847 3805 3647 3471 3268 3085 2941 2829 2750 2697 2663 2645 2649 2661 2676 2694 2721 2733 2744 2757 2774 2792 2817 2838 2864 2880 2887 2916 2979 3040 3105 3146 3206 3226 3267 3296 3285 3256 3242 3223 3199 3211 3218 3210 3194
-9999 -9999 -9999 -9999 -9999 -9999 -9999 -9999 -9999 -9999 -9999 -9999 -9999 -9999 -9999 -9999 -9999 -9999 4578 4547 4475 4357 4206 4025 3851 3697 3579 3486 3420 3380 3369 3393 3445 3507 3574 3653 3745 3798 3786 3670 3516 3323 3149 3001 2893 2793 2726 2696 2663 2661 2671 2682 2695 2709 2714 2717 2715 2714 2725 2759 2770 2782 2794 2820 2894 2924 3017 3098 3130 3158 3198 3222 3209 3219 3224 3227 3227 3202 3204 3222 3208 3204
-9999 -9999 -9999 -9999 -9999 -9999 -9999 -9999 -9999 -9999 -9999 -9999 -9999 -9999 -9999 -9999 -9999 -9999 -9999 4542 4497 4406 4283 4131 3943 3768 3627 3514 3419 3354 3333 3347 3381 3435 3493 3551 3654 3740 3752 3672 3566 3407 3229 3068 2953 2839 2770 2736 2696 2691 2701 2716 2731 2737 2731 2713 2697 2685 2687 2696 2706 2744 2759 2778 2856 2895 2993 3056 3084 3116 3150 3136 3143 3156 3166 3189 3216 3212 3197 3204 3204 3213
-9999 -9999 -9999 -9999 -9999 -9999 -9999 -9999 -9999 -9999 -9999 -9999 -9999 -9999 -9999 -9999 -9999 -9999 -9999 4529 4499 4443 4356 4232 4071 3881 3716 3581 3456 3368 3324 3314 3330 3371 3428 3502 3601 3691 3736 3696 3589 3440 3316 3140 3012 2896 2801 2766 2744 2729 2751 2780 2805 2804 2788 2756 2723 2691 2676 2671 2683 2719 2741 2777 2829 2884 2944 2988 3020 3060 3088 3087 3097 3113 3116 3136 3180 3195 3186 3198 3200 3216
-9999 -9999 -9999 -9999 -9999 -9999 -9999 -9999 -9999 -9999 -9999 -9999 -9999 -9999 -9999 -9999 -9999 -9999 -9999 4514 4498 4468 4419 4331 4196 4032 3844 3677 3533 3405 3327 3294 3293 3317 3358 3438 3555 3661 3710 3674 3589 3478 3356 3203 3048 2949 2850 2789 2779 2789 2819 2847 2873 2898 2895 2842 2792 2743 2705 2674 2664 2677 2702 2735 2766 2832 2886 2929 2958 2999 3036 3036 3041 3063 3096 3117 3160 3173 3192 3196 3206 3228
-9999 -9999 -9999 -9999 -9999 -9999 -9999 -9999 -9999 -9999 -9999 -9999 -9999 -9999 -9999 -9999 -9999 -9999 -9999 4500 4491 4481 4461 4414 4313 4169 3999 3791 3607 3453 3347 3289 3267 3277 3318 3387 3502 3604 3686 3684 3632 3536 3410 3235 3084 2974 2873 2800 2789 2814 2861 2884 2915 2967 2997 2961 2890 2817 2754 2695 2678 2655 2667 2699 2747 2784 2851 2907 2949 2996 3011 3022 3026 3071 3117 3134 3150 3155 3183 3189 3223 3243
-9999 -9999 -9999 -9999 -9999 -9999 -9999 -9999 -9999 -9999 -9999 -9999 -9999 -9999 -9999 -9999 -9999 -9999 -9999 -9999 4470 4475 4481 4468 4405 4291 4133 3925 3706 3517 3391 3300 3256 3259 3296 3362 3469 3593 3692 3725 3685 3594 3451 3276 3114 2988 2902 2837 2790 2803 2870 2917 2953 3025 3057 3062 2998 2916 2840 2771 2713 2672 2669 2693 2730 2782 2849 2893 2947 3002 3041 3042 3069 3102 3102 3092 3112 3133 3144 3172 3216 3248
-9999 -9999 -9999 -9999 -9999 -9999 -9999 -9999 -9999 -9999 -9999 -9999 -9999 -9999 -9999 -9999 -9999 -9999 -9999 -9999 4437 4439 4466 4483 4456 4379 4245 4046 3814 3603 3451 3339 3276 3265 3291 3353 3457 3587 3690 3731 3693 3614 3481 3324 3154 3009 2905 2851 2824 2805 2832 2918 2995 3064 3099 3128 3089 3011 2938 2861 2780 2735 2713 2722 2760 2818 2878 2889 2938 2992 3063 3084 3095 3090 3071 3052 3062 3088 3111 3147 3218 3260
-9999 -9999 -9999 -9999 -9999 -9999 -9999 -9999 -9999 -9999 -9999 -9999 -9999 -9999 -9999 -9999 4992 4769 4580 4451 4385 4385 4421 4457 4465 4427 4331 4148 3922 3706 3536 3409 3320 3290 3314 3379 3480 3608 3706 3741 3713 3619 3501 3370 3184 3034 2913 2843 2829 2815 2836 2902 3020 3094 3152 3180 3157 3104 3012 2933 2869 2827 2787 2793 2824 2882 2923 2936 2960 3025 3074 3106 3095 3081 3045 3031 3042 3087 3115 3157 3224 3268
-9999 -9999 -9999 -9999 -9999 -9999 -9999 -9999 -9999 -9999 -9999 -9999 -9999 5883 5661 5346 5072 4831 4605 4435 4334 4313 4347 4397 4435 4435 4377 4230 4023 3818 3642 3482 3375 3331 3355 3415 3511 3644 3758 3801 3760 3680 3556 3405 3223 3063 2931 2843 2809 2824 2847 2883 3000 3108 3177 3205 3201 3158 3086 2979 2888 2856 2828 2840 2853 2898 2939 2967 2996 3056 3091 3104 3098 3067 3038 3050 3074 3117 3141 3176 3222 3280
-9999 -9999 -9999 -9999 -9999 -9999 -9999 -9999 -9999 -9999 -9999 -9999 6096 5943 5732 5417 5105 4846 4599 4398 4271 4235 4258 4312 4368 4401 4378 4286 4117 3924 3760 3596 3475 3417 3416 3468 3601 3723 3826 3851 3821 3719 3582 3422 3252 3100 2951 2851 2802 2801 2842 2899 2950 3074 3180 3216 3208 3192 3126 3043 2978 2906 2853 2837 2868 2876 2938 2985 3017 3069 3089 3101 3079 3062 3052 3050 3085 3138 3177 3217 3239 3273
-9999 -9999 -9999 -9999 -9999 -9999 -9999 -9999 -9999 -9999 -9999 6090 6052 5914 5700 5405 5115 4842 4577 4359 4216 4154 4162 4214 4280 4335 4347 4299 4184 4023 3874 3711 3591 3530 3511 3570 3699 3824 3904 3923 3856 3742 3610 3469 3316 3149 2991 2872 2803 2784 2823 2875 2932 3014 3129 3207 3208 3189 3147 3073 3006 2931 2874 2862 2864 2835 2903 2981 3043 3087 3110 3117 3104 3116 3074 3075 3105 3166 3204 3233 3257 3269
-9999 -9999 -9999 -9999 -9999 -9999 -9999 -9999 -9999 -9999 -9999 5945 5880 5786 5630 5351 5085 4836 4568 4337 4177 4096 4085 4123 4186 4253 4293 4287 4228 4113 3975 3810 3695 3648 3632 3689 3802 3905 3981 3968 3886 3800 3664 3536 3359 3201 3037 2898 2815 2776 2800 2852 2899 2956 3086 3187 3205 3190 3152 3107 3043 2963 2898 2868 2848 2859 2901 2991 3062 3090 3115 3111 3120 3107 3092 3123 3143 3158 3175 3192 3224 3244
-9999 -9999 -9999 -9999 -9999 -9999 -9999 -9999 -9999 -9999 -9999 5747 5702 5637 5487 5264 5025 4793 4568 4346 4176 4074 4030 4049 4100 4168 4226 4252 4232 4173 4066 3922 3801 3748 3753 3813 3908 3975 4033 3997 3915 3832 3715 3564 3412 3251 3077 2928 2840 2788 2800 2825 2868 2928 3061 3149 3187 3196 3147 3096 3050 2976 2907 2873 2876 2882 2904 2955 3029 3046 3041 3057 3060 3072 3084 3064 3075 3082 3124 3167 3180 3208
-9999 -9999 -9999 -9999 -9999 -9999 -9999 -9999 -9999 -9999 -9999 5497 5486 5405 5298 5153 4975 4758 4549 4364 4200 4081 4019 4007 4037 4095 4158 4209 4232 4214 4128 4008 3905 3838 3850 3909 3982 4017 4063 4028 3932 3848 3738 3610 3479 3292 3121 2971 2870 2807 2799 2821 2870 2909 2971 3086 3147 3193 3145 3094 3039 2988 2936 2897 2869 2869 2914 2902 2947 2976 2976 2982 2992 2999 3002 2986 2982 3015 3065 3103 3147 3179
-9999 -9999 -9999 -9999 -9999 -9999 -9999 -9999 -9999 -9999 5214 5201 5200 5163 5095 5012 4901 4743 4568 4390 4253 4134 4050 4001 4007 4048 4105 4167 4218 4229 4170 4082 3984 3925 3951 3994 4038 4089 4102 4068 3958 3868 3775 3678 3511 3337 3176 3023 2906 2834 2803 2804 2822 2861 2945 3072 3145 3171 3131 3089 3038 2989 2923 2883 2872 2866 2890 2888 2897 2898 2897 2903 2905 2901 2892 2901 2918 2956 3002 3054 3106 3149
-9999 -9999 -9999 -9999 -9999 -9999 -9999 -9999 -9999 -9999 4968 4940 4942 4932 4915 4889 4839 4749 4625 4481 4346 4233 4132 4057 4029 4037 4075 4141 4206 4241 4205 4140 4066 4025 4016 4048 4101 4133 4115 4085 4007 3936 3845 3736 3566 3400 3239 3088 2953 2855 2819 2809 2811 2821 2920 3037 3088 3138 3123 3080 3032 2987 2938 2905 2879 2857 2838 2828 2818 2811 2815 2821 2851 2872 2881 2873 2933 2974 2988 3039 3099 3132
-9999 -9999 -9999 -9999 -9999 -9999 -9999 -9999 -9999 -9999 4778 4739 4743 4750 4761 4757 4765 4754 4683 4597 4498 4386 4259 4155 4086 4059 4072 4131 4205 4255 4235 4182 4137 4097 4076 4110 4146 4153 4125 4093 4030 3998 3892 3777 3625 3470 3312 3156 3012 2890 2829 2804 2787 2834 2909 2960 3036 3101 3121 3084 3043 3010 2979 2933 2883 2832 2796 2774 2763 2751 2754 2769 2803 2847 2892 2923 2965 2984 3000 3072 3078 3121
-9999 -9999 -9999 -9999 -9999 -9999 -9999 -9999 -9999 -9999 -9999 4572 4586 4599 4627 4658 4724 4743 4726 4696 4632 4537 4400 4267 4166 4106 4095 4144 4218 4277 4273 4227 4186 4148 4129 4158 4168 4164 4149 4135 4069 4037 3968 3825 3679 3559 3357 3208 3070 2929 2842 2817 2794 2848 2891 2912 2968 3041 3062 3089 3073 3050 2966 2936 2883 2847 2785 2747 2717 2718 2715 2728 2769 2820 2876 2935 2983 3001 3049 3098 3092 3121
-9999 -9999 -9999 -9999 -9999 -9999 -9999 -9999 -9999 -9999 4431 4409 4407 4439 4508 4588 4669 4719 4749 4778 4733 4646 4517 4377 4253 4169 4139 4180 4251 4309 4323 4291 4239 4204 4188 4186 4179 4193 4213 4203 4152 4088 4013 3891 3765 3596 3421 3274 3123 2972 2867 2809 2798 2820 2843 2896 2925 2971 3057 3108 3100 3083 2992 2912 2861 2856 2802 2739 2692 2676 2658 2685 2724 2792 2864 2929 2991 3028 3093 3113 3133 3135
-9999 -9999 -9999 -9999 -9999 -9999 -9999 -9999 -9999 -9999 4320 4286 4287 4316 4379 4495 4626 4693 4774 4811 4790 4725 4601 4467 4336 4234 4193 4223 4288 4344 4369 4349 4314 4272 4224 4208 4225 4256 4254 4237 4203 4152 4066 3950 3815 3661 3524 3358 3174 3008 2895 2815 2779 2792 2834 2891 2921 2961 3065 3129 3143 3143 3086 3019 2952 2901 2815 2739 2700 2672 2638 2656 2700 2740 2837 2934 3009 3076 3122 3146 3144 3117
-9999 -9999 -9999 -9999 -9999 -9999 -9999 -9999 -9999 4338 4289 4254 4241 4276 4339 4448 4580 4674 4757 4788 4792 4743 4638 4511 4387 4290 4244 4265 4327 4387 4411 4398 4369 4326 4271 4254 4280 4308 4316 4299 4253 4189 4106 4003 3850 3711 3590 3419 3240 3083 2942 2839 2780 2778 2791 2836 2915 2953 3042 3128 3181 3198 3187 3132 3057 2954 2839 2751 2696 2672 2668 2682 2707 2752 2812 2924 3007 3089 3138 3135 3115 3075
-9999 -9999 -9999 -9999 -9999 -9999 -9999 -9999 4359 4301 4263 4239 4233 4268 4315 4413 4527 4608 4708 4743 4741 4709 4635 4516 4402 4313 4274 4293 4354 4413 4435 4420 4394 4365 4336 4324 4316 4342 4351 4342 4274 4215 4145 4031 3900 3775 3649 3495 3323 3145 2997 2871 2797 2781 2790 2815 2858 2940 3010 3107 3175 3245 3261 3214 3120 3003 2880 2779 2706 2670 2669 2696 2728 2741 2810 2906 2985 3068 3137 3140 3109 3051
-9999 -9999 -9999 -9999 -9999 -9999 -9999 4456 4378 4317 4281 4278 4273 4287 4345 4448 4508 4553 4629 4686 4668 4626 4559 4474 4393 4321 4289 4311 4364 4419 4440 4426 4406 4396 4391 4379 4380 4369 4378 4338 4288 4237 4169 4060 3965 3856 3728 3562 3388 3204 3042 2906 2820 2785 2801 2839 2878 2943 3000 3052 3155 3262 3318 3291 3179 3071 2933 2816 2732 2691 2682 2699 2732 2755 2812 2901 2989 3081 3143 3140 3105 3037
-9999 -9999 -9999 -9999 -9999 -9999 4520 4464 4414 4368 4339 4326 4353 4374 4403 4445 4477 4514 4572 4610 4577 4510 4458 4410 4357 4303 4284 4316 4366 4410 4421 4406 4383 4369 4370 4377 4376 4367 4352 4311 4276 4214 4165 4097 4031 3933 3802 3626 3441 3260 3087 2946 2851 2809 2820 2856 2888 2944 3008 3094 3209 3304 3369 3343 3256 3134 2984 2859 2766 2718 2696 2697 2711 2750 2818 2906 3011 3101 3137 3153 3107 3049
-9999 -9999 -9999 -9999 4663 4610 4531 4485 4469 4437 4427 4409 4435 4488 4526 4488 4467 4486 4521 4537 4505 4430 4376 4343 4298 4267 4266 4299 4352 4386 4388 4366 4323 4307 4302 4294 4286 4270 4258 4238 4201 4163 4135 4101 4049 3974 3855 3691 3496 3312 3140 2995 2895 2841 2847 2882 2930 3002 3070 3137 3285 3374 3435 3416 3316 3182 3040 2909 2806 2751 2733 2718 2741 2789 2829 2902 3007 3090 3145 3155 3109 3019
-9999 -9999 -9999 4615 4619 4596 4542 4509 4520 4508 4527 4523 4571 4615 4603 4551 4503 4532 4525 4467 4415 4345 4304 4279 4257 4242 4250 4276 4324 4352 4341 4307 4254 4228 4213 4182 4157 4134 4124 4129 4126 4135 4133 4124 4095 4033 3910 3767 3577 3390 3208 3061 2953 2897 2878 2900 2939 2986 3056 3145 3288 3421 3494 3457 3363 3240 3106 2971 2855 2791 2767 2773 2803 2848 2891 2925 3031 3116 3163 3153 3095 2983
-9999 -9999 4499 4540 4563 4564 4532 4537 4560 4590 4631 4651 4691 4703 4641 4592 4530 4526 4471 4384 4328 4278 4257 4226 4207 4208 4224 4253 4293 4312 4285 4237 4176 4132 4110 4074 4036 3993 3979 4001 4026 4094 4154 4179 4157 4094 4010 3840 3669 3487 3313 3149 3026 2952 2937 2936 2949 2988 3038 3131 3276 3419 3521 3505 3420 3321 3178 3038 2916 2844 2783 2785 2830 2879 2920 2990 3061 3147 3175 3143 3058 2948
-9999 4339 4376 4434 4482 4516 4517 4542 4586 4590 4619 4691 4681 4688 4666 4600 4505 4456 4385 4325 4281 4244 4219 4209 4203 4210 4224 4244 4269 4274 4234 4170 4101 4050 4018 3982 3943 3906 3885 3893 3955 4052 4137 4210 4225 4168 4071 3926 3791 3597 3441 3262 3119 3027 2994 2990 2977 2984 3078 3206 3352 3481 3570 3552 3494 3379 3226 3118 2980 2905 2854 2825 2815 2875 2963 3009 3073 3159 3171 3139 3057 2947
-9999 4227 4268 4342 4406 4477 4503 4511 4533 4540 4601 4650 4622 4610 4651 4579 -9999 -9999 4349 4289 4243 4218 4193 4178 4187 4199 4215 4237 4252 4237 4187 4110 4038 3980 3930 3894 3858 3824 3820 3851 3936 4043 4143 4211 4240 4228 4143 4036 3888 3706 3564 3400 3231 3120 3061 3054 3026 3016 3071 3211 3360 3496 3595 3607 3543 3439 3304 3188 3054 2954 2865 2844 2833 2885 2965 3044 3089 3152 3157 3120 3027 2914
4036 4122 4184 4266 4359 4417 4430 4424 4457 4476 4552 4589 4569 4550 4564 -9999 -9999 -9999 4301 4262 4217 4169 4143 4149 4169 4188 4207 4222 4230 4206 4141 4057 3975 3911 3865 3828 3790 3769 3769 3810 3898 3989 4091 4163 4224 4248 4200 4087 3968 3818 3694 3545 3367 3235 3154 3122 3110 3099 3114 3203 3361 3511 3623 3636 3577 3484 3385 3258 3128 2993 2892 2836 2854 2914 2986 3040 3092 3107 3121 3086 3011 2923
