Capas/FUTURO/Eje_30s/ASC/bio_13.asc
ncols         993
nrows         433
xllcorner     -105.25566776747
yllcorner     17.599810932142
cellsize      0.0083333333
NODATA_value  -9999
[rows 36 to 71 of 433, columns 246 to 327 of 993]
2143 2114 2091 2077 2071 2068 2068 2069 2069 2065 2060 2064 2081 2093 2104 2114 2117 2113 2117 2110 2104 2103 2110 2135 2180 2241 2307 2369 2418 2443 2439 2370 2311 2288 2274 2240 2223 2220 -9999 -9999 -9999 -9999 -9999 -9999 -9999 -9999 -9999 -9999 -9999 -9999 -9999 -9999 -9999 -9999 -9999 -9999 -9999 -9999 -9999 -9999 -9999 -9999 -9999 -9999 -9999 -9999 -9999 -9999 -9999 -9999 -9999 -9999 -9999 -9999 -9999 -9999 -9999 -9999 -9999 -9999 -9999 -9999
2111 2091 2075 2067 2062 2060 2060 2061 2059 2057 2059 2075 2093 2114 2134 2150 2161 2162 2156 2144 2131 2121 2122 2139 2178 2233 2294 2351 2394 2415 2391 2316 2256 2228 2236 2212 2210 2225 2250 -9999 -9999 -9999 -9999 -9999 -9999 -9999 -9999 -9999 -9999 -9999 -9999 -9999 -9999 -9999 -9999 -9999 -9999 -9999 -9999 -9999 -9999 -9999 -9999 -9999 -9999 -9999 -9999 -9999 -9999 -9999 -9999 -9999 -9999 -9999 -9999 -9999 -9999 -9999 -9999 -9999 -9999 -9999
2080 2073 2065 2060 2059 2058 2059 2060 2060 2062 2070 2084 2107 2134 2161 2181 2192 2192 2182 2165 2145 2130 2125 2136 2169 2217 2272 2322 2360 2374 2336 2261 2204 2183 2186 2165 2172 2201 2243 2290 -9999 -9999 -9999 -9999 -9999 -9999 -9999 -9999 -9999 -9999 -9999 -9999 -9999 -9999 -9999 -9999 -9999 -9999 -9999 -9999 -9999 -9999 -9999 -9999 -9999 -9999 -9999 -9999 -9999 -9999 -9999 -9999 -9999 -9999 -9999 -9999 -9999 -9999 -9999 -9999 -9999 -9999
2067 2062 2059 2059 2060 2062 2063 2064 2066 2070 2080 2095 2121 2150 2177 2196 2205 2203 2188 2167 2143 2116 2111 2126 2153 2196 2244 2288 2320 2322 2272 2202 2149 2140 2125 2104 2114 2147 2198 2257 2318 -9999 -9999 -9999 -9999 -9999 -9999 -9999 -9999 -9999 -9999 -9999 -9999 -9999 -9999 -9999 -9999 -9999 -9999 -9999 -9999 -9999 -9999 -9999 -9999 -9999 -9999 -9999 -9999 -9999 -9999 -9999 -9999 -9999 -9999 -9999 -9999 -9999 -9999 -9999 -9999 -9999
2054 2055 2057 2060 2063 2066 2068 2070 2073 2078 2089 2107 2132 2161 2186 2201 2206 2200 2176 2148 2119 2098 2098 2113 2136 2173 2213 2250 2274 2278 2235 2160 2097 2060 2047 2036 2045 2079 2132 2193 2259 2325 -9999 -9999 -9999 -9999 -9999 -9999 -9999 -9999 -9999 -9999 -9999 -9999 -9999 -9999 -9999 -9999 -9999 -9999 -9999 -9999 -9999 -9999 -9999 -9999 -9999 -9999 -9999 -9999 -9999 -9999 -9999 -9999 -9999 -9999 -9999 -9999 -9999 -9999 -9999 -9999
2044 2050 2056 2060 2065 2069 2071 2073 2078 2086 2098 2118 2143 2169 2190 2202 2192 2175 2154 2130 2105 2088 2091 2099 2118 2147 2178 2205 2220 2217 2190 2142 2047 1976 1935 1932 1969 2010 2060 2121 2187 2253 2315 2369 -9999 -9999 -9999 -9999 -9999 -9999 -9999 2291 -9999 -9999 -9999 -9999 -9999 -9999 -9999 -9999 -9999 -9999 -9999 -9999 -9999 -9999 -9999 -9999 -9999 -9999 -9999 -9999 -9999 -9999 -9999 -9999 -9999 -9999 -9999 -9999 -9999 -9999
2036 2045 2052 2058 2063 2067 2069 2072 2078 2088 2104 2126 2151 2176 2195 2197 2180 2167 2150 2126 2104 2091 2087 2090 2103 2122 2140 2153 2156 2143 2112 2067 1983 1902 1863 1861 1903 1954 2000 2055 2116 2177 2235 2286 2323 -9999 -9999 -9999 -9999 -9999 -9999 2249 2235 2224 -9999 -9999 -9999 -9999 -9999 -9999 -9999 -9999 -9999 -9999 -9999 -9999 -9999 -9999 -9999 -9999 -9999 -9999 -9999 -9999 -9999 -9999 -9999 -9999 -9999 -9999 -9999 -9999
2028 2038 2047 2053 2058 2061 2063 2066 2073 2086 2104 2127 2153 2177 2193 2190 2174 2168 2154 2127 2104 2089 2081 2081 2086 2094 2099 2097 2086 2064 2012 1940 1882 1838 1817 1824 1868 1912 1954 2002 2054 2106 2157 2201 2234 2254 -9999 -9999 -9999 -9999 -9999 2205 2194 2186 2181 2178 -9999 -9999 -9999 -9999 -9999 -9999 -9999 -9999 -9999 -9999 -9999 -9999 -9999 -9999 -9999 -9999 -9999 -9999 -9999 -9999 -9999 -9999 -9999 -9999 -9999 -9999
2021 2033 2041 2047 2050 2051 2052 2055 2061 2075 2094 2118 2143 2166 2181 2184 2166 2160 2138 2114 2093 2079 2070 2066 2064 2062 2054 2033 1989 1938 1894 1853 1817 1798 1796 1819 1856 1887 1924 1965 2007 2050 2089 2124 2152 2170 2180 -9999 -9999 -9999 -9999 2163 2156 2148 2137 2139 2140 2144 -9999 -9999 -9999 -9999 -9999 -9999 -9999 -9999 -9999 -9999 -9999 -9999 -9999 -9999 -9999 -9999 -9999 -9999 -9999 -9999 -9999 -9999 -9999 -9999
2017 2029 2036 2040 2039 2039 2038 2039 2044 2057 2075 2097 2121 2141 2154 2155 2147 2131 2111 2091 2073 2060 2052 2045 2036 2024 1995 1937 1896 1863 1830 1806 1795 1799 1812 1831 1854 1880 1911 1945 1977 2010 2040 2067 2089 2105 2116 2123 2127 -9999 -9999 2125 2122 2105 2089 2090 2098 2109 2120 -9999 -9999 -9999 -9999 -9999 -9999 -9999 -9999 -9999 -9999 -9999 -9999 -9999 -9999 -9999 -9999 -9999 -9999 -9999 -9999 -9999 -9999 -9999
2018 2029 2034 2034 2023 2018 2021 2023 2026 2035 2050 2069 2088 2104 2114 2113 2105 2091 2074 2058 2045 2035 2027 2018 2005 1988 1931 1878 1849 1822 1802 1797 1808 1822 1830 1843 1861 1884 1910 1937 1962 1986 2008 2024 2037 2050 2070 2079 2087 2091 2093 2094 2093 2074 2055 2056 2068 2081 2096 2111 2126 -9999 -9999 -9999 -9999 -9999 -9999 -9999 -9999 -9999 -9999 -9999 -9999 -9999 -9999 -9999 -9999 -9999 -9999 -9999 -9999 -9999
2029 2038 2041 2031 2017 2009 2006 2006 2009 2014 2024 2037 2050 2061 2065 2062 2049 2041 2029 2018 2011 2006 2001 1989 1968 1929 1876 1849 1827 1825 1818 1820 1833 1841 1848 1859 1875 1895 1916 1936 1954 1967 1983 1989 1995 2014 2039 2049 2058 2064 2068 2063 2057 2046 2036 2043 2057 2069 2081 2097 2113 2133 2154 2177 -9999 -9999 -9999 -9999 -9999 -9999 -9999 -9999 -9999 -9999 -9999 -9999 -9999 -9999 -9999 -9999 -9999 -9999
2056 2062 2053 2039 2025 2013 2002 1995 1996 1999 2003 2007 2011 2014 2013 1995 1957 1943 1943 1945 1945 1940 1928 1919 1904 1883 1861 1848 1858 1865 1852 1847 1856 1861 1867 1873 1890 1907 1923 1932 1937 1949 1964 1963 1969 1996 2021 2031 2035 2039 2037 2029 2022 2021 2027 2044 2058 2066 2075 2087 2103 2122 2142 2164 2186 2209 -9999 -9999 -9999 -9999 -9999 -9999 -9999 -9999 -9999 -9999 -9999 -9999 -9999 -9999 -9999 -9999
2093 2089 2073 2056 2039 2024 2006 1985 1978 1984 1981 1979 1974 1969 1942 1901 1880 1878 1882 1888 1892 1898 1901 1903 1896 1887 1876 1883 1900 1892 1885 1875 1878 1882 1881 1885 1899 1915 1925 1925 1926 1936 1949 1950 1961 1987 2008 2008 2007 2011 2012 2008 2005 2010 2025 2045 2053 2060 2069 2081 2095 2110 2131 2151 2172 2195 2218 2246 -9999 -9999 -9999 -9999 -9999 -9999 -9999 -9999 -9999 -9999 -9999 -9999 -9999 -9999
2136 2131 2112 2084 2060 2038 2008 1978 1965 1968 1959 1950 1939 1911 1864 1848 1842 1859 1888 1908 1911 1913 1928 1949 1959 1947 1937 1936 1937 1926 1917 1901 1897 1895 1893 1896 1906 1922 1932 1928 1923 1929 1941 1954 1977 1995 2001 1999 1999 2001 2004 2004 2006 2013 2027 2044 2051 2058 2066 2077 2085 2099 2120 2142 2163 2185 2209 2238 2276 2326 -9999 -9999 -9999 -9999 -9999 -9999 -9999 -9999 -9999 -9999 -9999 -9999
2179 2168 2146 2117 2081 2045 2004 1968 1950 1949 1935 1922 1910 1864 1831 1821 1856 1893 1911 1936 1965 1995 2017 2037 2038 2022 2006 1990 1975 1960 1939 1921 1911 1907 1904 1905 1913 1927 1937 1934 1928 1931 1948 1979 2011 2024 2030 2025 2021 2020 2021 2023 2026 2031 2038 2047 2050 2054 2062 2068 2075 2090 2111 2134 2159 2184 2209 2238 2275 2336 2406 2489 2585 -9999 -9999 -9999 -9999 -9999 -9999 -9999 -9999 -9999
2211 2194 2165 2130 2090 2041 1985 1945 1922 1902 1879 1862 1846 1822 1814 1823 1879 1908 1936 1971 2010 2049 2082 2103 2105 2090 2068 2041 2014 1989 1963 1943 1931 1923 1918 1917 1922 1930 1938 1939 1939 1949 1975 2012 2027 2042 2055 2065 2071 2063 2059 2057 2056 2054 2054 2052 2048 2048 2057 2065 2072 2085 2104 2129 2157 2189 2221 2255 2294 2354 2425 2510 2607 2706 2796 -9999 -9999 -9999 -9999 -9999 -9999 -9999
2213 2194 2162 2122 2080 2017 1952 1909 1885 1868 1860 1852 1849 1840 1837 1855 1913 1946 1978 2018 2062 2104 2140 2161 2166 2155 2130 2093 2057 2022 1993 1972 1960 1951 1944 1939 1941 1946 1954 1963 1975 1994 2011 2026 2043 2058 2071 2081 2086 2087 2083 2078 2071 2062 2056 2050 2046 2050 2065 2077 2087 2099 2116 2145 2182 2213 2244 2279 2322 2375 2442 2522 2612 2707 2796 2870 2924 -9999 -9999 -9999 -9999 -9999
2179 2159 2129 2092 2046 1968 1921 1900 1885 1883 1894 1914 1910 1897 1901 1925 1981 2002 2031 2067 2106 2145 2178 2198 2202 2190 2168 2140 2097 2057 2027 2008 1996 1987 1979 1973 1973 1979 1986 1991 1999 2009 2022 2037 2052 2067 2079 2088 2091 2090 2086 2081 2067 2052 2046 2048 2053 2064 2078 2093 2106 2121 2143 2175 2208 2244 2277 2312 2349 2394 2449 2515 2594 2679 2764 2839 2899 2937 2950 -9999 -9999 -9999
2118 2103 2071 2021 1966 1930 1905 1910 1930 1952 1970 1987 2003 2018 2008 2030 2050 2063 2083 2108 2137 2167 2194 2210 2213 2201 2181 2154 2124 2087 2064 2044 2024 2011 2002 1997 1994 1994 1996 2001 2008 2018 2030 2043 2056 2068 2078 2084 2087 2085 2081 2067 2053 2046 2049 2060 2077 2092 2102 2113 2129 2151 2173 2203 2239 2277 2311 2343 2373 2404 2442 2490 2553 2626 2704 2779 2846 2895 2919 2920 -9999 -9999
1997 1984 1968 1945 1924 1910 1921 1947 1965 1983 2008 2033 2056 2079 2095 2104 2109 2114 2122 2134 2150 2169 2187 2198 2198 2189 2171 2148 2121 2094 2069 2047 2030 2016 2008 2001 1998 1998 1999 2004 2011 2019 2030 2041 2051 2061 2068 2073 2073 2067 2054 2041 2041 2053 2067 2083 2109 2129 2142 2150 2170 2185 2205 2234 2268 2304 2334 2362 2383 2402 2424 2453 2499 2558 2626 2700 2770 2829 2867 2882 2874 2844
1924 1925 1913 1915 1934 1951 1955 1963 1981 2006 2036 2068 2096 2118 2135 2143 2144 2141 2139 2138 2142 2151 2160 2166 2164 2157 2143 2124 2102 2079 2057 2038 2022 2009 2001 1995 1993 1993 1995 1999 2006 2014 2024 2033 2041 2041 2036 2034 2034 2029 2023 2020 2038 2070 2089 2112 2138 2162 2184 2201 2213 2224 2239 2261 2287 2315 2340 2360 2375 2383 2391 2408 2437 2481 2538 2606 2677 2743 2793 2823 2828 2809
1912 1912 1906 1925 1946 1950 1958 1973 1989 2021 2052 2085 2114 2138 2152 2155 2153 2145 2134 2125 2119 2116 2119 2121 2119 2113 2093 2075 2067 2054 2035 2020 2005 1994 1986 1981 1978 1980 1983 1988 1995 2004 2012 2021 2020 2015 2009 2009 2013 2013 2010 2016 2042 2071 2099 2132 2167 2199 2226 2246 2257 2264 2271 2283 2298 2315 2330 2344 2351 2353 2353 2359 2375 2405 2450 2509 2577 2643 2702 2744 2762 2754
1897 1909 1916 1926 1934 1945 1958 1964 1978 2014 2052 2082 2111 2134 2148 2151 2139 2123 2109 2093 2074 2061 2071 2076 2073 2057 2037 2031 2028 2017 2005 1993 1982 1969 1961 1961 1959 1960 1964 1972 1980 1990 1999 2000 2000 1998 1995 1997 2004 2009 2011 2021 2049 2075 2110 2150 2192 2231 2262 2284 2294 2296 2295 2296 2299 2305 2312 2319 2321 2319 2315 2310 2315 2338 2370 2418 2478 2540 2600 2648 2676 2676
1882 1890 1900 1909 1920 1932 1938 1943 1959 1990 2033 2061 2086 2108 2121 2125 2107 2084 2067 2048 2031 2022 2037 2037 2035 2026 2007 2007 2001 1985 1966 1947 1932 1918 1909 1910 1922 1932 1937 1943 1955 1969 1976 1979 1985 1990 1993 1997 2004 2009 2014 2025 2052 2082 2120 2165 2212 2254 2287 2309 2318 2315 2308 2299 2292 2289 2290 2292 2293 2288 2283 2278 2271 2283 2307 2342 2389 2441 2496 2542 2571 2577
1866 1878 1885 1890 1892 1896 1902 1909 1925 1949 1983 2021 2048 2067 2081 2086 2070 2044 2023 2008 1996 1990 1996 2009 2008 1995 1981 1978 1967 1948 1930 1912 1897 1883 1876 1877 1886 1897 1906 1922 1943 1964 1975 1981 1990 2002 2011 2017 2023 2024 2024 2033 2061 2093 2132 2177 2224 2266 2299 2319 2326 2321 2308 2293 2280 2270 2266 2266 2266 2262 2257 2252 2247 2243 2259 2281 2313 2353 2395 2434 2462 2471
1855 1852 1857 1864 1866 1868 1870 1875 1885 1902 1926 1955 1981 2003 2019 2027 2018 1999 1983 1972 1965 1964 1968 1974 1974 1965 1958 1955 1946 1936 1923 1908 1893 1879 1870 1870 1879 1890 1903 1921 1944 1969 1989 1999 2012 2027 2041 2051 2056 2056 2051 2055 2081 2110 2144 2185 2229 2267 2297 2314 2319 2311 2297 2280 2263 2249 2243 2241 2241 2240 2235 2231 2226 2220 2221 2236 2255 2281 2310 2340 2363 2372
1888 1866 1851 1847 1849 1852 1851 1851 1855 1865 1884 1907 1927 1943 1955 1966 1971 1971 1968 1963 1959 1957 1957 1957 1959 1961 1964 1968 1969 1966 1956 1943 1926 1905 1889 1886 1891 1900 1909 1925 1948 1978 2005 2026 2047 2068 2085 2099 2107 2108 2099 2093 2109 2134 2159 2191 2224 2256 2280 2294 2296 2289 2276 2259 2243 2230 2223 2222 2221 2220 2218 2214 2210 2204 2194 2200 2215 2230 2249 2270 2286 2296
1957 1907 1873 1850 1843 1844 1840 1834 1832 1840 1856 1875 1888 1901 1915 1932 1955 1976 1983 1980 1973 1968 1964 1968 1981 1995 2007 2017 2021 2019 2009 2002 1987 1959 1930 1918 1919 1923 1931 1947 1969 1993 2023 2056 2089 2119 2143 2160 2168 2170 2164 2145 2144 2161 2174 2193 2216 2236 2253 2263 2265 2260 2249 2235 2221 2211 2204 2204 2204 2204 2203 2201 2198 2194 2183 2181 2186 2191 2202 2222 2235 2242
2033 1962 1907 1872 1855 1848 1839 1826 1820 1825 1839 1851 1859 1872 1896 1924 1955 1977 1985 1979 1974 1974 1975 1986 2007 2021 2028 2038 2047 2050 2050 2044 2034 2021 1991 1973 1966 1966 1969 1975 1989 2011 2041 2076 2113 2150 2182 2205 2217 2220 2215 2206 2194 2187 2186 2192 2201 2211 2221 2227 2228 2225 2218 2208 2198 2191 2187 2187 2188 2190 2191 2191 2189 2186 2179 2176 2176 2177 2182 2192 2204 2213
2094 2016 1947 1901 1873 1855 1836 1820 1814 1818 1830 1836 1839 1857 1889 1922 1945 1957 1955 1955 1961 1971 1985 2005 2028 2042 2052 2063 2074 2081 2082 2079 2071 2059 2045 2030 2015 2004 1997 1997 2007 2025 2053 2089 2130 2171 2209 2238 2256 2261 2257 2243 2226 2208 2196 2189 2185 2186 2187 2189 2191 2189 2185 2180 2175 2170 2170 2171 2173 2176 2180 2182 2183 2182 2180 2181 2181 2184 2189 2194 2201 2205
2139 2059 1988 1936 1896 1863 1835 1814 1803 1802 1810 1815 1823 1845 1879 1908 1923 1928 1927 1936 1953 1975 2002 2033 2050 2065 2078 2090 2104 2114 2118 2116 2109 2099 2086 2070 2054 2040 2029 2024 2026 2039 2063 2096 2136 2180 2223 2256 2278 2287 2283 2267 2243 2218 2196 2178 2165 2154 2145 2147 2154 2154 2154 2152 2151 2150 2152 2155 2159 2164 2168 2173 2177 2179 2181 2184 2187 2192 2197 2204 2210 2216
2165 2093 2026 1971 1926 1884 1846 1817 1798 1788 1788 1794 1810 1832 1857 1879 1891 1901 1911 1928 1954 1985 2019 2051 2072 2091 2109 2123 2138 2150 2157 2156 2151 2142 2129 2114 2098 2080 2063 2054 2050 2055 2072 2100 2138 2180 2223 2258 2281 2290 2285 2268 2241 2210 2182 2158 2118 2097 2090 2093 2103 2119 2125 2126 2128 2130 2133 2138 2144 2150 2157 2164 2170 2177 2182 2189 2195 2203 2212 2221 2229 2236
2181 2128 2067 2014 1964 1915 1872 1835 1806 1789 1782 1787 1803 1821 1838 1853 1868 1886 1907 1929 1959 1994 2032 2071 2097 2122 2143 2161 2175 2191 2199 2200 2193 2181 2166 2148 2129 2107 2088 2073 2064 2062 2075 2106 2136 2173 2211 2243 2263 2269 2262 2243 2214 2182 2151 2118 2079 2054 2051 2057 2066 2077 2085 2091 2097 2104 2115 2121 2128 2135 2144 2153 2162 2172 2183 2193 2203 2215 2229 2241 2253 2261
2206 2175 2123 2066 2010 1956 1905 1862 1829 1806 1795 1793 1802 1812 1825 1841 1860 1887 1918 1950 1983 2016 2051 2089 2123 2153 2180 2201 2212 2231 2246 2252 2248 2239 2226 2210 2188 2160 2132 2107 2087 2078 2086 2116 2137 2165 2195 2218 2232 2234 2223 2201 2150 2110 2093 2082 2053 2024 2026 2041 2055 2063 2065 2064 2067 2076 2092 2104 2112 2121 2132 2143 2155 2167 2181 2194 2210 2226 2244 2260 2274 2285
2222 2204 2175 2130 2068 2005 1946 1896 1860 1833 1815 1805 1808 1814 1826 1842 1864 1895 1935 1983 2015 2046 2079 2113 2147 2182 2213 2241 2262 2281 2296 2304 2304 2298 2287 2271 2252 2230 2205 2169 2138 2120 2128 2135 2146 2162 2180 2194 2200 2195 2170 2130 2086 2050 2034 2034 2019 1996 2007 2028 2036 2045 2052 2053 2053 2055 2061 2072 2087 2104 2120 2133 2147 2161 2177 2195 2213 2232 2253 2273 2291 2304
