Capas/FUTURO/Eje_30s/ASC/bio_09.asc
ncols         993
nrows         433
xllcorner     -105.25566776747
yllcorner     17.599810932142
cellsize      0.0083333333
NODATA_value  -9999
[rows 144 to 179 of 433, columns 328 to 409 of 993]
2954 2951 2948 2948 2947 2950 2956 2958 2958 2951 2943 2945 2952 2956 2952 2950 2948 2945 2946 2951 2956 2958 2958 2958 2957 2957 2957 2957 2957 2957 2957 2957 2957 2956 2955 2955 2956 2956 2955 2955 2955 2951 2948 2947 2943 2937 2936 2936 2934 2935 2940 2941 2941 2937 2934 2936 2939 2941 2940 2939 2939 2938 2937 2936 2933 2929 2931 2932 2931 2934 2933 2932 2933 2933 2931 2928 2925 2924 2921 2922 2925 2928
2951 2945 2937 2940 2944 2941 2951 2958 2958 2955 2950 2946 2947 2948 2947 2947 2948 2950 2952 2954 2955 2957 2958 2957 2957 2957 2957 2957 2957 2957 2957 2957 2957 2956 2955 2951 2951 2953 2954 2954 2954 2952 2948 2946 2941 2938 2939 2939 2939 2941 2943 2944 2942 2941 2939 2940 2942 2942 2940 2940 2939 2937 2935 2933 2934 2934 2933 2933 2931 2930 2931 2929 2928 2928 2927 2927 2926 2925 2923 2924 2926 2928
2949 2937 2931 2933 2937 2928 2945 2957 2957 2955 2952 2949 2949 2947 2942 2943 2945 2950 2954 2957 2957 2957 2957 2957 2957 2957 2957 2957 2956 2956 2956 2956 2956 2955 2952 2947 2945 2949 2952 2952 2953 2952 2943 2941 2941 2941 2942 2942 2942 2943 2944 2944 2943 2943 2943 2942 2942 2942 2941 2939 2936 2932 2929 2929 2932 2932 2932 2932 2930 2928 2927 2923 2921 2920 2918 2921 2924 2924 2923 2925 2927 2929
2952 2943 2940 2942 2935 2930 2948 2956 2957 2956 2954 2952 2950 2945 2944 2942 2941 2952 2956 2957 2957 2957 2957 2957 2957 2957 2957 2956 2956 2956 2956 2956 2955 2951 2945 2940 2939 2945 2948 2950 2951 2951 2946 2934 2940 2943 2944 2945 2945 2944 2944 2944 2944 2943 2943 2942 2942 2942 2939 2935 2931 2927 2924 2924 2928 2930 2931 2931 2929 2926 2924 2917 2914 2912 2913 2916 2920 2924 2926 2928 2928 2931
2956 2951 2951 2951 2940 2935 2952 2953 2953 2953 2953 2953 2950 2940 2934 2937 2947 2954 2955 2955 2956 2957 2957 2957 2957 2956 2956 2956 2956 2956 2956 2955 2951 2945 2937 2931 2936 2942 2941 2942 2945 2948 2948 2939 2937 2937 2944 2945 2944 2943 2943 2943 2942 2942 2942 2941 2941 2939 2936 2932 2927 2923 2918 2918 2923 2928 2929 2928 2927 2924 2922 2916 2911 2906 2909 2911 2916 2922 2926 2928 2929 2931
2955 2952 2951 2948 2945 2943 2945 2948 2950 2951 2952 2951 2949 2945 2940 2942 2946 2951 2951 2949 2951 2955 2956 2956 2956 2956 2956 2956 2956 2956 2955 2954 2951 2945 2937 2935 2937 2933 2927 2927 2934 2941 2939 2936 2939 2942 2944 2944 2942 2939 2939 2939 2941 2940 2940 2940 2939 2938 2935 2930 2924 2917 2911 2915 2921 2927 2928 2927 2925 2922 2920 2916 2909 2904 2903 2908 2915 2921 2926 2926 2929 2930
2950 2945 2943 2936 2927 2932 2938 2942 2946 2949 2950 2949 2947 2948 2948 2948 2945 2941 2943 2940 2944 2951 2954 2954 2954 2955 2954 2954 2955 2955 2955 2954 2952 2949 2945 2942 2933 2922 2912 2914 2925 2936 2938 2937 2943 2945 2945 2942 2938 2935 2933 2934 2936 2935 2937 2937 2938 2937 2935 2931 2925 2922 2923 2923 2924 2927 2927 2925 2922 2919 2916 2914 2911 2905 2901 2908 2915 2922 2924 2924 2924 2924
2948 2945 2940 2932 2922 2928 2934 2936 2941 2945 2948 2946 2945 2947 2948 2947 2941 2932 2927 2924 2931 2942 2950 2950 2951 2952 2953 2950 2951 2954 2954 2953 2951 2950 2946 2938 2926 2916 2904 2906 2918 2933 2942 2945 2946 2946 2945 2942 2936 2929 2923 2928 2932 2931 2932 2932 2934 2935 2935 2934 2932 2930 2929 2929 2929 2928 2926 2923 2919 2913 2909 2911 2908 2907 2910 2915 2918 2920 2921 2920 2917 2918
2948 2946 2942 2936 2931 2932 2930 2927 2936 2942 2946 2945 2944 2946 2948 2947 2944 2935 2928 2928 2934 2941 2948 2948 2951 2952 2952 2951 2950 2951 2953 2953 2953 2951 2948 2938 2925 2917 2915 2915 2921 2936 2944 2946 2946 2945 2945 2943 2938 2932 2925 2929 2930 2929 2929 2929 2932 2932 2932 2932 2931 2931 2931 2931 2929 2928 2926 2922 2918 2912 2906 2908 2908 2910 2913 2917 2920 2921 2922 2919 2915 2920
2946 2947 2945 2943 2939 2936 2933 2930 2935 2943 2944 2944 2942 2946 2947 2946 2945 2943 2940 2938 2942 2944 2946 2949 2949 2950 2951 2950 2949 2949 2949 2950 2951 2951 2950 2944 2935 2930 2928 2930 2934 2940 2944 2945 2945 2945 2944 2942 2939 2938 2934 2933 2930 2925 2923 2924 2928 2929 2928 2927 2927 2927 2929 2928 2925 2923 2924 2923 2920 2916 2912 2912 2912 2912 2914 2919 2921 2922 2923 2922 2920 2924
2944 2944 2946 2945 2942 2940 2938 2937 2939 2942 2942 2941 2939 2941 2944 2944 2942 2941 2936 2933 2935 2939 2944 2947 2947 2947 2948 2946 2944 2944 2945 2945 2946 2946 2947 2947 2945 2942 2941 2939 2939 2943 2945 2945 2945 2945 2943 2941 2937 2932 2927 2924 2919 2914 2917 2919 2921 2923 2924 2924 2923 2925 2927 2926 2923 2923 2922 2921 2921 2920 2917 2916 2916 2914 2913 2917 2920 2921 2924 2924 2924 2924
2941 2941 2942 2944 2944 2941 2939 2939 2938 2941 2940 2937 2936 2937 2941 2940 2940 2934 2920 2917 2917 2929 2938 2944 2944 2944 2944 2940 2938 2937 2938 2939 2941 2940 2937 2943 2946 2945 2945 2944 2943 2945 2944 2944 2945 2944 2943 2942 2939 2934 2928 2923 2919 2916 2914 2914 2915 2914 2917 2919 2922 2925 2927 2925 2926 2926 2923 2921 2920 2920 2919 2918 2917 2913 2915 2917 2919 2921 2923 2924 2923 2921
2939 2938 2939 2940 2940 2939 2935 2934 2936 2937 2936 2933 2932 2935 2937 2938 2937 2928 2911 2909 2905 2922 2935 2941 2941 2938 2937 2932 2928 2926 2927 2931 2937 2934 2936 2943 2944 2945 2945 2944 2944 2944 2944 2944 2944 2944 2943 2942 2940 2936 2927 2920 2915 2911 2908 2906 2902 2900 2909 2909 2920 2924 2926 2926 2926 2926 2924 2922 2921 2920 2917 2914 2915 2915 2916 2917 2919 2919 2916 2910 2919 2920
2936 2935 2936 2939 2937 2932 2929 2928 2926 2931 2931 2928 2928 2932 2934 2935 2935 2930 2922 2915 2912 2926 2934 2937 2937 2936 2932 2928 2919 2914 2913 2918 2930 2936 2939 2942 2943 2943 2943 2944 2944 2944 2944 2944 2944 2944 2943 2942 2940 2936 2926 2916 2912 2907 2901 2897 2892 2896 2897 2903 2915 2920 2921 2924 2925 2924 2921 2919 2919 2918 2914 2911 2911 2910 2911 2912 2915 2904 2900 2914 2919 2920
2935 2934 2933 2936 2929 2921 2918 2915 2916 2920 2922 2923 2921 2927 2929 2930 2931 2931 2928 2927 2928 2930 2932 2931 2932 2931 2927 2926 2914 2905 2904 2911 2925 2935 2936 2942 2943 2943 2943 2943 2943 2944 2944 2944 2944 2943 2943 2942 2938 2933 2927 2917 2914 2908 2902 2905 2902 2898 2901 2906 2913 2909 2913 2923 2925 2923 2919 2918 2917 2916 2913 2907 2904 2903 2903 2904 2909 2907 2898 2910 2917 2919
2932 2931 2929 2929 2925 2919 2915 2911 2910 2909 2910 2915 2918 2923 2922 2926 2926 2926 2927 2929 2929 2930 2929 2925 2924 2925 2925 2924 2918 2909 2906 2915 2927 2934 2935 2940 2943 2943 2943 2943 2943 2943 2943 2943 2943 2941 2941 2941 2938 2933 2928 2923 2919 2915 2913 2915 2917 2914 2919 2920 2919 2916 2917 2924 2923 2921 2919 2916 2914 2912 2907 2902 2895 2892 2892 2896 2904 2910 2912 2915 2915 2919
2936 2935 2928 2932 2930 2927 2924 2920 2915 2915 2916 2915 2915 2920 2922 2921 2921 2922 2924 2926 2927 2928 2923 2912 2911 2919 2918 2918 2919 2918 2918 2923 2929 2932 2934 2938 2942 2942 2942 2942 2942 2942 2942 2942 2941 2939 2939 2938 2933 2930 2931 2929 2925 2923 2922 2923 2926 2926 2926 2924 2923 2923 2923 2924 2923 2921 2919 2915 2910 2905 2899 2893 2886 2881 2881 2888 2899 2908 2914 2918 2918 2917
2936 2935 2934 2935 2934 2932 2928 2925 2922 2921 2919 2916 2917 2914 2918 2920 2920 2920 2922 2923 2924 2924 2917 2901 2898 2906 2905 2913 2915 2919 2922 2924 2927 2930 2934 2938 2940 2941 2941 2941 2941 2941 2941 2941 2940 2939 2938 2938 2934 2930 2933 2933 2932 2931 2930 2930 2930 2930 2928 2926 2922 2918 2922 2923 2923 2921 2917 2911 2904 2898 2894 2889 2882 2873 2873 2885 2898 2909 2914 2915 2916 2917
2936 2937 2936 2935 2935 2932 2929 2928 2925 2923 2918 2912 2912 2910 2916 2918 2918 2916 2914 2918 2921 2921 2914 2898 2890 2894 2904 2909 2911 2915 2918 2919 2921 2927 2931 2936 2939 2940 2940 2940 2940 2940 2940 2939 2939 2938 2937 2937 2938 2937 2937 2936 2936 2935 2933 2933 2932 2930 2928 2925 2924 2922 2923 2923 2921 2918 2912 2904 2896 2893 2884 2887 2884 2876 2875 2884 2898 2909 2912 2911 2914 2915
2937 2937 2937 2936 2934 2933 2930 2928 2926 2922 2917 2911 2910 2911 2910 2913 2917 2912 2909 2912 2918 2918 2912 2901 2893 2896 2903 2906 2908 2913 2916 2922 2926 2928 2932 2934 2935 2938 2939 2938 2937 2938 2939 2937 2934 2933 2934 2935 2937 2937 2937 2936 2936 2935 2935 2932 2927 2924 2922 2923 2922 2922 2921 2921 2919 2913 2907 2901 2892 2884 2886 2891 2889 2886 2886 2891 2900 2910 2913 2910 2912 2915
2938 2938 2938 2936 2935 2933 2930 2927 2926 2920 2918 2914 2909 2908 2910 2911 2915 2912 2907 2912 2914 2915 2911 2907 2902 2898 2897 2904 2909 2916 2919 2922 2926 2930 2931 2934 2937 2936 2935 2936 2935 2934 2932 2933 2932 2930 2929 2932 2933 2935 2932 2932 2933 2934 2932 2927 2921 2923 2922 2921 2920 2918 2918 2919 2919 2913 2906 2903 2897 2892 2895 2896 2896 2895 2897 2903 2907 2911 2914 2913 2914 2915
2934 2936 2937 2936 2935 2933 2928 2926 2925 2923 2919 2915 2914 2908 2907 2910 2908 2909 2908 2911 2912 2912 2911 2909 2906 2901 2898 2904 2911 2917 2921 2924 2928 2931 2932 2933 2935 2934 2933 2933 2932 2932 2931 2931 2930 2928 2928 2928 2930 2931 2929 2929 2931 2932 2927 2924 2921 2917 2915 2920 2917 2915 2914 2915 2915 2915 2913 2909 2905 2904 2904 2901 2899 2903 2905 2905 2909 2912 2913 2913 2913 2914
2935 2937 2937 2934 2934 2934 2931 2931 2926 2921 2916 2912 2911 2908 2906 2903 2904 2909 2909 2909 2908 2907 2908 2908 2908 2907 2902 2897 2908 2918 2921 2923 2927 2928 2929 2933 2933 2932 2930 2929 2928 2928 2925 2925 2925 2923 2923 2925 2928 2928 2927 2927 2929 2928 2925 2922 2918 2915 2914 2919 2917 2914 2912 2911 2912 2914 2913 2912 2911 2908 2907 2905 2903 2905 2907 2907 2910 2911 2912 2912 2913 2913
2940 2941 2938 2937 2938 2938 2936 2930 2922 2912 2904 2899 2903 2906 2905 2903 2902 2906 2907 2906 2905 2905 2905 2905 2907 2909 2910 2908 2913 2919 2919 2921 2924 2924 2927 2931 2930 2929 2925 2922 2921 2919 2914 2914 2917 2917 2918 2922 2925 2926 2924 2924 2926 2925 2922 2919 2917 2913 2913 2917 2917 2916 2914 2912 2911 2912 2911 2910 2912 2911 2908 2907 2905 2906 2907 2908 2910 2912 2913 2913 2913 2914
2944 2943 2943 2942 2942 2940 2937 2928 2915 2903 2893 2886 2893 2905 2907 2904 2902 2905 2905 2903 2901 2901 2901 2902 2904 2907 2911 2914 2916 2918 2919 2921 2921 2923 2925 2927 2927 2926 2922 2917 2913 2909 2903 2899 2903 2909 2915 2920 2921 2921 2920 2921 2920 2913 2910 2908 2911 2917 2916 2917 2916 2912 2913 2913 2911 2904 2907 2909 2910 2908 2908 2907 2906 2904 2905 2907 2907 2907 2909 2911 2913 2916
2945 2945 2946 2945 2945 2943 2938 2928 2912 2899 2886 2877 2889 2904 2909 2908 2903 2906 2903 2899 2897 2896 2896 2898 2901 2904 2907 2911 2914 2915 2915 2917 2918 2920 2921 2921 2922 2922 2920 2914 2906 2901 2894 2887 2894 2904 2912 2915 2913 2915 2915 2915 2909 2901 2898 2901 2910 2917 2917 2917 2915 2912 2912 2910 2908 2905 2905 2906 2907 2906 2907 2904 2906 2902 2902 2902 2899 2899 2900 2902 2905 2909
2946 2946 2944 2944 2945 2944 2941 2933 2919 2904 2892 2888 2896 2909 2912 2910 2906 2903 2900 2894 2891 2889 2890 2893 2895 2899 2904 2909 2913 2913 2912 2912 2912 2914 2914 2915 2918 2918 2916 2911 2904 2897 2885 2879 2892 2902 2908 2906 2902 2904 2907 2904 2900 2893 2890 2897 2907 2915 2916 2916 2914 2913 2911 2908 2905 2902 2899 2902 2905 2904 2905 2903 2903 2903 2902 2898 2890 2888 2887 2890 2896 2904
2943 2947 2946 2945 2943 2942 2939 2929 2916 2908 2904 2905 2910 2913 2913 2911 2904 2897 2890 2885 2883 2879 2882 2885 2889 2894 2901 2905 2907 2909 2907 2906 2905 2906 2907 2909 2912 2913 2912 2910 2906 2901 2894 2892 2897 2904 2906 2900 2891 2889 2894 2893 2893 2886 2887 2896 2905 2913 2914 2914 2912 2911 2907 2905 2902 2898 2895 2899 2901 2901 2901 2903 2900 2898 2896 2893 2885 2869 2869 2881 2890 2899
2937 2946 2947 2946 2940 2939 2940 2931 2920 2911 2914 2916 2915 2914 2913 2910 2904 2896 2887 2877 2871 2870 2868 2876 2877 2883 2895 2900 2901 2902 2902 2900 2898 2898 2900 2903 2906 2908 2907 2907 2904 2899 2896 2898 2903 2906 2904 2894 2883 2875 2880 2883 2891 2892 2896 2904 2910 2912 2912 2911 2910 2908 2906 2905 2902 2898 2897 2898 2898 2898 2900 2900 2899 2896 2894 2889 2881 2865 2869 2882 2889 2895
2935 2944 2947 2946 2943 2942 2941 2936 2925 2922 2920 2919 2918 2916 2914 2912 2903 2888 2878 2871 2858 2860 2852 2866 2870 2881 2891 2894 2897 2898 2897 2896 2894 2891 2892 2897 2901 2904 2903 2902 2898 2894 2890 2894 2904 2906 2901 2893 2883 2875 2869 2878 2891 2900 2905 2909 2909 2909 2912 2912 2912 2910 2908 2906 2903 2901 2898 2898 2896 2896 2896 2897 2896 2896 2892 2886 2882 2879 2882 2885 2888 2889
2938 2943 2945 2944 2946 2944 2942 2939 2931 2930 2925 2921 2920 2918 2916 2911 2900 2885 2874 2864 2868 2861 2846 2852 2865 2878 2888 2891 2892 2894 2895 2893 2892 2890 2892 2893 2897 2900 2900 2899 2895 2894 2892 2893 2901 2905 2903 2900 2894 2888 2882 2885 2896 2904 2910 2911 2912 2910 2914 2914 2914 2913 2909 2907 2904 2899 2896 2895 2893 2889 2890 2889 2892 2895 2891 2888 2885 2883 2877 2881 2884 2882
2941 2945 2947 2946 2947 2945 2941 2938 2933 2930 2925 2922 2922 2920 2918 2910 2898 2895 2885 2882 2881 2869 2863 2855 2869 2880 2886 2889 2887 2888 2891 2891 2889 2890 2891 2893 2895 2898 2898 2896 2895 2893 2891 2894 2897 2904 2908 2908 2906 2903 2899 2898 2904 2909 2910 2913 2914 2914 2916 2916 2913 2912 2911 2908 2901 2893 2890 2890 2886 2876 2880 2879 2880 2884 2885 2887 2882 2879 2876 2880 2885 2884
2945 2948 2948 2949 2948 2945 2941 2937 2932 2930 2925 2915 2921 2922 2917 2911 2905 2897 2889 2879 2871 2867 2857 2856 2869 2876 2884 2889 2887 2886 2889 2889 2888 2889 2891 2894 2896 2898 2897 2894 2891 2889 2888 2891 2895 2900 2904 2909 2911 2911 2912 2911 2911 2912 2913 2914 2912 2913 2915 2914 2912 2912 2910 2903 2894 2887 2882 2884 2879 2872 2874 2874 2865 2863 2872 2882 2878 2870 2870 2878 2886 2887
2947 2948 2946 2949 2950 2947 2943 2938 2934 2932 2929 2923 2922 2923 2918 2913 2908 2898 2884 2871 2866 2860 2862 2865 2866 2876 2885 2889 2884 2886 2890 2889 2887 2891 2893 2896 2898 2898 2896 2893 2889 2885 2883 2888 2894 2899 2904 2906 2908 2908 2910 2910 2912 2913 2913 2913 2911 2911 2913 2914 2912 2910 2906 2896 2884 2875 2873 2882 2885 2882 2877 2871 2867 2867 2876 2883 2877 2867 2865 2875 2887 2891
2949 2946 2944 2949 2949 2947 2945 2938 2934 2935 2933 2928 2926 2923 2919 2915 2909 2902 2891 2882 2879 2875 2875 2879 2882 2887 2890 2891 2890 2889 2890 2890 2889 2893 2896 2896 2898 2898 2898 2894 2887 2876 2879 2886 2894 2899 2904 2905 2906 2904 2904 2905 2906 2906 2906 2907 2910 2911 2913 2912 2909 2907 2903 2896 2885 2878 2883 2888 2891 2887 2883 2882 2883 2885 2886 2884 2877 2868 2864 2870 2884 2891
2949 2949 2949 2950 2949 2947 2944 2940 2936 2934 2935 2931 2928 2925 2922 2917 2911 2904 2897 2892 2888 2884 2882 2885 2888 2890 2885 2889 2891 2891 2888 2888 2891 2895 2894 2889 2892 2897 2897 2894 2885 2878 2883 2888 2895 2899 2904 2906 2906 2902 2900 2898 2897 2891 2894 2900 2907 2907 2907 2908 2905 2904 2903 2900 2892 2888 2890 2893 2893 2892 2894 2894 2893 2892 2890 2886 2881 2878 2876 2874 2883 2889
