Capas/FUTURO/Eje_30s/ASC/bio_13.asc
ncols         993
nrows         433
xllcorner     -105.25566776747
yllcorner     17.599810932142
cellsize      0.0083333333
NODATA_value  -9999
[rows 108 to 143 of 433, columns 82 to 163 of 993]
2783 2670 2555 2432 2332 2239 2163 2096 2057 2051 2035 2043 2083 2136 2199 2260 2316 2366 2382 2439 2497 2551 2584 2621 2629 2589 2526 2447 2364 2286 2210 2150 2108 2079 2060 2047 2037 2025 2002 1976 1951 1946 1958 1986 2012 2046 2088 2132 2173 2211 2260 2311 2362 2415 2467 2519 2572 2618 2656 2682 2704 2718 2730 2737 2740 2751 2766 2780 2785 2788 2793 2772 2748 2732 2727 2717 2702 2689 2682 2676 2671 2671
2749 2659 2542 2433 2338 2246 2169 2101 2053 2040 2021 2025 2053 2112 2170 2221 2275 2312 2349 2411 2462 2525 2547 2579 2601 2565 2501 2423 2342 2247 2178 2121 2075 2043 2022 2008 1997 1987 1967 1940 1914 1902 1907 1927 1955 1996 2043 2084 2128 2173 2224 2281 2336 2390 2442 2490 2538 2582 2618 2640 2658 2666 2674 2680 2685 2696 2712 2723 2727 2712 2692 2676 2647 2630 2619 2622 2622 2618 2620 2627 2633 2643
2736 2631 2533 2439 2349 2264 2186 2119 2066 2035 2032 2032 2056 2093 2122 2167 2232 2272 2319 2379 2431 2495 2531 2556 2569 2530 2471 2394 2319 2229 2147 2084 2036 2003 1977 1962 1952 1943 1931 1905 1878 1868 1869 1882 1904 1946 1994 2039 2086 2140 2195 2253 2309 2364 2414 2460 2501 2539 2567 2581 2590 2598 2601 2601 2610 2616 2627 2633 2621 2609 2583 2561 2519 2496 2491 2498 2513 2520 2534 2552 2568 2589
2684 2596 2524 2449 2378 2292 2212 2150 2095 2058 2035 2034 2052 2076 2084 2135 2193 2240 2293 2351 2416 2466 2512 2543 2546 2515 2463 2387 2309 2224 2138 2064 1996 1955 1935 1916 1905 1896 1880 1855 1838 1839 1845 1855 1878 1917 1957 2001 2050 2103 2162 2220 2276 2328 2379 2423 2455 2484 2508 2513 2507 2505 2503 2495 2491 2488 2503 2510 2494 2480 2456 2412 2370 2347 2347 2370 2390 2413 2438 2463 2487 2515
2626 2569 2522 2455 2395 2332 2256 2188 2138 2098 2069 2067 2075 2092 2107 2142 2182 2224 2280 2332 2387 2437 2479 2508 2508 2483 2452 2395 2297 2211 2126 2045 1964 1905 1877 1873 1863 1857 1837 1814 1804 1806 1815 1831 1857 1883 1918 1963 2015 2071 2129 2186 2239 2287 2342 2379 2393 2418 2432 2427 2408 2398 2387 2369 2356 2347 2353 2361 2349 2335 2302 2266 2245 2247 2251 2259 2275 2302 2334 2366 2399 2431
2595 2566 2509 2457 2400 2349 2293 2226 2179 2137 2108 2098 2092 2107 2138 2148 2164 2196 2249 2299 2350 2401 2442 2478 2478 2449 2432 2390 2308 2211 2120 2020 1936 1872 1835 1825 1829 1825 1809 1791 1785 1787 1796 1810 1832 1854 1886 1930 1983 2039 2095 2152 2207 2260 2309 2331 2339 2356 2354 2340 2311 2286 2259 2237 2218 2200 2199 2211 2202 2181 2155 2134 2137 2150 2150 2157 2174 2200 2234 2273 2308 2346
2602 2556 2518 2467 2412 2379 2335 2274 2222 2179 2147 2127 2119 2132 2157 2169 2170 2194 2234 2274 2316 2364 2425 2462 2463 2443 2412 2360 2294 2204 2099 2003 1922 1856 1815 1796 1796 1798 1794 1791 1793 1800 1809 1811 1817 1834 1864 1910 1956 2008 2069 2130 2187 2248 2285 2294 2276 2281 2284 2261 2214 2166 2126 2101 2077 2051 2043 2053 2064 2047 2039 2032 2029 2046 2053 2065 2083 2107 2141 2184 2227 2269
2568 2548 2525 2491 2453 2417 2366 2317 2265 2233 2198 2178 2186 2188 2193 2199 2186 2204 2222 2265 2287 2329 2388 2430 2439 2435 2403 2341 2270 2186 2087 1993 1915 1851 1811 1795 1795 1800 1808 1820 1835 1845 1843 1830 1824 1834 1862 1900 1942 1989 2050 2109 2167 2227 2252 2261 2238 2218 2203 2176 2123 2065 2019 1986 1956 1934 1923 1921 1926 1931 1936 1931 1936 1957 1973 1982 1998 2022 2065 2117 2158 2202
2567 2538 2526 2503 2475 2440 2404 2358 2320 2280 2248 2240 2242 2251 2245 2231 2209 2212 2218 2245 2267 2310 2354 2399 2412 2401 2381 2315 2245 2163 2066 1970 1900 1846 1821 1817 1826 1837 1854 1879 1888 1885 1877 1859 1844 1843 1859 1893 1923 1969 2024 2073 2136 2196 2229 2238 2238 2214 2160 2107 2047 1986 1934 1888 1856 1837 1828 1826 1828 1843 1850 1847 1862 1882 1896 1907 1925 1965 2022 2066 2102 2131
2568 2540 2534 2522 2494 2462 2422 2372 2347 2324 2307 2301 2298 2294 2278 2255 2225 2210 2205 2212 2238 2277 2307 2354 2380 2365 2341 2294 2222 2136 2032 1946 1886 1852 1849 1862 1878 1899 1915 1926 1931 1927 1916 1904 1877 1860 1859 1874 1910 1945 1984 2031 2089 2146 2199 2218 2215 2189 2143 2056 1984 1920 1861 1814 1781 1763 1754 1751 1757 1772 1782 1785 1801 1820 1832 1842 1864 1914 1979 2024 2061 2076
2579 2554 2539 2517 2502 2459 2423 2390 2363 2348 2342 2344 2342 2321 2291 2263 2227 2199 2183 2190 2212 2244 2270 2295 2329 2333 2310 2258 2180 2092 1999 1926 1880 1872 1867 1880 1907 1937 1958 1971 1975 1969 1958 1940 1919 1896 1877 1872 1889 1920 1958 1995 2043 2101 2150 2174 2172 2139 2091 2007 1933 1868 1810 1761 1729 1710 1700 1699 1706 1717 1728 1740 1758 1774 1784 1797 1829 1883 1946 1996 2025 2047
2585 2549 2522 2504 2494 2460 2426 2407 2390 2377 2367 2372 2363 2344 2310 2264 2222 2184 2166 2167 2186 2210 2241 2253 2266 2270 2269 2217 2134 2046 1965 1905 1880 1866 1868 1890 1927 1963 1990 2003 2007 2003 1991 1969 1948 1930 1907 1883 1882 1896 1926 1962 2002 2048 2088 2109 2116 2087 2028 1956 1888 1826 1772 1726 1694 1673 1665 1669 1676 1684 1698 1715 1735 1748 1757 1774 1810 1866 1918 1963 2000 2019
2576 2532 2508 2494 2467 2453 2425 2405 2397 2393 2383 2380 2366 2349 2314 2260 2209 2174 2148 2145 2159 2180 2203 2215 2217 2214 2205 2157 2088 2003 1930 1880 1866 1852 1859 1890 1932 1972 2000 2017 2022 2017 2007 1987 1971 1945 1922 1894 1883 1887 1917 1944 1974 2007 2029 2049 2048 2014 1958 1903 1846 1791 1742 1701 1668 1649 1645 1650 1658 1669 1687 1707 1727 1743 1756 1773 1798 1849 1910 1947 1973 1997
2573 2524 2500 2481 2452 2446 2431 2414 2404 2411 2408 2394 2378 2340 2301 2256 2206 2165 2134 2124 2134 2154 2171 2186 2193 2180 2160 2117 2040 1959 1892 1854 1842 1834 1848 1882 1925 1966 1996 2013 2020 2019 2008 1992 1974 1952 1928 1896 1882 1887 1909 1933 1960 1974 1970 1990 1996 1955 1904 1856 1808 1761 1719 1683 1653 1637 1635 1639 1650 1670 1696 1720 1747 1771 1787 1798 1819 1870 1911 1935 1951 1969
2604 2536 2497 2479 2458 2449 2437 2417 2419 2442 2430 2408 2387 2340 2290 2244 2198 2153 2116 2110 2115 2131 2137 2154 2157 2149 2122 2071 1989 1918 1858 1825 1815 1814 1831 1865 1908 1948 1978 1998 2008 2009 2002 1989 1970 1951 1922 1896 1884 1890 1906 1923 1944 1944 1932 1951 1955 1914 1866 1820 1776 1735 1701 1670 1643 1629 1628 1634 1656 1689 1728 1763 1793 1822 1837 1851 1874 1911 1927 1932 1934 1936
2638 2563 2507 2479 2466 2462 2457 2451 2449 2460 2448 2419 2386 2341 2288 2230 2193 2149 2121 2108 2107 2112 2115 2129 2125 2109 2073 2014 1939 1877 1824 1795 1787 1792 1811 1843 1885 1924 1955 1976 1988 1991 1989 1980 1967 1948 1918 1897 1892 1898 1910 1923 1940 1938 1921 1923 1917 1883 1842 1799 1757 1718 1687 1659 1635 1624 1624 1635 1664 1710 1767 1811 1850 1889 1905 1917 1942 1954 1944 1922 1913 1932
2677 2592 2522 2494 2481 2468 2473 2473 2488 2488 2467 2430 2382 2337 2285 2229 2196 2149 2127 2115 2094 2091 2095 2096 2082 2059 2028 1965 1899 1841 1797 1773 1765 1770 1788 1820 1859 1897 1927 1948 1962 1970 1970 1965 1956 1943 1921 1899 1899 1910 1919 1933 1944 1955 1943 1920 1898 1868 1831 1790 1747 1709 1678 1651 1630 1621 1624 1642 1677 1732 1795 1851 1897 1953 1982 1997 2012 1986 1942 1915 1912 1935
2718 2625 2556 2523 2500 2482 2475 2477 2483 2487 2477 2441 2384 2333 2287 2240 2205 2159 2135 2119 2084 2070 2064 2061 2044 2019 1982 1927 1866 1815 1783 1762 1745 1748 1766 1795 1831 1867 1897 1919 1936 1945 1949 1948 1942 1933 1915 1900 1910 1918 1928 1943 1952 1959 1969 1955 1925 1887 1840 1790 1746 1706 1674 1647 1629 1622 1631 1653 1691 1751 1821 1887 1944 2014 2049 2069 2079 2029 1969 1938 1929 1941
2776 2675 2598 2563 2535 2502 2487 2493 2491 2483 2461 2432 2396 2342 2285 2247 2220 2181 2148 2125 2087 2068 2055 2031 2011 1987 1946 1894 1845 1806 1775 1745 1731 1732 1747 1773 1804 1839 1869 1892 1911 1921 1929 1929 1927 1921 1905 1900 1917 1925 1936 1948 1955 1964 1976 1972 1942 1915 1857 1793 1745 1705 1673 1647 1630 1628 1642 1669 1710 1772 1848 1919 1993 2064 2107 2128 2133 2087 2011 1977 1961 1965
2821 2735 2660 2605 2571 2530 2515 2510 2497 2473 2449 2414 2386 2341 2297 2267 2240 2193 2167 2134 2096 2068 2043 2010 1977 1944 1912 1871 1834 1805 1772 1742 1725 1721 1731 1753 1782 1814 1843 1866 1885 1898 1904 1907 1906 1899 1893 1898 1916 1927 1940 1950 1933 1940 1963 1966 1946 1916 1856 1791 1742 1702 1668 1646 1634 1635 1652 1686 1733 1799 1874 1949 2029 2102 2153 2172 2172 2128 2048 2018 2009 2019
2862 2779 2714 2664 2620 2582 2543 2518 2496 2449 2416 2397 2373 2345 2312 2287 2255 2221 2182 2153 2104 2068 2023 1980 1949 1923 1896 1867 1838 1808 1782 1751 1725 1713 1719 1737 1761 1790 1818 1842 1858 1869 1880 1891 1894 1893 1888 1903 1914 1927 1940 1946 1927 1926 1929 1934 1923 1888 1836 1783 1740 1699 1665 1646 1642 1644 1663 1700 1757 1816 1891 1971 2051 2111 2158 2168 2170 2119 2060 2041 2052 2082
2910 2834 2772 2719 2662 2624 2579 2537 2491 2434 2388 2365 2340 2319 2292 2279 2270 2245 2195 2167 2117 2071 2019 1978 1953 1938 1922 1896 1864 1829 1793 1760 1739 1717 1713 1721 1742 1769 1795 1818 1838 1853 1864 1871 1876 1880 1884 1893 1908 1922 1937 1948 1951 1955 1943 1924 1897 1863 1823 1779 1737 1696 1663 1648 1648 1653 1672 1715 1771 1837 1903 1981 2054 2094 2127 2135 2114 2069 2045 2050 2087 2117
2968 2897 2833 2770 2705 2649 2588 2536 2479 2430 2378 2340 2310 2291 2273 2266 2271 2255 2227 2182 2125 2076 2030 1998 1993 1975 1957 1949 1917 1867 1816 1774 1744 1720 1711 1712 1728 1750 1774 1796 1815 1830 1840 1848 1855 1861 1870 1879 1896 1914 1929 1944 1957 1971 1971 1962 1912 1866 1830 1786 1739 1697 1662 1648 1650 1658 1679 1723 1780 1852 1920 1991 2041 2068 2067 2050 2035 2018 2017 2045 2101 2143
3017 2954 2887 2813 2746 2683 2611 2544 2470 2419 2379 2339 2310 2287 2269 2258 2259 2245 2220 2189 2128 2082 2050 2028 2007 1972 1957 1963 1954 1908 1848 1795 1752 1721 1701 1699 1718 1736 1755 1774 1791 1804 1812 1822 1830 1840 1852 1865 1882 1902 1921 1938 1959 1971 1972 1966 1922 1874 1839 1798 1748 1701 1664 1648 1650 1663 1687 1731 1791 1862 1923 1979 2017 2039 2012 1987 1981 1980 1996 2046 2114 2169
3065 2995 2923 2853 2778 2705 2632 2563 2490 2421 2363 2332 2316 2283 2276 2275 2257 2236 2218 2192 2127 2091 2068 2036 2010 1982 1979 1984 1981 1943 1874 1816 1768 1729 1701 1695 1710 1725 1739 1755 1768 1773 1783 1792 1802 1809 1823 1839 1860 1886 1904 1928 1957 1968 1973 1966 1921 1874 1843 1805 1755 1706 1668 1650 1654 1674 1701 1747 1802 1865 1920 1961 1987 1996 1965 1946 1950 1967 2004 2066 2132 2196
3112 3050 2973 2897 2821 2730 2649 2589 2514 2448 2382 2333 2311 2271 2257 2260 2258 2233 2205 2168 2124 2099 2065 2045 2026 2009 2005 2006 1990 1957 1893 1834 1785 1749 1723 1708 1713 1722 1730 1739 1729 1725 1731 1744 1757 1772 1797 1825 1853 1880 1904 1929 1962 1977 1982 1972 1924 1878 1845 1807 1761 1715 1676 1655 1660 1684 1714 1757 1810 1869 1916 1943 1942 1935 1924 1919 1939 1982 2036 2090 2154 2225
3148 3071 2994 2925 2851 2781 2704 2627 2535 2470 2422 2354 2321 2279 2255 2231 2214 2199 2187 2150 2107 2083 2050 2027 2015 2006 2013 2008 1985 1954 1897 1839 1795 1764 1730 1717 1715 1720 1717 1707 1701 1699 1705 1722 1743 1771 1810 1858 1891 1909 1928 1954 1985 1992 1993 1977 1929 1889 1858 1823 1780 1735 1693 1665 1667 1692 1725 1766 1817 1867 1905 1925 1904 1896 1898 1913 1951 2000 2051 2115 2176 2250
3181 3102 3027 2944 2867 2806 2732 2645 2567 2494 2439 2396 2341 2302 2263 2221 2188 2159 2129 2119 2096 2069 2041 2018 1998 1976 1972 1974 1962 1934 1882 1833 1791 1763 1732 1720 1718 1720 1709 1693 1687 1688 1702 1736 1777 1820 1868 1913 1952 1976 1976 2002 2018 2014 2003 1972 1935 1910 1888 1857 1815 1770 1721 1680 1678 1705 1736 1775 1821 1864 1899 1920 1894 1880 1888 1921 1972 2010 2073 2133 2200 2277
3219 3136 3060 2991 2907 2834 2750 2669 2594 2524 2463 2421 2373 2308 2260 2201 2162 2118 2077 2050 2024 2013 2001 1986 1969 1952 1936 1921 1912 1895 1853 1810 1773 1747 1732 1721 1719 1720 1714 1691 1684 1689 1711 1759 1802 1855 1911 1960 2003 2026 2040 2053 2053 2046 2033 1996 1953 1930 1914 1873 1829 1785 1745 1697 1686 1713 1741 1778 1816 1856 1887 1906 1889 1873 1883 1923 1979 2022 2090 2153 2225 2300
3252 3178 3100 3030 2973 2901 2814 2718 2632 2560 2507 2449 2378 2300 2239 2179 2119 2073 2036 2002 1970 1956 1935 1931 1911 1907 1891 1876 1858 1846 1811 1779 1751 1732 1721 1715 1716 1718 1710 1690 1687 1698 1727 1779 1830 1892 1954 2006 2045 2069 2082 2092 2087 2072 2055 2027 1969 1933 1912 1876 1831 1786 1747 1700 1687 1715 1740 1773 1806 1841 1869 1876 1867 1869 1888 1921 1970 2039 2106 2178 2251 2322
3280 3210 3156 3091 3026 2955 2879 2790 2706 2619 2548 2482 2400 2313 2232 2145 2079 2035 1978 1946 1924 1908 1883 1874 1850 1839 1834 1825 1811 1785 1759 1738 1720 1710 1705 1704 1708 1713 1698 1688 1695 1719 1759 1805 1861 1929 1993 2042 2077 2101 2115 2117 2109 2093 2072 2041 1978 1933 1896 1865 1822 1771 1720 1686 1684 1709 1733 1761 1786 1818 1830 1830 1845 1880 1916 1945 1985 2054 2130 2202 2276 2343
3306 3239 3184 3128 3060 2988 2916 2847 2760 2678 2584 2487 2397 2312 2221 2125 2037 1987 1945 1895 1862 1845 1834 1818 1796 1780 1770 1760 1744 1724 1709 1697 1686 1684 1686 1687 1693 1703 1686 1690 1713 1754 1787 1833 1892 1957 2018 2066 2100 2126 2137 2134 2122 2106 2084 2051 2007 1959 1904 1844 1791 1736 1689 1672 1680 1694 1712 1733 1763 1796 1787 1799 1837 1901 1956 1990 2028 2089 2160 2236 2304 2369
3324 3263 3199 3142 3087 3024 2954 2883 2796 2708 2611 2504 2403 2310 2218 2120 2030 1956 1906 1870 1835 1801 1780 1759 1747 1734 1720 1704 1688 1673 1661 1656 1654 1660 1666 1671 1679 1686 1680 1700 1736 1766 1808 1860 1920 1981 2038 2083 2114 2133 2147 2143 2131 2113 2090 2061 2018 1973 1919 1838 1768 1710 1668 1657 1666 1678 1680 1699 1738 1763 1758 1786 1843 1925 1996 2051 2086 2139 2213 2288 2352 2418
3340 3297 3243 3181 3131 3079 3011 2935 2841 2733 2638 2548 2438 2351 2251 2161 2053 1963 1895 1844 1800 1768 1751 1715 1699 1681 1675 1660 1642 1628 1622 1622 1625 1642 1649 1656 1671 1665 1677 1712 1739 1776 1825 1881 1941 2000 2052 2093 2121 2135 2144 2147 2135 2114 2091 2059 2017 1966 1910 1843 1763 1696 1652 1635 1643 1652 1647 1661 1692 1711 1734 1787 1868 1967 2044 2111 2171 2221 2300 2364 2427 2489
3342 3308 3274 3228 3178 3119 3051 2970 2864 2762 2673 2586 2490 2389 2274 2185 2102 2001 1923 1859 1797 1748 1719 1698 1675 1654 1640 1624 1610 1599 1596 1595 1606 1624 1642 1654 1651 1652 1672 1711 1742 1785 1838 1898 1956 2012 2060 2098 2125 2140 2137 2143 2133 2110 2091 2060 2017 1948 1894 1848 1775 1698 -9999 -9999 -9999 1621 -9999 -9999 -9999 -9999 1724 1797 1904 2007 2100 2181 2250 2312 2380 2436 2499 2560
3342 3303 3273 3242 3204 3151 3081 3001 2913 2820 2725 2632 2542 2437 2335 2241 2151 2052 1967 1886 1816 1760 1715 1678 1656 1635 1616 1598 1588 1585 1586 1591 1603 1621 1636 1641 1641 1651 1671 1705 1747 1792 1848 1908 1966 2019 2064 2099 2126 2140 2147 2147 2139 2114 2082 2061 2010 1946 1898 1859 1796 -9999 -9999 -9999 -9999 -9999 -9999 -9999 -9999 -9999 1734 1828 1938 2045 2154 2242 2322 2385 2439 2497 2556 2612
