Capas/FUTURO/Eje_30s/ASC/bio_18.asc
ncols         993
nrows         433
xllcorner     -105.25566776747
yllcorner     17.599810932142
cellsize      0.0083333333
NODATA_value  -9999
[rows 72 to 107 of 433, columns 82 to 163 of 993]
2798 2754 2696 2611 2518 2435 2346 2258 2162 2086 2043 2030 2008 2008 2037 2088 2156 2234 2313 2382 2435 2474 2504 2527 2548 2573 2608 2646 2683 2712 2729 2725 2701 2652 2578 2481 2337 2203 2088 1991 1913 1858 1824 1807 1801 1804 1819 1847 1892 1950 2002 2047 2093 2138 2178 2215 2244 2270 2288 2305 2311 2323 2345 2372 2420 2470 2532 2598 2667 2731 2785 2821 2845 2853 2849 2834 2807 2764 2707 2640 2556 2448
2782 2748 2701 2624 2531 2446 2359 2280 2191 2112 2068 2056 2038 2037 2065 2120 2192 2274 2354 2422 2472 2506 2526 2538 2548 2564 2589 2622 2657 2691 2716 2729 2723 2694 2641 2560 2455 2313 2183 2071 1979 1909 1860 1830 1811 1796 1794 1802 1824 1859 1903 1948 1995 2041 2078 2113 2144 2173 2196 2212 2218 2218 2227 2250 2287 2341 2396 2458 2524 2587 2645 2686 2715 2733 2739 2735 2721 2690 2648 2592 2504 2417
2779 2754 2707 2631 2550 2452 2364 2291 2220 2150 2096 2060 2053 2045 2077 2140 2214 2298 2379 2444 2491 2514 2523 2533 2541 2546 2561 2584 2613 2644 2673 2694 2705 2698 2667 2611 2530 2422 2290 2169 2064 1982 1920 1873 1836 1808 1789 1782 1788 1803 1827 1859 1898 1938 1976 2012 2047 2079 2102 2123 2121 2117 2126 2142 2167 2202 2246 2301 2366 2434 2489 2531 2562 2572 2582 2595 2597 2581 2539 2478 2413 2350
2788 2770 2721 2642 2555 2452 2372 2310 2258 2202 2143 2082 2044 2032 2066 2145 2215 2299 2374 2438 2484 2496 2512 2523 2524 2522 2527 2540 2558 2582 2607 2632 2652 2662 2655 2625 2573 2500 2401 2278 2165 2069 1991 1926 1874 1834 1806 1790 1783 1785 1793 1808 1830 1858 1885 1913 1942 1976 2010 2026 2024 2025 2036 2051 2068 2091 2122 2162 2211 2264 2317 2358 2383 2398 2413 2426 2429 2416 2391 2356 2316 2273
2792 2773 2720 2645 2568 2475 2397 2335 2275 2224 2179 2128 2063 2039 2062 2139 2200 2275 2349 2409 2446 2471 2504 2506 2499 2492 2488 2491 2500 2511 2530 2551 2574 2597 2610 2609 2587 2538 2463 2367 2249 2149 2070 2000 1936 1884 1846 1820 1802 1792 1787 1789 1797 1811 1829 1846 1865 1887 1912 1932 1942 1952 1966 1979 1993 2009 2031 2060 2096 2132 2171 2203 2230 2249 2267 2278 2278 2274 2265 2252 2228 2201
2794 2772 2724 2651 2577 2495 2416 2344 2286 2235 2188 2144 2086 2042 2056 2125 2175 2241 2309 2369 2397 2434 2471 2477 2468 2456 2447 2440 2437 2439 2447 2463 2486 2516 2545 2565 2569 2548 2494 2417 2305 2223 2157 2080 2016 1951 1907 1874 1845 1822 1807 1797 1794 1795 1803 1811 1824 1837 1852 1868 1884 1900 1915 1929 1941 1956 1973 1993 2017 2044 2071 2096 2117 2138 2154 2164 2169 2172 2171 2164 2154 2141
2814 2779 2737 2657 2578 2502 2418 2346 2284 2231 2184 2138 2082 2036 2048 2101 2146 2201 2266 2323 2349 2381 2426 2435 2429 2417 2403 2388 2376 2360 2357 2367 2394 2427 2463 2499 2524 2524 2494 2432 2342 2290 2210 2135 2069 2014 1971 1938 1902 1871 1850 1832 1815 1807 1805 1806 1810 1817 1828 1839 1856 1871 1885 1900 1913 1927 1941 1957 1976 1995 2013 2032 2049 2065 2079 2088 2096 2102 2106 2106 2102 2097
2839 2809 2760 2680 2592 2505 2413 2344 2276 2219 2169 2123 2055 2020 2034 2077 2116 2164 2224 2278 2297 2327 2372 2393 2394 2384 2360 2332 2315 2289 2278 2288 2313 2342 2380 2422 2459 2476 2469 2423 2369 2321 2250 2179 2114 2058 2014 1983 1955 1934 1916 1888 1858 1840 1831 1825 1824 1825 1830 1839 1849 1863 1878 1892 1906 1921 1932 1946 1960 1974 1988 2003 2016 2026 2035 2044 2052 2059 2063 2068 2070 2071
2853 2844 2788 2704 2607 2492 2398 2332 2265 2201 2147 2083 2024 1998 2008 2040 2080 2130 2188 2235 2254 2288 2326 2352 2372 2357 2322 2294 2271 2242 2224 2229 2243 2265 2298 2344 2388 2421 2432 2411 2387 2338 2277 2210 2149 2089 2038 2012 2007 1993 1979 1957 1916 1889 1871 1862 1856 1854 1854 1859 1867 1877 1890 1905 1919 1934 1945 1957 1966 1977 1987 1996 2003 2011 2019 2025 2031 2038 2043 2049 2052 2057
2871 2853 2803 2712 2612 2500 2402 2316 2239 2170 2102 2039 1997 1980 1987 2007 2038 2092 2159 2208 2237 2271 2301 2324 2339 2337 2320 2288 2254 2220 2195 2185 2193 2204 2232 2276 2323 2364 2391 2396 2380 2341 2289 2230 2163 2092 2052 2044 2054 2045 2032 2015 1979 1945 1927 1913 1903 1896 1896 1899 1903 1911 1924 1937 1950 1963 1973 1983 1988 1995 2000 2005 2009 2014 2018 2022 2028 2032 2037 2041 2047 2053
2867 2848 2800 2725 2628 2513 2409 2309 2214 2134 2066 2014 1981 1975 1994 2013 2034 2081 2147 2208 2254 2290 2316 2343 2366 2378 2368 2325 2272 2225 2187 2163 2153 2159 2180 2218 2265 2312 2348 2367 2365 2337 2293 2234 2163 2113 2087 2092 2105 2099 2089 2076 2040 2008 1990 1975 1960 1951 1948 1949 1950 1957 1970 1983 1994 2005 2014 2019 2022 2024 2026 2026 2027 2028 2029 2029 2033 2036 2039 2043 2049 2054
2862 2841 2800 2740 2635 2515 2412 2310 2207 2121 2054 2005 1978 1989 2007 2029 2055 2095 2153 2227 2284 2336 2375 2407 2426 2431 2418 2384 2319 2258 2206 2164 2139 2134 2147 2176 2219 2266 2307 2337 2346 2329 2296 2252 2200 2167 2144 2150 2167 2167 2161 2147 2113 2084 2065 2044 2026 2013 2008 2006 2005 2009 2022 2036 2047 2057 2063 2065 2062 2062 2060 2056 2053 2049 2047 2045 2046 2047 2049 2051 2054 2059
2872 2842 2803 2744 2640 2521 2421 2318 2219 2128 2060 2009 1989 2005 2013 2037 2077 2127 2188 2251 2311 2367 2416 2454 2477 2486 2473 2443 2386 2313 2249 2188 2145 2127 2133 2151 2186 2230 2273 2307 2325 2321 2301 2275 2254 2237 2229 2230 2246 2254 2251 2239 2213 2176 2147 2122 2096 2081 2074 2069 2063 2065 2074 2085 2098 2111 2113 2109 2105 2101 2096 2089 2081 2075 2070 2064 2061 2059 2060 2063 2068 2068
2903 2866 2822 2758 2654 2545 2448 2349 2245 2149 2075 2026 2008 2019 2026 2052 2095 2148 2214 2280 2343 2402 2454 2502 2532 2543 2534 2509 2464 2384 2303 2232 2171 2139 2140 2144 2169 2206 2247 2284 2311 2317 2312 2302 2296 2298 2305 2322 2340 2353 2354 2340 2315 2280 2239 2202 2169 2150 2140 2128 2119 2115 2120 2131 2146 2157 2156 2150 2145 2140 2135 2124 2113 2102 2093 2084 2077 2074 2072 2076 2083 2082
2916 2903 2847 2767 2668 2568 2470 2377 2287 2186 2104 2048 2023 2031 2040 2067 2112 2170 2236 2305 2371 2434 2491 2543 2580 2597 2594 2579 2532 2457 2368 2294 2225 2180 2170 2164 2179 2208 2242 2279 2308 2325 2332 2340 2349 2363 2386 2413 2440 2459 2461 2447 2416 2378 2338 2295 2252 2223 2200 2181 2168 2163 2164 2178 2191 2195 2193 2188 2183 2177 2170 2157 2142 2130 2118 2105 2094 2087 2083 2083 2089 2084
2899 2901 2843 2764 2670 2576 2481 2386 2297 2224 2136 2067 2032 2037 2052 2082 2126 2186 2252 2322 2392 2457 2518 2572 2615 2638 2643 2632 2591 2526 2441 2364 2294 2247 2219 2206 2213 2233 2261 2294 2323 2345 2365 2385 2405 2435 2471 2506 2539 2564 2568 2551 2518 2477 2431 2383 2337 2296 2262 2234 2215 2205 2211 2224 2232 2232 2227 2221 2216 2208 2200 2186 2171 2157 2143 2124 2110 2099 2090 2086 2083 2076
2890 2893 2838 2765 2674 2585 2492 2397 2311 2236 2160 2084 2045 2043 2061 2090 2136 2193 2261 2332 2399 2467 2531 2590 2637 2673 2685 2680 2649 2595 2531 2455 2380 2331 2291 2271 2267 2279 2298 2318 2342 2368 2394 2425 2460 2499 2545 2592 2631 2657 2663 2646 2615 2571 2522 2465 2412 2367 2322 2287 2263 2254 2261 2266 2266 2262 2258 2253 2249 2240 2230 2216 2200 2183 2164 2144 2128 2113 2100 2090 2081 2072
2871 2881 2830 2761 2677 2589 2495 2403 2315 2234 2161 2088 2048 2052 2061 2091 2136 2195 2260 2329 2397 2462 2527 2591 2648 2692 2712 2715 2696 2655 2603 2540 2470 2414 2373 2349 2336 2333 2335 2342 2356 2378 2409 2445 2490 2542 2599 2655 2702 2731 2738 2726 2694 2651 2598 2543 2488 2433 2384 2342 2316 2308 2311 2309 2302 2296 2294 2291 2287 2278 2268 2254 2233 2210 2185 2164 2143 2125 2110 2095 2083 2072
2851 2859 2832 2778 2688 2589 2493 2400 2308 2212 2132 2070 2039 2037 2053 2083 2129 2187 2252 2317 2383 2448 2514 2583 2648 2699 2733 2750 2741 2714 2670 2618 2555 2501 2457 2427 2401 2383 2366 2354 2353 2367 2394 2435 2488 2550 2618 2683 2739 2771 2786 2783 2762 2723 2674 2618 2560 2500 2449 2405 2372 2362 2362 2358 2348 2340 2341 2339 2335 2325 2312 2294 2268 2238 2210 2184 2161 2138 2118 2099 2085 2071
2857 2869 2842 2777 2686 2587 2487 2385 2267 2174 2099 2046 2016 2013 2038 2073 2116 2174 2236 2299 2362 2425 2490 2561 2633 2695 2741 2769 2775 2759 2726 2680 2631 2590 2538 2498 2459 2420 2384 2353 2334 2336 2359 2398 2456 2527 2603 2678 2742 2785 2810 2821 2814 2785 2743 2691 2634 2567 2511 2464 2431 2420 2419 2414 2402 2399 2402 2405 2400 2386 2366 2339 2305 2268 2235 2205 2178 2151 2127 2104 2086 2068
2831 2847 2814 2759 2676 2573 2474 2355 2238 2146 2073 2020 1995 1996 2021 2058 2103 2158 2217 2278 2338 2401 2466 2541 2615 2684 2737 2773 2790 2785 2762 2728 2689 2652 2608 2561 2507 2450 2391 2340 2305 2294 2308 2345 2404 2480 2562 2644 2717 2778 2818 2848 2848 2830 2798 2756 2702 2644 2585 2533 2496 2482 2480 2477 2476 2477 2488 2490 2483 2464 2429 2393 2349 2303 2264 2229 2195 2163 2136 2110 2087 2065
2791 2803 2783 2726 2654 2558 2444 2323 2214 2123 2055 2009 1983 1984 2010 2048 2091 2144 2199 2258 2317 2376 2444 2518 2595 2666 2724 2765 2787 2785 2771 2747 2716 2686 2647 2591 2529 2466 2388 2305 2257 2245 2251 2284 2342 2419 2506 2591 2674 2751 2812 2850 2863 2864 2849 2818 2775 2725 2674 2618 2569 2552 2553 2551 2556 2561 2568 2570 2559 2529 2491 2453 2397 2340 2298 2262 2220 2178 2144 2115 2088 2064
2786 2788 2764 2695 2615 2527 2412 2295 2193 2105 2041 1996 1979 1977 2001 2041 2083 2130 2185 2239 2298 2356 2425 2501 2577 2650 2709 2747 2768 2769 2755 2736 2713 2685 2648 2590 2522 2448 2367 2272 2209 2189 2195 2221 2277 2352 2440 2531 2620 2708 2778 2829 2867 2882 2885 2871 2839 2797 2746 2707 2652 2623 2627 2639 2648 2649 2660 2654 2628 2589 2546 2497 2433 2373 2334 2299 2246 2197 2159 2122 2090 2065
2769 2760 2734 2665 2580 2490 2373 2265 2167 2090 2035 2004 1992 1991 2004 2039 2078 2125 2170 2224 2283 2346 2414 2490 2566 2638 2692 2723 2738 2734 2713 2693 2666 2634 2598 2547 2488 2415 2330 2239 2163 2138 2142 2165 2215 2287 2375 2465 2556 2651 2731 2793 2844 2880 2896 2900 2887 2857 2814 2773 2729 2693 2687 2703 2714 2720 2727 2713 2681 2635 2583 2524 2453 2395 2355 2314 2260 2214 2176 2133 2097 2071
2750 2734 2688 2620 2534 2437 2329 2230 2140 2075 2030 2018 2002 2006 2024 2041 2077 2122 2167 2219 2280 2343 2413 2489 2565 2631 2675 2696 2695 2678 2650 2621 2584 2550 2511 2467 2411 2345 2271 2194 2113 2081 2089 2111 2158 2230 2313 2401 2496 2588 2675 2752 2810 2855 2889 2905 2907 2894 2866 2828 2795 2762 2740 2744 2755 2757 2757 2740 2703 2654 2601 2525 2459 2402 2353 2307 2263 2226 2190 2147 2108 2079
2725 2700 2645 2563 2471 2380 2282 2191 2118 2063 2028 2027 2011 2010 2036 2061 2083 2120 2168 2220 2283 2352 2423 2499 2573 2632 2664 2671 2652 2620 2577 2529 2489 2453 2409 2366 2318 2256 2196 2134 2065 2028 2029 2067 2112 2178 2257 2343 2438 2530 2626 2706 2774 2825 2868 2896 2911 2915 2901 2877 2848 2812 2794 2779 2777 2767 2755 2734 2701 2658 2598 2533 2466 2408 2358 2313 2277 2245 2207 2165 2127 2094
2671 2638 2584 2499 2403 2314 2227 2153 2095 2051 2031 2030 2039 2038 2060 2088 2111 2144 2185 2240 2295 2359 2433 2510 2583 2636 2657 2648 2612 2561 2499 2441 2397 2353 2308 2267 2209 2157 2114 2081 2034 1994 1991 2028 2079 2143 2215 2299 2389 2480 2575 2664 2730 2789 2839 2874 2900 2918 2916 2903 2879 2852 2837 2814 2803 2781 2762 2740 2715 2676 2621 2556 2493 2433 2384 2345 2308 2271 2231 2188 2150 2118
2605 2577 2510 2422 2331 2253 2185 2126 2082 2048 2039 2037 2048 2070 2094 2117 2147 2178 2213 2260 2320 2382 2452 2526 2599 2644 2653 2631 2578 2509 2434 2364 2311 2261 2215 2170 2125 2082 2052 2037 2010 1979 1971 1998 2048 2118 2185 2259 2355 2442 2534 2621 2690 2750 2804 2845 2879 2907 2917 2915 2900 2885 2865 2848 2830 2813 2794 2776 2754 2711 2665 2610 2541 2477 2428 2390 2348 2306 2264 2222 2186 2158
2572 2515 2433 2356 2266 2200 2144 2101 2071 2051 2052 2058 2073 2092 2124 2157 2180 2211 2251 2296 2352 2411 2475 2549 2614 2655 2656 2618 2551 2466 2379 2300 2238 2186 2139 2091 2062 2033 2009 2008 1992 1972 1965 1992 2043 2113 2176 2243 2331 2420 2501 2582 2655 2714 2768 2817 2856 2886 2907 2915 2912 2900 2887 2878 2871 2851 2838 2824 2800 2759 2715 2662 2601 2532 2488 2447 2400 2356 2313 2270 2237 2212
2541 2460 2375 2289 2209 2154 2114 2082 2061 2054 2071 2085 2109 2139 2170 2199 2232 2261 2297 2347 2389 2439 2514 2580 2630 2665 2656 2609 2530 2427 2330 2253 2186 2136 2093 2054 2025 2000 1978 1983 1988 1973 1981 2020 2080 2146 2208 2261 2331 2413 2488 2559 2627 2686 2735 2791 2833 2866 2891 2907 2914 2910 2907 2900 2898 2891 2881 2866 2843 2815 2771 2720 2654 2608 2575 2521 2470 2419 2374 2338 2305 2283
2497 2406 2316 2230 2159 2111 2082 2063 2053 2061 2072 2087 2132 2161 2190 2232 2280 2314 2356 2397 2436 2480 2549 2611 2650 2669 2652 2599 2510 2392 2288 2210 2153 2108 2075 2046 2017 1988 1966 1964 1971 1985 2030 2071 2121 2177 2239 2293 2351 2414 2481 2541 2599 2658 2713 2766 2812 2847 2875 2896 2910 2918 2922 2923 2921 2920 2922 2912 2891 2869 2828 2783 2732 2689 2647 2608 2567 2508 2465 2427 2393 2373
2439 2349 2261 2184 2122 2079 2057 2040 2028 2041 2066 2100 2146 2183 2219 2271 2322 2358 2402 2435 2458 2518 2583 2631 2652 2656 2641 2583 2495 2372 2272 2194 2130 2083 2054 2034 2015 1996 1975 1967 1980 2028 2064 2107 2155 2214 2268 2317 2367 2421 2474 2529 2587 2644 2698 2748 2793 2829 2860 2885 2903 2918 2926 2937 2940 2945 2953 2950 2940 2925 2902 2854 2806 2774 2728 2701 2659 2619 2574 2538 2506 2486
2408 2317 2237 2162 2100 2055 2033 2012 2009 2024 2058 2103 2154 2189 2235 2280 2344 2400 2431 2452 2496 2555 2606 2639 2635 2634 2612 2554 2470 2363 2276 2196 2137 2097 2074 2053 2041 2027 2007 1999 2025 2057 2094 2133 2179 2238 2292 2338 2377 2421 2467 2523 2574 2626 2680 2732 2773 2813 2845 2874 2894 2911 2930 2945 2950 2962 2973 2978 2977 2970 2948 2907 2876 2845 2805 2781 2752 2717 2684 2656 2625 2603
2396 2315 2232 2158 2087 2034 2007 1991 1990 2006 2038 2087 2142 2193 2240 2282 2348 2415 2450 2483 2510 2572 2615 2631 2625 2616 2583 2523 2439 2347 2256 2182 2131 2099 2082 2071 2067 2063 2051 2052 2059 2076 2105 2144 2192 2247 2298 2339 2377 2414 2457 2505 2556 2606 2660 2716 2756 2794 2829 2861 2886 2906 2926 2947 2958 2973 2988 2999 3003 2999 2993 2962 2934 2898 2882 2861 2841 2810 2778 2752 2725 2704
2385 2306 2216 2151 2075 2016 1976 1956 1954 1975 2015 2062 2103 2148 2211 2271 2331 2394 2423 2475 2518 2571 2612 2610 2614 2598 2554 2490 2402 2313 2230 2167 2123 2098 2085 2079 2080 2079 2071 2072 2077 2086 2110 2143 2187 2238 2289 2328 2364 2397 2439 2488 2534 2582 2639 2687 2733 2774 2812 2844 2871 2895 2911 2935 2952 2969 2989 3008 3010 3015 3015 3005 2971 2936 2926 2912 2898 2874 2849 2826 2806 2789
2385 2307 2223 2138 2065 2006 1961 1934 1927 1951 1979 2007 2058 2119 2189 2250 2311 2363 2388 2436 2509 2562 2601 2606 2602 2583 2527 2450 2365 2279 2202 2144 2108 2086 2078 2077 2080 2082 2078 2068 2068 2081 2104 2133 2171 2218 2263 2301 2340 2374 2415 2459 2505 2556 2606 2659 2708 2754 2791 2822 2850 2871 2893 2910 2926 2944 2971 2994 2998 3006 3014 3004 2969 2945 2935 2929 2914 2899 2882 2870 2857 2849
