Capas/FUTURO/Eje_30s/ASC/bio_15.asc
ncols         993
nrows         433
xllcorner     -105.25566776747
yllcorner     17.599810932142
cellsize      0.0083333333
NODATA_value  -9999
[rows 117 to 155 of 433, columns 174 to 260 of 993]
1031 1030 1030 1030 1030 1030 1030 1030 1030 1030 1029 1029 1029 1030 1030 1030 1030 1029 1030 1029 1029 1029 1028 1027 1026 1025 1024 1022 1021 1019 1018 1018 1017 1017 1017 1018 1020 1021 1023 1025 1028 1031 1035 1038 1042 1045 1049 1053 1056 1058 1061 1063 1065 1067 1069 1070 1071 1073 1074 1075 1076 1077 1078 1079 1080 1080 1080 1080 1080 1080 1080 1079 1079 1079 1078 1077 1076 1075 1075 1074 1073 1072 1072 1072 1071 1070 1071
1027 1027 1027 1027 1027 1027 1028 1027 1028 1027 1027 1027 1027 1027 1026 1026 1026 1026 1026 1027 1026 1026 1025 1025 1024 1023 1021 1020 1019 1018 1016 1015 1015 1014 1015 1016 1016 1019 1020 1022 1025 1028 1031 1035 1039 1042 1046 1049 1053 1056 1058 1061 1063 1064 1066 1068 1069 1071 1072 1073 1075 1076 1076 1077 1077 1078 1079 1079 1079 1079 1078 1077 1077 1077 1075 1075 1074 1072 1072 1071 1070 1069 1069 1069 1068 1068 1068
1024 1024 1024 1024 1024 1025 1025 1025 1025 1024 1024 1024 1024 1023 1023 1023 1023 1023 1023 1022 1022 1022 1022 1022 1022 1020 1020 1018 1017 1015 1014 1013 1012 1012 1012 1013 1014 1015 1018 1020 1022 1024 1028 1031 1035 1039 1042 1046 1049 1052 1055 1058 1060 1062 1063 1066 1067 1069 1070 1071 1073 1074 1075 1076 1076 1077 1077 1077 1077 1076 1076 1076 1075 1074 1074 1073 1071 1071 1070 1069 1068 1067 1066 1066 1065 1065 1065
1021 1021 1021 1021 1022 1022 1022 1022 1022 1021 1021 1021 1020 1020 1019 1019 1019 1018 1018 1019 1019 1019 1019 1019 1018 1018 1017 1016 1014 1013 1012 1011 1010 1010 1010 1011 1012 1013 1015 1017 1018 1021 1025 1028 1031 1035 1039 1042 1045 1048 1051 1054 1056 1059 1061 1063 1065 1067 1068 1069 1071 1072 1073 1074 1074 1075 1075 1075 1075 1075 1075 1074 1073 1072 1071 1071 1069 1068 1067 1066 1065 1064 1063 1063 1063 1062 1062
1019 1018 1018 1019 1019 1019 1019 1019 1019 1018 1018 1017 1017 1016 1015 1015 1014 1014 1015 1015 1015 1016 1016 1016 1015 1015 1014 1014 1012 1011 1010 1010 1008 1007 1007 1007 1009 1010 1012 1013 1015 1018 1021 1024 1028 1031 1034 1038 1041 1045 1048 1051 1053 1056 1059 1061 1063 1065 1066 1068 1069 1070 1071 1072 1073 1073 1073 1073 1073 1073 1072 1072 1071 1070 1069 1068 1067 1065 1064 1063 1062 1062 1061 1060 1060 1059 1059
1016 1016 1016 1016 1016 1016 1016 1017 1017 1015 1015 1014 1013 1012 1011 1011 1010 1010 1010 1011 1011 1012 1012 1013 1012 1012 1012 1011 1010 1009 1008 1007 1006 1005 1005 1005 1006 1008 1009 1011 1012 1015 1017 1020 1024 1027 1030 1034 1037 1041 1044 1047 1050 1053 1056 1059 1061 1063 1064 1066 1067 1068 1069 1070 1071 1071 1071 1071 1071 1071 1070 1070 1069 1068 1067 1067 1064 1064 1062 1061 1060 1059 1058 1058 1057 1057 1057
1014 1014 1014 1014 1014 1014 1014 1014 1014 1013 1012 1011 1009 1008 1007 1006 1006 1005 1006 1007 1007 1007 1008 1009 1009 1009 1008 1008 1007 1007 1005 1005 1004 1003 1002 1003 1003 1005 1006 1008 1010 1011 1014 1017 1020 1023 1026 1030 1033 1037 1040 1044 1047 1050 1053 1056 1058 1060 1062 1064 1065 1066 1068 1068 1068 1069 1069 1069 1069 1068 1068 1068 1067 1066 1065 1064 1062 1061 1060 1058 1058 1057 1056 1055 1055 1055 1054
1012 1011 1011 1011 1011 1012 1011 1011 1011 1010 1009 1007 1006 1004 1003 1002 1001 1001 1001 1002 1003 1003 1004 1005 1005 1005 1005 1005 1005 1004 1003 1003 1002 1001 1000 1001 1001 1002 1004 1006 1007 1009 1012 1015 1017 1020 1022 1027 1030 1033 1037 1040 1044 1047 1050 1053 1055 1058 1060 1061 1063 1064 1065 1066 1066 1066 1066 1067 1066 1066 1066 1066 1065 1064 1063 1062 1060 1059 1057 1056 1056 1055 1054 1053 1053 1052 1052
1009 1009 1009 1009 1009 1009 1009 1008 1008 1007 1006 1004 1003 1001 999 998 997 996 997 997 998 999 1000 1001 1001 1002 1002 1002 1002 1002 1001 1001 1000 999 998 998 998 1000 1001 1003 1005 1007 1009 1011 1014 1017 1020 1024 1026 1029 1033 1037 1040 1044 1047 1050 1052 1055 1057 1059 1061 1062 1063 1063 1064 1064 1064 1064 1064 1064 1063 1063 1062 1062 1061 1060 1059 1057 1055 1054 1054 1052 1052 1051 1051 1050 1050
1008 1007 1006 1006 1006 1006 1006 1005 1005 1004 1003 1001 999 997 995 994 992 992 992 993 993 995 996 997 998 998 999 999 999 999 999 999 998 997 997 997 996 997 998 1000 1002 1005 1006 1009 1012 1015 1017 1020 1024 1027 1030 1034 1037 1041 1044 1047 1050 1052 1054 1056 1058 1059 1060 1061 1061 1062 1062 1062 1061 1061 1061 1061 1060 1059 1058 1057 1056 1055 1054 1052 1051 1050 1050 1049 1048 1048 1048
1006 1005 1004 1003 1003 1003 1002 1002 1001 1000 999 997 995 993 992 990 988 988 987 988 989 990 992 992 994 995 995 996 996 997 997 996 996 995 995 994 994 995 996 998 1000 1003 1005 1007 1009 1012 1015 1018 1021 1025 1028 1031 1035 1038 1041 1044 1047 1050 1052 1054 1055 1056 1058 1058 1059 1059 1059 1059 1059 1058 1058 1058 1057 1057 1056 1055 1054 1053 1051 1050 1050 1048 1048 1047 1046 1046 1046
1003 1002 1002 1001 1000 1000 999 999 998 997 995 994 992 990 988 986 984 983 983 984 984 985 987 988 990 990 992 993 993 994 994 994 994 993 992 992 991 992 992 995 998 1000 1002 1005 1008 1010 1013 1017 1020 1022 1026 1029 1032 1035 1039 1042 1045 1047 1049 1051 1053 1054 1055 1055 1057 1056 1057 1057 1057 1056 1056 1055 1054 1054 1054 1053 1052 1051 1050 1049 1047 1046 1045 1044 1044 1044 1043
1001 1000 999 998 998 997 996 996 995 993 992 990 988 986 984 982 980 979 979 979 979 980 982 983 985 986 987 989 990 991 991 992 992 991 989 989 989 990 990 992 994 996 1000 1003 1006 1008 1011 1015 1018 1021 1025 1027 1030 1033 1036 1039 1042 1045 1047 1049 1051 1052 1054 1054 1055 1055 1055 1055 1054 1054 1053 1053 1053 1052 1051 1050 1049 1048 1047 1046 1044 1043 1042 1042 1041 1041 1041
999 998 997 996 995 994 993 992 991 990 989 986 985 983 981 979 977 976 974 975 975 975 977 978 980 982 983 985 986 987 989 989 989 988 987 987 986 986 988 990 992 995 998 1000 1003 1006 1010 1012 1016 1020 1023 1027 1029 1032 1035 1038 1040 1043 1045 1047 1049 1050 1051 1052 1052 1053 1053 1052 1053 1052 1052 1051 1051 1050 1049 1048 1047 1046 1045 1043 1042 1041 1040 1040 1039 1038 1038
997 996 994 993 992 991 990 989 988 986 985 983 981 979 977 975 973 972 971 970 970 971 972 973 975 977 979 981 983 984 985 986 986 985 985 983 984 985 985 987 990 991 994 998 1001 1004 1008 1011 1015 1018 1021 1025 1028 1031 1034 1037 1039 1041 1044 1046 1048 1049 1050 1051 1051 1052 1051 1051 1051 1051 1050 1049 1049 1048 1047 1046 1045 1044 1042 1041 1039 1038 1038 1037 1036 1036 1035
995 994 992 991 989 988 987 986 985 983 982 979 978 976 974 972 970 969 967 967 966 966 967 969 970 973 975 977 979 981 981 982 983 983 982 982 981 981 982 983 986 989 992 995 999 1002 1006 1009 1012 1017 1020 1024 1027 1030 1033 1036 1038 1041 1043 1045 1046 1048 1049 1050 1050 1050 1051 1050 1050 1050 1049 1047 1047 1046 1045 1044 1042 1041 1040 1038 1037 1036 1035 1034 1033 1033 1032
993 992 990 989 987 986 985 983 982 980 978 976 975 973 971 969 967 965 964 963 963 963 963 965 966 968 971 973 975 978 979 980 980 979 979 978 978 978 979 981 983 986 989 992 996 999 1004 1007 1011 1015 1019 1022 1026 1029 1032 1035 1038 1040 1043 1045 1046 1047 1049 1049 1049 1050 1050 1050 1049 1048 1047 1047 1045 1044 1043 1042 1040 1038 1037 1036 1034 1033 1033 1032 1031 1030 1030
991 990 989 987 985 984 982 980 979 977 975 973 971 969 967 966 964 962 961 960 960 959 960 961 963 965 967 970 972 974 976 977 978 977 976 976 976 977 978 979 981 984 986 990 993 996 1000 1004 1009 1013 1017 1021 1024 1029 1032 1034 1037 1040 1043 1044 1046 1047 1048 1049 1049 1050 1049 1048 1048 1047 1046 1045 1044 1042 1041 1039 1038 1036 1034 1033 1032 1031 1030 1029 1028 1027 1027
989 988 986 985 983 982 980 978 976 974 972 970 969 966 964 963 961 959 958 957 957 956 957 958 959 962 964 967 969 971 973 974 974 974 974 972 973 973 975 976 979 981 984 987 991 994 998 1002 1007 1011 1015 1020 1023 1028 1030 1034 1037 1040 1042 1044 1045 1047 1048 1048 1048 1049 1048 1048 1047 1046 1045 1044 1042 1041 1039 1037 1035 1034 1032 1031 1029 1028 1028 1027 1026 1025 1025
986 986 984 983 981 980 978 976 974 972 969 968 966 963 962 959 958 956 955 954 954 954 954 955 957 959 962 964 966 969 970 971 971 971 970 970 970 971 972 974 976 978 982 984 988 992 996 1001 1005 1009 1013 1018 1022 1025 1029 1033 1036 1039 1041 1043 1044 1046 1047 1047 1048 1047 1047 1047 1046 1045 1044 1042 1041 1039 1037 1035 1033 1031 1030 1029 1028 1026 1025 1024 1024 1023 1022
984 983 982 980 979 977 975 974 971 969 967 965 963 961 959 957 955 954 953 953 953 953 953 953 955 957 959 962 964 966 968 968 969 968 968 967 967 968 969 971 973 976 979 982 985 989 993 998 1003 1007 1012 1016 1020 1024 1028 1031 1035 1037 1039 1042 1043 1044 1046 1047 1047 1046 1046 1046 1044 1044 1042 1041 1039 1037 1035 1033 1031 1030 1028 1027 1025 1024 1024 1023 1022 1021 1020
982 980 979 978 977 975 973 971 969 966 964 963 961 959 957 955 953 952 952 951 951 951 952 953 954 956 958 960 962 963 965 965 966 965 965 965 965 966 967 968 970 973 976 979 983 987 991 996 1000 1005 1010 1015 1018 1023 1026 1030 1033 1035 1038 1040 1042 1043 1044 1045 1045 1045 1044 1044 1043 1042 1040 1039 1037 1035 1033 1031 1030 1028 1027 1025 1024 1023 1022 1021 1020 1019 1019
979 977 976 975 974 973 971 969 967 964 962 960 958 956 955 953 951 950 950 950 951 951 952 953 954 955 957 958 960 961 962 962 962 962 962 961 962 963 964 966 968 970 974 977 981 984 989 994 999 1004 1009 1013 1017 1021 1024 1028 1031 1034 1036 1038 1040 1041 1042 1043 1043 1043 1043 1042 1042 1040 1039 1037 1035 1034 1032 1030 1028 1026 1025 1024 1023 1022 1020 1019 1018 1018 1017
975 974 973 973 971 970 969 967 964 962 959 958 956 954 953 951 950 949 949 950 950 951 952 953 954 955 956 957 959 959 959 959 959 959 959 959 960 960 961 963 965 968 971 975 978 983 987 992 997 1002 1007 1011 1015 1019 1023 1026 1029 1032 1034 1036 1038 1039 1040 1041 1041 1042 1041 1041 1040 1039 1037 1035 1034 1032 1030 1028 1026 1025 1024 1022 1021 1020 1019 1018 1017 1016 1016
972 972 971 970 969 968 966 965 962 959 957 955 953 952 950 949 949 948 949 949 950 951 952 952 953 954 955 955 956 956 956 956 956 956 956 956 957 958 959 961 963 966 968 972 976 981 986 990 995 1000 1005 1010 1014 1018 1021 1024 1027 1029 1032 1034 1036 1037 1038 1039 1039 1040 1039 1039 1038 1037 1035 1034 1032 1031 1029 1027 1025 1024 1022 1021 1019 1018 1018 1016 1015 1014 1014
969 968 968 967 967 966 964 962 960 957 955 953 951 950 949 948 948 948 948 949 950 951 952 953 953 954 954 954 954 954 954 953 953 954 954 954 955 956 957 958 961 964 967 970 974 979 983 988 993 998 1003 1007 1012 1016 1019 1022 1025 1028 1030 1032 1034 1035 1036 1037 1038 1038 1038 1037 1036 1035 1034 1032 1031 1029 1027 1026 1024 1022 1020 1019 1017 1016 1015 1014 1013 1012 1012
966 966 966 965 964 964 962 960 957 955 953 951 949 948 947 947 947 948 948 949 950 951 952 952 953 952 952 951 952 951 951 951 951 951 950 951 952 953 954 956 959 962 965 969 973 977 982 986 991 996 1001 1006 1010 1014 1017 1021 1023 1026 1028 1030 1031 1033 1034 1035 1035 1036 1035 1035 1034 1033 1032 1031 1029 1027 1026 1024 1022 1020 1018 1017 1016 1014 1013 1012 1011 1010 1009
964 963 963 963 962 961 960 957 955 953 951 949 947 947 946 946 947 947 948 949 950 951 952 953 952 952 950 949 950 948 948 948 948 948 949 949 950 950 952 954 957 959 963 967 971 976 981 985 990 994 999 1004 1008 1012 1015 1019 1021 1024 1026 1028 1030 1031 1032 1033 1033 1034 1034 1033 1033 1031 1031 1029 1027 1025 1024 1022 1020 1019 1017 1015 1014 1012 1011 1010 1009 1008 1007
961 961 961 961 960 959 956 955 953 950 948 947 945 945 945 945 946 947 948 949 950 951 952 951 951 950 949 948 947 946 946 946 946 946 946 946 947 948 949 952 955 959 962 966 970 975 980 984 989 993 998 1002 1006 1010 1014 1017 1020 1022 1024 1026 1028 1029 1030 1031 1031 1032 1032 1031 1030 1030 1029 1027 1026 1024 1022 1020 1018 1017 1015 1013 1012 1010 1009 1008 1006 1006 1004
959 959 958 958 957 956 954 952 950 948 946 945 944 944 944 945 946 947 948 950 950 951 952 952 951 949 949 946 946 945 944 944 944 944 944 945 945 946 948 950 954 957 961 965 970 974 978 983 987 992 996 1000 1005 1008 1012 1015 1018 1020 1022 1024 1026 1027 1028 1029 1030 1030 1030 1029 1029 1028 1027 1026 1024 1022 1020 1018 1017 1015 1013 1011 1010 1008 1007 1006 1005 1003 1003
956 956 956 955 954 953 952 950 948 946 945 943 943 943 943 944 946 947 948 949 950 950 951 951 950 949 947 946 945 943 943 943 943 943 943 943 944 944 945 949 952 957 960 965 969 974 978 982 986 991 995 999 1003 1007 1010 1013 1016 1018 1021 1022 1024 1025 1027 1027 1028 1028 1028 1028 1026 1026 1025 1024 1022 1020 1018 1017 1015 1013 1011 1009 1008 1006 1005 1004 1003 1002 1001
954 954 954 953 952 951 949 947 946 944 943 942 942 942 943 944 945 946 947 949 949 950 951 950 950 949 946 945 944 943 942 941 942 941 941 941 941 942 945 948 951 955 960 964 969 973 978 981 985 990 994 998 1001 1005 1008 1012 1014 1017 1018 1020 1022 1023 1025 1025 1026 1026 1026 1026 1025 1024 1023 1022 1020 1019 1017 1015 1013 1012 1009 1008 1006 1005 1003 1002 1001 1000 999
951 952 951 951 950 949 947 945 945 943 942 941 941 941 942 943 944 945 947 948 948 949 950 950 949 948 946 945 943 941 941 941 940 939 939 939 940 941 943 947 950 954 959 963 968 972 977 980 984 988 992 996 1000 1003 1007 1010 1013 1015 1017 1019 1020 1022 1022 1023 1024 1024 1024 1024 1023 1022 1021 1020 1018 1017 1015 1013 1011 1009 1008 1006 1005 1003 1001 1000 999 998 997
949 949 949 949 948 947 946 944 943 941 941 941 940 941 941 943 943 944 945 946 948 948 949 949 949 947 945 944 943 941 940 939 938 938 939 939 939 941 942 945 949 953 957 962 967 971 976 980 984 988 991 995 998 1002 1005 1008 1011 1013 1015 1017 1018 1020 1021 1022 1022 1022 1022 1022 1021 1020 1019 1018 1017 1015 1013 1011 1010 1008 1006 1004 1003 1001 999 999 997 996 996
947 947 947 947 946 945 944 943 941 940 940 940 940 940 941 942 943 943 944 945 946 947 948 948 948 946 944 943 941 941 939 939 938 938 938 938 939 940 942 944 947 952 956 961 966 970 974 978 983 987 991 994 997 1001 1004 1007 1009 1011 1013 1015 1017 1018 1019 1020 1021 1020 1020 1020 1020 1018 1017 1016 1015 1013 1011 1010 1008 1006 1004 1002 1001 999 998 997 995 995 994
945 945 945 945 945 944 943 941 940 939 939 939 939 939 940 941 941 942 943 944 945 946 947 947 947 945 944 942 941 940 938 938 937 937 937 937 938 938 941 943 946 950 955 960 964 969 974 978 982 986 990 993 997 1000 1002 1005 1008 1010 1012 1014 1015 1016 1018 1018 1018 1019 1018 1018 1018 1017 1016 1015 1014 1012 1010 1008 1006 1004 1002 1001 999 997 996 995 994 993 992
943 943 943 943 943 942 941 940 939 938 938 938 938 939 938 939 940 941 942 942 944 945 946 946 946 945 944 942 941 939 938 937 937 937 937 937 938 938 940 942 945 949 953 958 963 967 972 977 981 986 989 993 996 999 1002 1004 1006 1008 1010 1012 1013 1015 1015 1017 1017 1017 1017 1016 1016 1015 1015 1013 1012 1010 1008 1006 1004 1002 1000 999 997 995 994 993 992 991 991
941 941 941 942 941 941 940 939 938 938 937 937 937 938 938 938 939 939 940 941 942 944 945 945 945 945 943 942 940 938 938 937 936 936 937 937 938 939 940 942 945 948 952 956 961 967 971 976 980 984 988 992 995 998 1001 1003 1005 1007 1009 1010 1012 1013 1014 1015 1015 1015 1016 1015 1015 1014 1013 1012 1010 1009 1007 1004 1002 1001 999 997 995 994 993 991 991 990 989
939 939 940 940 940 939 938 938 937 936 936 936 936 936 936 936 937 937 939 940 941 943 944 944 944 944 943 941 940 938 937 937 937 936 937 938 938 938 940 942 944 947 951 956 960 965 970 975 980 984 987 992 995 997 1000 1002 1004 1006 1008 1009 1010 1012 1013 1013 1014 1014 1014 1014 1013 1013 1012 1011 1009 1007 1005 1003 1001 999 997 995 994 992 991 990 989 988 987
