Capas/FUTURO/Eje_30s/ASC/bio_04.asc
ncols         993
nrows         433
xllcorner     -105.25566776747
yllcorner     17.599810932142
cellsize      0.0083333333
NODATA_value  -9999
[rows 180 to 215 of 433, columns 656 to 737 of 993]
1746 1756 1778 1811 1816 1833 1824 1821 1826 1796 1790 1801 1781 1743 1752 1777 1797 1798 1811 1810 1826 1840 1847 1878 1903 1908 1890 1900 1900 1909 1890 1892 1861 1849 1861 1849 1866 1836 1849 1849 1849 1826 1821 1837 1837 1837 1833 1821 1833 1816 1834 1834 1828 1834 1819 1831 1840 1828 1806 1826 1820 1820 1827 1814 1821 1814 1814 1809 1826 1810 1818 1822 1831 1830 1846 1859 1846 1866 1866 1904 1888 1891
1735 1738 1749 1754 1755 1768 1801 1812 1797 1776 1768 1758 1743 1743 1758 1777 1790 1810 1826 1826 1835 1861 1862 1868 1875 1893 1899 1903 1903 1920 1895 1870 1861 1866 1863 1869 1857 1856 1841 1857 1827 1851 1827 1837 1826 1841 1837 1837 1818 1837 1829 1825 1822 1806 1816 1796 1814 1814 1813 1806 1787 1803 1812 1803 1804 1812 1814 1801 1810 1807 1826 1818 1822 1830 1834 1849 1834 1859 1875 1889 1893 1875
1712 1718 1724 1737 1738 1746 1767 1767 1767 1755 1743 1710 1719 1743 1743 1757 1763 1777 1815 1848 1847 1861 1889 1875 1903 1905 1899 1911 1911 1913 1875 1869 1870 1881 1869 1875 1869 1875 1867 1836 1851 1827 1827 1837 1846 1851 1838 1828 1846 1833 1833 1813 1794 1794 1809 1806 1806 1806 1792 1806 1799 1795 1795 1793 1803 1804 1799 1797 1809 1798 1810 1822 1829 1822 1823 1831 1834 1854 1856 1849 1853 1860
1682 1695 1704 1705 1717 1717 1739 1747 1739 1739 1744 1714 1734 1743 1730 1743 1767 1777 1777 1801 1826 1848 1877 1889 1913 1889 1905 1919 1911 1905 1881 1893 1895 1891 1880 1869 1891 1870 1849 1836 1849 1831 1849 1849 1860 1849 1849 1833 1838 1825 1833 1822 1813 1813 1816 1803 1804 1804 1795 1798 1796 1790 1792 1803 1803 1803 1797 1805 1793 1807 1817 1819 1817 1845 1836 1832 1837 1839 1845 1848 1847 1847
1686 1682 1681 1682 1695 1706 1700 1726 1734 1734 1701 1706 1734 1735 1734 1744 1743 1776 1783 1786 1814 1837 1856 1889 1917 1935 1935 1913 1913 1912 1899 1913 1904 1900 1890 1900 1888 1879 1863 1849 1849 1849 1827 1826 1867 1860 1846 1848 1846 1836 1818 1818 1819 1813 1818 1794 1796 1804 1795 1804 1795 1790 1792 1793 1792 1793 1803 1797 1782 1806 1804 1815 1824 1829 1830 1832 1843 1827 1824 1845 1845 1843
1682 1681 1677 1682 1682 1674 1692 1684 1706 1706 1701 1706 1696 1710 1714 1744 1734 1747 1754 1777 1797 1810 1868 1889 1917 1905 1946 1933 1947 1933 1911 1925 1913 1925 1899 1905 1881 1848 1836 1863 1863 1849 1846 1851 1880 1860 1846 1860 1846 1837 1822 1825 1813 1798 1804 1784 1794 1804 1790 1785 1796 1796 1790 1792 1799 1792 1793 1798 1797 1806 1807 1811 1812 1817 1822 1816 1828 1819 1824 1835 1835 1843
1682 1682 1659 1667 1667 1647 1673 1673 1664 1695 1695 1686 1706 1696 1706 1720 1715 1705 1714 1742 1764 1789 1823 1868 1913 1947 1947 1985 1977 1947 1932 1947 1947 1913 1926 1913 1861 1849 1879 1861 1860 1863 1866 1860 1860 1851 1860 1854 1846 1847 1856 1812 1812 1808 1813 1788 1793 1804 1798 1798 1794 1790 1792 1793 1793 1793 1787 1784 1793 1794 1792 1804 1799 1817 1804 1808 1816 1819 1824 1821 1835 1839
1649 1644 1653 1640 1659 1659 1658 1659 1664 1698 1696 1682 1706 1706 1691 1710 1706 1705 1727 1732 1743 1752 1785 1826 1883 1972 2002 1982 2033 2007 1943 1995 1941 1932 1952 1899 1893 1866 1888 1863 1861 1884 1863 1860 1816 1863 1867 1849 1860 1846 1830 1842 1818 1806 1818 1807 1793 1784 1784 1785 1793 1790 1795 1806 1799 1778 1775 1798 1793 1794 1799 1799 1798 1784 1803 1803 1811 1808 1821 1811 1832 1833
1674 1674 1653 1648 1648 1648 1647 1647 1674 1674 1687 1686 1677 1696 1706 1695 1701 1701 1734 1743 1752 1776 1801 1856 1913 1952 1999 2016 2074 2037 1985 1982 1944 1999 1999 1911 1899 1909 1923 1881 1866 1875 1893 1860 1860 1860 1860 1828 1815 1786 1778 1791 1778 1797 1807 1813 1788 1793 1792 1773 1770 1778 1784 1785 1781 1781 1787 1800 1792 1785 1771 1799 1784 1793 1800 1803 1813 1827 1809 1824 1834 1832
1651 1660 1646 1632 1632 1632 1632 1632 1649 1674 1664 1677 1686 1677 1683 1692 1696 1696 1715 1734 1734 1757 1786 1826 1899 1942 2019 2013 2085 2064 1999 1978 1987 2052 2062 2013 1985 1943 1948 1913 1886 1899 1884 1860 1874 1875 1860 1846 1846 1816 1791 1791 1778 1772 1778 1763 1776 1772 1774 1774 1774 1774 1753 1762 1767 1787 1790 1790 1792 1789 1764 1782 1799 1783 1809 1804 1808 1811 1821 1834 1835 1832
1632 1632 1632 1636 1632 1620 1627 1648 1648 1650 1650 1664 1668 1677 1677 1683 1686 1730 1696 1705 1739 1743 1776 1835 1872 1955 1990 2018 2093 2093 2013 2033 2052 2074 2083 2041 2017 1953 1943 1923 1923 1913 1884 1868 1866 1866 1866 1838 1826 1816 1816 1812 1782 1791 1778 1754 1754 1754 1742 1742 1755 1751 1766 1767 1762 1760 1774 1790 1776 1777 1772 1786 1771 1777 1784 1799 1798 1809 1835 1856 1897 1858
1641 1627 1627 1637 1632 1632 1620 1620 1627 1637 1650 1650 1664 1672 1677 1677 1672 1683 1696 1697 1734 1743 1797 1824 1864 1933 1922 2006 2051 2096 2085 2076 2116 2096 2066 2052 2021 1977 1956 1932 1923 1898 1874 1852 1860 1860 1860 1846 1817 1800 1796 1791 1791 1778 1754 1746 1746 1763 1746 1752 1742 1773 1781 1777 1771 1782 1763 1763 1767 1776 1776 1762 1782 1771 1804 1793 1796 1832 1870 1868 1906 1913
1627 1614 1614 1632 1632 1632 1620 1620 1632 1632 1638 1637 1650 1664 1672 1668 1652 1659 1687 1694 1703 1744 1796 1862 1857 1892 1912 1955 2013 2091 2125 2116 2139 2108 2072 2052 2026 1977 1943 1932 1893 1875 1874 1884 1893 1864 1826 1834 1828 1816 1805 1788 1770 1749 1755 1755 1746 1746 1768 1746 1767 1767 1766 1785 1767 1767 1763 1758 1767 1767 1799 1789 1768 1784 1803 1804 1811 1835 1868 1942 1930 1960
1614 1621 1620 1620 1615 1620 1620 1620 1632 1624 1622 1624 1646 1641 1660 1668 1644 1679 1659 1695 1714 1743 1778 1801 1853 1892 1947 1977 2021 2083 2087 2137 2147 2132 2125 2090 2090 2039 1982 1905 1875 1868 1835 1835 1834 1859 1849 1834 1807 1797 1774 1792 1754 1783 1758 1746 1754 1766 1758 1746 1763 1780 1767 1767 1777 1774 1763 1767 1776 1774 1796 1789 1788 1782 1799 1803 1815 1871 1935 1996 2011 2033
1610 1607 1606 1620 1606 1606 1606 1606 1632 1622 1622 1622 1624 1632 1645 1645 1668 1644 1674 1698 1714 1735 1755 1811 1856 1912 1964 2011 2079 2085 2085 2116 2116 2147 2147 2110 2094 2043 1943 1935 1909 1888 1875 1839 1807 1792 1792 1800 1774 1774 1771 1757 1757 1768 1770 1764 1783 1770 1745 1766 1767 1764 1746 1761 1767 1753 1771 1763 1774 1789 1798 1783 1772 1782 1799 1806 1846 1846 1910 1933 1996 1998
1611 1607 1598 1608 1608 1608 1604 1615 1621 1609 1617 1632 1632 1632 1632 1645 1645 1642 1651 1698 1706 1739 1735 1800 1832 1883 1955 2026 2052 2085 2073 2085 2083 2125 2116 2101 2052 2003 1946 1913 1927 1863 1890 1866 1880 1843 1826 1807 1788 1769 1757 1771 1794 1774 1783 1768 1768 1768 1770 1769 1763 1746 1767 1732 1756 1741 1747 1739 1739 1739 1755 1762 1779 1806 1812 1812 1866 1883 1919 1873 1942 1994
1599 1584 1584 1608 1608 1608 1619 1605 1605 1604 1632 1632 1631 1624 1622 1622 1642 1645 1651 1668 1687 1697 1731 1789 1820 1870 1928 2003 2021 2043 2013 2052 2043 2102 2108 2044 2010 1964 1969 1983 1935 1875 1893 1875 1881 1826 1831 1807 1805 1805 1805 1806 1788 1774 1749 1768 1783 1770 1777 1768 1769 1795 1760 1732 1721 1742 1726 1732 1725 1749 1735 1739 1777 1834 1843 1815 1867 1909 1870 1830 1890 -9999
1584 1570 1570 1608 1608 1604 1619 1605 1609 1631 1680 1701 1651 1632 1620 1624 1645 1648 1655 1682 1706 1705 1731 1762 1800 1842 1925 1933 1960 1957 1991 2066 2127 2127 2165 2094 2043 1983 2010 1983 1905 1907 1901 1924 1884 1855 1807 1801 1778 1786 1806 1788 1771 1749 1783 1797 1798 1768 1755 1768 1795 1789 1752 1732 1721 1712 1719 1742 1727 1745 1725 1742 1761 1782 1806 1844 1895 1830 1812 1803 -9999 -9999
1571 1571 1572 1582 1599 1611 1609 1611 1617 1621 1667 1705 1674 1617 1622 1608 1620 1645 1660 1673 1668 1702 1735 1786 1812 1812 1883 1886 1933 1937 1959 2077 2153 2101 2127 2077 2043 2044 2044 1987 1923 1935 1923 1904 1863 1807 1807 1791 1805 1805 1788 1771 1774 1763 1799 1820 1768 1792 1768 1774 1798 1784 1734 1721 1730 1721 1721 1753 1739 1725 1725 1740 1747 1739 1745 1810 1816 1780 1791 -9999 -9999 -9999
1608 1611 1599 1582 1599 1611 1619 1631 1635 1644 1672 1686 1668 1644 1622 1632 1632 1632 1669 1678 1664 1698 1701 1768 1768 1803 1870 1870 1903 1891 1946 2012 2075 2077 2075 2044 2065 2065 2068 1979 1950 1967 1945 1939 1890 1834 1807 1835 1807 1805 1788 1774 1771 1788 1831 1817 1808 1788 1783 1755 1768 1743 1746 1760 1755 1746 1712 1732 1726 1720 1713 1731 1725 1733 1745 1761 1765 1763 1788 1824 -9999 -9999
1615 1577 1595 1611 1619 1598 1604 1631 1644 1643 1705 1680 1641 1632 1622 1604 1622 1622 1633 1642 1674 1687 1696 1715 1759 1806 1815 1845 1861 1883 1919 1946 1979 2075 2122 2043 2077 2077 2077 2001 1983 1988 1939 1927 1860 1851 1846 1835 1821 1805 1802 1809 1776 1821 1869 1831 1831 1771 1750 1734 1715 1739 1734 1746 1721 1730 1704 1704 1698 1704 1704 1725 1725 1734 1720 1770 1757 1765 1803 1889 -9999 -9999
1606 1604 1583 1599 1604 1595 1619 1619 1631 1676 1688 1635 1632 1617 1622 1609 1622 1632 1620 1669 1668 1668 1706 1706 1731 1800 1800 1827 1833 1865 1883 1912 1949 2027 2067 2077 2056 2019 2013 2022 2022 1971 1962 1927 1905 1893 1871 1846 1821 1792 1771 1776 1778 1805 1869 1875 1853 1771 1750 1734 1740 1724 1726 1720 1704 1712 1689 1712 1707 1708 1724 1704 1700 1704 1719 1748 1737 1769 1786 1892 -9999 -9999
1583 1611 1599 1582 1599 1599 1599 1596 1614 1643 1652 1636 1635 1632 1609 1614 1632 1643 1685 1675 1702 1706 1706 1736 1764 1778 1800 1803 1820 1824 1849 1903 1957 2040 2071 2051 2079 2077 2043 2040 2044 2031 1983 1923 1905 1871 1854 1821 1801 1809 1809 1796 1802 1807 1807 1805 1771 1751 1737 1748 1737 1729 1740 1717 1701 1717 1707 1712 1721 1732 1704 1704 1707 1725 1719 1748 1737 1734 1769 1761 1761 -9999
1611 1583 1590 1583 1583 1585 1591 1586 1611 1617 1632 1617 1632 1605 1605 1622 1605 1632 1632 1661 1665 1707 1716 1731 1739 1774 1778 1791 1800 1820 1870 1883 1960 1991 1991 1979 2036 2043 2027 2040 2047 2047 2001 2001 1927 1883 1884 1884 1854 1842 1884 1854 1859 1834 1771 1751 1764 1754 1751 1740 1749 1740 1734 1720 1706 1712 1701 1712 1712 1684 1690 1704 1711 1721 1734 1734 1721 1734 1743 1752 1788 -9999
1579 1579 1558 1577 1568 1583 1578 1591 1582 1590 1609 1604 1599 1619 1599 1609 1632 1620 1632 1655 1650 1707 1668 1687 1726 1735 1736 1753 1788 1778 1802 1871 1919 1928 1960 1979 2051 2051 1999 2043 2065 2089 2082 2022 1939 1902 1953 1943 1927 1893 1938 1916 1854 1791 1751 1771 1768 1771 1751 1748 1729 1687 1700 1695 1717 1717 1692 1678 1682 1679 1704 1691 1704 1695 1712 1714 1734 1737 1746 1742 1760 1784
1581 1577 1577 1568 1565 1572 1577 1570 1578 1590 1585 1599 1595 1595 1591 1622 1605 1608 1632 1632 1632 1652 1645 1706 1697 1726 1729 1753 1787 1762 1809 1863 1874 1888 1955 2013 2062 2013 1997 2043 2004 2044 2075 2013 1979 1957 1977 1914 1874 1851 1842 1800 1786 1771 1782 1782 1755 1737 1735 1715 1701 1666 1695 1666 1666 1692 1687 1687 1689 1687 1675 1676 1704 1692 1721 1721 1712 1733 1716 1729 1748 1770
1576 1562 1562 1585 1565 1577 1577 1573 1565 1577 1590 1590 1581 1570 1585 1595 1595 1599 1622 1632 1622 1632 1639 1664 1695 1697 1706 1740 1735 1778 1840 1840 1824 1897 1888 1954 1991 1919 1997 2017 1957 1992 2010 2056 2045 2060 1997 1927 1854 1830 1839 1870 1809 1801 1757 1746 1737 1737 1708 1708 1687 1705 1705 1697 1683 1669 1687 1666 1687 1675 1693 1704 1677 1702 1700 1690 1713 1721 1729 1743 1742 1752
1585 1554 1563 1549 1541 1563 1555 1565 1558 1565 1573 1570 1570 1595 1581 1570 1570 1590 1599 1622 1598 1613 1659 1629 1687 1664 1697 1730 1706 1735 1758 1778 1761 1791 1863 1919 1946 1888 1919 1957 1919 1961 2031 2071 2079 2022 1991 1943 1936 1869 1925 1941 1877 1809 1771 1780 1771 1743 1737 1706 1709 1729 1735 1701 1687 1673 1666 1692 1663 1659 1687 1671 1693 1704 1686 1725 1705 1708 1727 1715 1736 1739
1549 1561 1554 1577 1558 1549 1552 1554 1553 1541 1571 1565 1557 1568 1571 1568 1570 1576 1593 1576 1590 1603 1606 1640 1648 1687 1664 1687 1686 1697 1686 1706 1728 1791 1845 1874 1888 1825 1834 1854 1905 1987 2017 2034 2047 2001 1976 1956 1974 1897 1952 1980 1941 1864 1813 1809 1776 1751 1735 1718 1701 1695 1709 1687 1666 1681 1666 1673 1687 1678 1683 1670 1684 1665 1690 1686 1690 1713 1712 1720 1714 1729
1565 1541 1541 1565 1552 1565 1552 1558 1561 1546 1529 1544 1534 1557 1557 1571 1571 1570 1575 1586 1576 1598 1603 1622 1613 1622 1662 1678 1657 1657 1678 1697 1697 1744 1778 1768 1797 1791 1797 1854 1878 1917 1961 1932 2018 2035 1979 2009 1991 1917 1976 1976 1922 1873 1870 1790 1763 1737 1729 1709 1723 1723 1709 1672 1673 1672 1665 1673 1664 1664 1687 1678 1679 1690 1686 1689 1707 1702 1696 1721 1716 1728
1541 1541 1552 1541 1565 1553 1541 1558 1552 1557 1560 1558 1565 1529 1557 1565 1565 1571 1571 1547 1570 1593 1593 1603 1598 1604 1611 1616 1636 1653 1678 1669 1677 1691 1697 1706 1733 1744 1771 1791 1808 1815 1854 1896 1952 2033 2018 2028 2018 1918 2013 1997 1929 1895 1834 1771 1743 1723 1715 1700 1690 1690 1690 1690 1668 1666 1682 1673 1693 1666 1666 1659 1687 1665 1679 1695 1692 1695 1702 1694 1726 1701
1516 1552 1554 1552 1529 1557 1552 1558 1558 1551 1558 1550 1539 1547 1556 1546 1565 1571 1553 1570 1576 1570 1584 1584 1592 1595 1603 1608 1616 1616 1616 1625 1658 1667 1677 1690 1721 1715 1735 1771 1777 1791 1842 1868 1897 1960 2025 2025 1991 1953 2023 1974 1906 1848 1848 1806 1772 1751 1709 1691 1690 1690 1654 1690 1654 1658 1666 1673 1666 1659 1670 1670 1670 1670 1686 1672 1669 1686 1685 1706 1703 1715
1549 1552 1552 1552 1529 1549 1529 1529 1542 1529 1539 1557 1557 1529 1539 1539 1539 1546 1537 1552 1566 1563 1568 1589 1589 1603 1589 1603 1590 1603 1616 1636 1659 1658 1667 1667 1684 1694 1706 1733 1772 1795 1833 1854 1868 1927 1974 1995 1973 1979 2008 1953 1922 1848 1805 1761 1765 1739 1733 1690 1669 1701 1691 1690 1648 1665 1690 1666 1666 1666 1657 1659 1670 1657 1663 1698 1677 1676 1683 1681 1692 1703
1552 1552 1542 1543 1546 1529 1543 1543 1552 1529 1529 1552 1552 1529 1557 1529 1557 1539 1542 1539 1562 1560 1562 1576 1566 1576 1572 1581 1581 1579 1585 1616 1622 1629 1653 1658 1678 1669 1686 1710 1739 1791 1826 1854 1875 1875 1910 1896 1928 1997 1974 1910 1884 1861 1804 1756 1744 1706 1713 1706 1705 1691 1683 1690 1691 1701 1663 1690 1671 1665 1664 1666 1659 1650 1678 1672 1672 1686 1672 1698 1694 1692
1548 1552 1516 1529 1538 1543 1552 1552 1552 1552 1552 1537 1546 1537 1541 1548 1529 1548 1548 1539 1548 1550 1542 1551 1555 1565 1569 1569 1569 1569 1581 1604 1608 1622 1616 1624 1659 1667 1691 1722 1733 1772 1803 1868 1868 1862 1884 1871 1903 1916 1896 1881 1855 1793 1761 1751 1728 1716 1705 1671 1683 1687 1663 1683 1669 1690 1682 1668 1659 1663 1658 1666 1659 1653 1657 1670 1665 1672 1686 1684 1663 1694
1549 1529 1516 1536 1520 1516 1552 1546 1529 1528 1528 1529 1529 1529 1537 1541 1537 1537 1536 1539 1543 1536 1543 1542 1555 1555 1555 1555 1569 1569 1569 1569 1576 1576 1595 1608 1625 1648 1658 1704 1733 1783 1824 1868 1896 1914 1889 1889 1899 1914 1898 1890 1865 1855 1783 1727 1722 1704 1694 1696 1685 1696 1705 1695 1695 1683 1690 1690 1690 1672 1663 1659 1648 1648 1642 1660 1663 1663 1679 1651 1671 1659
