Capas/FUTURO/Eje_30s/ASC/bio_04.asc
ncols         993
nrows         433
xllcorner     -105.25566776747
yllcorner     17.599810932142
cellsize      0.0083333333
NODATA_value  -9999
[rows 0 to 35 of 433, columns 164 to 245 of 993]
-9999 -9999 -9999 -9999 -9999 -9999 -9999 -9999 -9999 -9999 -9999 -9999 -9999 -9999 -9999 -9999 -9999 -9999 -9999 -9999 -9999 -9999 -9999 -9999 -9999 -9999 -9999 -9999 -9999 -9999 -9999 -9999 -9999 -9999 -9999 -9999 -9999 -9999 -9999 -9999 -9999 -9999 -9999 -9999 -9999 -9999 -9999 -9999 -9999 -9999 -9999 -9999 -9999 -9999 -9999 -9999 -9999 -9999 -9999 -9999 2410 2386 2382 2403 2394 2368 -9999 -9999 -9999 -9999 -9999 -9999 -9999 -9999 -9999 -9999 -9999 -9999 -9999 -9999 -9999 -9999
-9999 -9999 -9999 -9999 -9999 -9999 -9999 -9999 -9999 -9999 -9999 -9999 -9999 -9999 -9999 -9999 -9999 -9999 -9999 -9999 -9999 -9999 -9999 -9999 -9999 -9999 -9999 -9999 -9999 -9999 -9999 -9999 -9999 -9999 -9999 -9999 -9999 -9999 -9999 -9999 -9999 -9999 -9999 -9999 -9999 -9999 -9999 -9999 -9999 -9999 -9999 -9999 -9999 -9999 -9999 -9999 -9999 -9999 -9999 2408 2408 2408 2382 2395 2379 2365 2387 2382 2378 2378 2375 2366 -9999 -9999 -9999 -9999 -9999 -9999 -9999 -9999 -9999 -9999
-9999 -9999 -9999 -9999 -9999 -9999 -9999 -9999 -9999 -9999 -9999 -9999 -9999 -9999 -9999 -9999 -9999 -9999 -9999 -9999 -9999 -9999 -9999 -9999 -9999 -9999 -9999 -9999 -9999 -9999 -9999 -9999 -9999 -9999 -9999 -9999 -9999 -9999 -9999 -9999 -9999 -9999 -9999 -9999 -9999 -9999 -9999 -9999 -9999 -9999 -9999 -9999 -9999 -9999 -9999 -9999 -9999 2380 2408 2408 2394 2376 2382 2390 2374 2387 2384 2383 2375 2375 2372 2360 2361 2361 2363 2373 -9999 -9999 -9999 -9999 -9999 -9999
-9999 -9999 -9999 -9999 -9999 -9999 -9999 -9999 -9999 -9999 -9999 -9999 -9999 -9999 -9999 -9999 -9999 -9999 -9999 -9999 -9999 -9999 -9999 -9999 -9999 -9999 -9999 -9999 -9999 -9999 -9999 -9999 -9999 -9999 -9999 -9999 -9999 -9999 -9999 -9999 -9999 -9999 -9999 -9999 -9999 -9999 -9999 -9999 -9999 -9999 -9999 -9999 -9999 -9999 -9999 -9999 2380 2377 2372 2381 2374 2394 2374 2365 2363 2375 2360 2375 2366 2356 2375 2369 2353 2360 2360 2359 2375 -9999 -9999 -9999 -9999 -9999
-9999 -9999 -9999 -9999 -9999 -9999 -9999 -9999 -9999 -9999 -9999 -9999 -9999 -9999 -9999 -9999 -9999 -9999 -9999 -9999 -9999 -9999 -9999 -9999 -9999 -9999 -9999 -9999 -9999 -9999 -9999 -9999 -9999 -9999 -9999 -9999 -9999 -9999 -9999 -9999 -9999 -9999 -9999 -9999 -9999 -9999 -9999 -9999 -9999 -9999 -9999 -9999 -9999 -9999 2387 2368 2380 2382 2374 2374 2368 2365 2365 2375 2375 2369 2375 2372 2366 2370 2370 2371 2361 2360 2357 2356 2355 2377 -9999 -9999 -9999 -9999
-9999 -9999 -9999 -9999 -9999 -9999 -9999 -9999 -9999 -9999 -9999 -9999 -9999 -9999 -9999 -9999 -9999 -9999 -9999 -9999 -9999 -9999 -9999 -9999 -9999 -9999 -9999 -9999 -9999 -9999 -9999 -9999 -9999 -9999 -9999 -9999 -9999 -9999 -9999 -9999 -9999 -9999 -9999 -9999 -9999 -9999 -9999 -9999 -9999 -9999 -9999 -9999 -9999 2357 2357 2366 2366 2380 2368 2365 2375 2365 2371 2356 2357 2362 2365 2358 2372 2369 2361 2357 2360 2347 2354 2342 2359 2372 2371 -9999 -9999 -9999
-9999 -9999 -9999 -9999 -9999 -9999 -9999 -9999 -9999 -9999 -9999 -9999 -9999 -9999 -9999 -9999 -9999 -9999 -9999 -9999 -9999 -9999 -9999 -9999 -9999 -9999 -9999 -9999 -9999 -9999 -9999 -9999 -9999 -9999 -9999 -9999 -9999 -9999 -9999 -9999 -9999 -9999 -9999 -9999 -9999 -9999 -9999 -9999 -9999 -9999 -9999 2350 2366 2366 2366 2366 2366 2366 2366 2365 2356 2354 2356 2360 2361 2356 2369 2358 2357 2355 2357 2355 2360 2342 2360 2355 2346 2365 2365 2362 -9999 -9999
-9999 -9999 -9999 -9999 -9999 -9999 -9999 -9999 -9999 -9999 -9999 -9999 -9999 -9999 -9999 -9999 -9999 -9999 -9999 -9999 -9999 -9999 -9999 -9999 -9999 -9999 -9999 -9999 -9999 -9999 -9999 -9999 -9999 -9999 -9999 -9999 -9999 -9999 -9999 -9999 -9999 -9999 -9999 -9999 -9999 -9999 -9999 -9999 -9999 -9999 2366 2366 2348 2351 2366 2338 2353 2363 2345 2365 2356 2355 2353 2347 2361 2348 2353 2353 2355 2355 2332 2350 2368 2356 2359 2346 2360 2359 2353 2363 2354 -9999
-9999 -9999 -9999 -9999 -9999 -9999 -9999 -9999 -9999 -9999 -9999 -9999 -9999 -9999 -9999 -9999 -9999 -9999 -9999 -9999 -9999 -9999 -9999 -9999 -9999 -9999 -9999 -9999 -9999 -9999 -9999 -9999 -9999 -9999 -9999 -9999 -9999 -9999 -9999 -9999 -9999 -9999 -9999 -9999 -9999 -9999 -9999 -9999 2335 2335 2366 2366 2340 2356 2346 2338 2336 2361 2350 2354 2356 2347 2347 2356 2343 2353 2353 2337 2357 2341 2350 2350 2350 2355 2337 2341 2355 2354 2353 2376 2362 2349
-9999 -9999 -9999 -9999 -9999 -9999 -9999 -9999 -9999 -9999 -9999 -9999 -9999 -9999 -9999 -9999 -9999 -9999 -9999 -9999 -9999 -9999 -9999 -9999 -9999 -9999 -9999 -9999 -9999 -9999 -9999 -9999 -9999 -9999 -9999 -9999 -9999 -9999 -9999 -9999 -9999 -9999 -9999 -9999 -9999 -9999 -9999 2335 2332 2338 2332 2344 2353 2366 2328 2331 2345 2336 2336 2347 2353 2356 2344 2343 2344 2355 2355 2355 2355 2329 2340 2368 2368 2327 2337 2355 2349 2354 2351 2349 2374 2354
-9999 -9999 -9999 -9999 -9999 -9999 -9999 -9999 -9999 -9999 -9999 -9999 -9999 -9999 -9999 -9999 -9999 -9999 -9999 -9999 -9999 -9999 -9999 -9999 -9999 -9999 -9999 -9999 -9999 -9999 -9999 -9999 -9999 -9999 -9999 -9999 -9999 -9999 -9999 -9999 -9999 -9999 -9999 -9999 -9999 2313 2335 2305 2329 2340 2330 2337 2345 2327 2345 2331 2333 2346 2333 2345 2328 2344 2327 2327 2353 2345 2340 2338 2329 2350 2350 2338 2350 2326 2354 2355 2349 2351 2346 2360 2350 2350
-9999 -9999 -9999 -9999 -9999 -9999 -9999 -9999 -9999 -9999 -9999 -9999 -9999 -9999 -9999 -9999 -9999 -9999 -9999 -9999 -9999 -9999 -9999 -9999 -9999 -9999 -9999 -9999 -9999 -9999 -9999 -9999 -9999 -9999 -9999 -9999 -9999 -9999 -9999 -9999 -9999 -9999 -9999 -9999 2307 2307 2335 2314 2307 2307 2331 2331 2345 2323 2345 2320 2333 2335 2317 2325 2328 2341 2343 2343 2340 2343 2340 2343 2327 2350 2338 2327 2330 2345 2350 2336 2350 2336 2346 2349 2350 2350
-9999 -9999 -9999 -9999 -9999 -9999 -9999 -9999 -9999 -9999 -9999 -9999 -9999 -9999 -9999 -9999 -9999 -9999 -9999 -9999 -9999 -9999 -9999 -9999 -9999 -9999 -9999 -9999 -9999 -9999 -9999 -9999 -9999 -9999 -9999 -9999 -9999 -9999 -9999 -9999 -9999 -9999 -9999 2307 2305 2307 2301 2315 2328 2310 2328 2328 2309 2333 2317 2329 2307 2328 2325 2305 2337 2323 2323 2332 2340 2323 2350 2350 2341 2327 2358 2334 2334 2361 2318 2349 2322 2349 2348 2333 2338 2349
-9999 -9999 -9999 -9999 -9999 -9999 -9999 -9999 -9999 -9999 -9999 -9999 -9999 -9999 -9999 -9999 -9999 -9999 -9999 -9999 -9999 -9999 -9999 -9999 -9999 -9999 -9999 -9999 -9999 -9999 -9999 -9999 -9999 -9999 -9999 -9999 -9999 -9999 -9999 -9999 -9999 -9999 2307 2305 2305 2307 2305 2311 2295 2298 2295 2295 2331 2325 2309 2325 2329 2325 2305 2325 2300 2328 2325 2321 2329 2327 2323 2350 2338 2350 2335 2330 2364 2339 2358 2326 2346 2346 2340 2340 2350 2350
-9999 -9999 -9999 -9999 -9999 -9999 -9999 -9999 -9999 -9999 -9999 -9999 -9999 -9999 -9999 -9999 -9999 -9999 -9999 -9999 -9999 -9999 -9999 -9999 -9999 -9999 -9999 -9999 -9999 -9999 -9999 -9999 -9999 -9999 -9999 -9999 -9999 -9999 -9999 -9999 -9999 2289 2307 2279 2274 2305 2305 2298 2295 2294 2295 2295 2307 2325 2312 2301 2300 2301 2309 2323 2328 2308 2328 2318 2324 2320 2338 2324 2326 2326 2334 2348 2334 2326 2324 2323 2346 2330 2338 2346 2348 2353
-9999 -9999 -9999 -9999 -9999 -9999 -9999 -9999 -9999 -9999 -9999 -9999 -9999 -9999 -9999 -9999 -9999 -9999 -9999 -9999 -9999 -9999 -9999 -9999 -9999 -9999 -9999 -9999 -9999 -9999 -9999 -9999 -9999 -9999 -9999 -9999 -9999 -9999 -9999 -9999 -9999 2292 2264 2264 2295 2305 2295 2294 2279 2294 2294 2307 2294 2303 2321 2300 2283 2325 2308 2323 2305 2318 2310 2310 2322 2338 2335 2334 2335 2331 2333 2331 2332 2321 2332 2345 2336 2338 2346 2339 2349 2335
-9999 -9999 -9999 -9999 -9999 -9999 -9999 -9999 -9999 -9999 -9999 -9999 -9999 -9999 -9999 -9999 -9999 -9999 -9999 -9999 -9999 -9999 -9999 -9999 -9999 -9999 -9999 -9999 -9999 -9999 -9999 -9999 -9999 -9999 -9999 -9999 -9999 -9999 -9999 -9999 -9999 2264 2264 2264 2297 2286 2294 2279 2279 2294 2307 2285 2315 2283 2309 2289 2309 2286 2301 2301 2301 2295 2307 2319 2315 2315 2309 2309 2322 2335 2332 2331 2328 2331 2328 2342 2321 2321 2339 2349 2357 2335
-9999 -9999 -9999 -9999 -9999 -9999 -9999 -9999 -9999 -9999 -9999 -9999 -9999 -9999 -9999 -9999 -9999 -9999 -9999 -9999 -9999 -9999 -9999 -9999 -9999 -9999 -9999 -9999 -9999 -9999 -9999 -9999 -9999 -9999 -9999 -9999 -9999 -9999 -9999 -9999 -9999 -9999 2294 2258 2279 2254 2294 2275 2275 2294 2290 2315 2280 2283 2289 2297 2297 2297 2297 2305 2308 2307 2315 2321 2305 2321 2318 2318 2332 2317 2305 2325 2311 2330 2330 2331 2339 2318 2318 2346 2343 2335
-9999 -9999 -9999 -9999 -9999 -9999 -9999 -9999 -9999 -9999 -9999 -9999 -9999 -9999 -9999 -9999 -9999 -9999 -9999 -9999 -9999 -9999 -9999 -9999 -9999 -9999 -9999 -9999 -9999 -9999 -9999 -9999 -9999 -9999 -9999 -9999 -9999 -9999 -9999 -9999 -9999 2259 2254 2254 2279 2254 2287 2287 2287 2285 2286 2283 2283 2276 2297 2282 2272 2291 2295 2291 2290 2294 2306 2312 2304 2304 2318 2303 2326 2305 2321 2312 2319 2326 2326 2326 2330 2326 2318 2334 2346 2355
-9999 -9999 -9999 -9999 -9999 -9999 -9999 -9999 -9999 -9999 -9999 -9999 -9999 -9999 -9999 -9999 -9999 -9999 -9999 -9999 -9999 -9999 -9999 -9999 -9999 -9999 -9999 -9999 -9999 -9999 -9999 -9999 -9999 -9999 -9999 -9999 -9999 -9999 -9999 -9999 2258 2279 2267 2290 2287 2275 2271 2251 2273 2283 2283 2272 2272 2291 2297 2270 2290 2282 2294 2305 2281 2303 2296 2292 2301 2303 2301 2303 2303 2318 2319 2325 2311 2326 2325 2326 2326 2326 2344 2334 2336 2345
-9999 -9999 -9999 -9999 -9999 -9999 -9999 -9999 -9999 -9999 -9999 -9999 -9999 -9999 -9999 -9999 -9999 -9999 -9999 -9999 -9999 -9999 -9999 -9999 -9999 -9999 -9999 -9999 -9999 -9999 -9999 -9999 -9999 -9999 -9999 -9999 -9999 -9999 2250 2261 2256 2248 2266 2273 2271 2254 2274 2269 2283 2274 2270 2268 2267 2283 2283 2291 2281 2281 2268 2290 2282 2294 2304 2303 2301 2294 2301 2310 2310 2301 2311 2299 2299 2317 2326 2328 2326 2342 2326 2349 2332 2332
-9999 -9999 -9999 -9999 -9999 -9999 -9999 -9999 -9999 -9999 -9999 -9999 -9999 -9999 -9999 -9999 -9999 -9999 -9999 -9999 -9999 -9999 -9999 -9999 -9999 -9999 -9999 -9999 -9999 -9999 -9999 -9999 -9999 -9999 -9999 -9999 2253 2253 2261 2261 2247 2254 2254 2250 2239 2254 2274 2274 2260 2274 2274 2248 2271 2271 2271 2277 2277 2290 2281 2294 2294 2294 2293 2303 2302 2299 2301 2301 2316 2316 2306 2308 2326 2326 2326 2326 2326 2340 2340 2342 2330 2336
2208 2191 -9999 -9999 2215 -9999 -9999 -9999 -9999 -9999 -9999 -9999 -9999 -9999 -9999 -9999 -9999 -9999 -9999 -9999 -9999 -9999 -9999 -9999 -9999 -9999 -9999 -9999 -9999 -9999 -9999 -9999 -9999 -9999 -9999 2253 2238 2239 2261 2259 2235 2254 2254 2254 2249 2238 2257 2274 2250 2259 2274 2271 2283 2271 2268 2268 2268 2276 2265 2292 2282 2262 2301 2301 2293 2292 2306 2295 2311 2316 2293 2297 2312 2302 2312 2326 2326 2330 2326 2330 2340 2332
2228 2216 2196 2203 2215 2229 -9999 -9999 -9999 -9999 -9999 -9999 -9999 -9999 -9999 -9999 -9999 -9999 -9999 -9999 -9999 -9999 -9999 -9999 -9999 -9999 -9999 -9999 -9999 -9999 -9999 -9999 -9999 -9999 2251 2247 2261 2239 2258 2249 2258 2231 2244 2250 2260 2250 2238 2270 2256 2270 2264 2271 2265 2267 2294 2275 2268 2265 2276 2277 2265 2301 2301 2301 2300 2301 2298 2325 2290 2325 2293 2306 2298 2315 2326 2326 2326 2326 2330 2339 2340 2343
2191 2191 2208 2203 2229 2219 -9999 -9999 -9999 -9999 -9999 -9999 -9999 -9999 -9999 -9999 -9999 -9999 -9999 -9999 -9999 -9999 -9999 -9999 -9999 -9999 -9999 -9999 -9999 -9999 -9999 -9999 -9999 2227 2242 2247 2235 2235 2235 2235 2258 2237 2244 2238 2243 2256 2255 2253 2247 2255 2249 2271 2255 2262 2275 2268 2276 2274 2262 2277 2262 2290 2291 2285 2290 2291 2295 2311 2295 2311 2306 2315 2325 2310 2325 2315 2340 2330 2340 2330 2325 2343
2200 2196 2203 2232 2234 2219 -9999 -9999 -9999 -9999 -9999 -9999 -9999 -9999 -9999 -9999 -9999 -9999 -9999 -9999 -9999 -9999 -9999 -9999 -9999 -9999 -9999 -9999 -9999 -9999 -9999 2233 2227 2227 2246 2227 2235 2252 2256 2231 2231 2237 2244 2238 2238 2250 2250 2272 2257 2271 2257 2267 2268 2268 2259 2274 2268 2268 2282 2277 2262 2276 2262 2285 2289 2301 2299 2290 2289 2310 2292 2289 2310 2325 2324 2324 2338 2338 2327 2325 2340 2352
2200 2201 2224 2215 2235 2231 -9999 -9999 -9999 -9999 -9999 -9999 -9999 -9999 -9999 -9999 -9999 -9999 -9999 -9999 -9999 -9999 -9999 -9999 -9999 -9999 -9999 2234 2225 2234 2251 2237 2247 2235 2235 2235 2235 2235 2235 2252 2252 2238 2224 2250 2257 2247 2250 2257 2262 2255 2255 2276 2269 2255 2268 2268 2265 2263 2282 2266 2262 2276 2266 2278 2290 2284 2290 2289 2301 2315 2315 2315 2306 2315 2327 2324 2328 2327 2324 2342 2342 2325
-9999 2210 2235 2235 2222 2226 2226 2207 -9999 -9999 -9999 -9999 -9999 -9999 -9999 -9999 -9999 -9999 -9999 -9999 -9999 -9999 -9999 -9999 2245 2233 2221 2242 2234 2230 2238 2227 2227 2235 2245 2231 2235 2237 2231 2237 2253 2243 2243 2238 2250 2257 2245 2248 2248 2260 2245 2245 2259 2259 2255 2267 2281 2262 2266 2266 2285 2275 2276 2275 2287 2284 2290 2315 2291 2301 2314 2324 2324 2324 2324 2328 2326 2326 2342 2340 2351 2328
-9999 -9999 -9999 2226 2211 2219 2219 2205 2211 2218 -9999 -9999 -9999 -9999 -9999 -9999 -9999 -9999 -9999 -9999 -9999 2248 2245 2221 2245 2221 2221 2221 2213 2238 2238 2246 2238 2236 2216 2238 2238 2231 2224 2224 2238 2257 2239 2237 2237 2251 2255 2245 2259 2269 2259 2259 2255 2268 2269 2255 2264 2281 2264 2262 2264 2272 2269 2274 2270 2289 2289 2289 2315 2301 2319 2315 2328 2324 2329 2324 2316 2314 2342 2311 2340 2337
-9999 -9999 -9999 -9999 2219 2211 2202 2219 2211 2212 2247 2220 2227 2255 2240 2217 2235 2224 2230 2228 2226 2223 2232 2221 2225 2242 2234 2230 2251 2235 2250 2247 2231 2235 2216 2231 2231 2238 2237 2224 2224 2237 2245 2244 2245 2248 2262 2254 2242 2236 2258 2267 2259 2267 2269 2255 2267 2281 2275 2261 2261 2273 2273 2270 2279 2279 2301 2300 2279 2298 2318 2301 2314 2324 2316 2324 2319 2342 2311 2340 2328 2328
2225 2212 2242 2244 2232 2232 2211 2202 2209 2201 2227 2235 2240 2239 2244 2239 2226 2231 2247 2229 2229 2245 2245 2221 2245 2234 2221 2242 2242 2226 2238 2227 2231 2235 2229 2231 2237 2224 2237 2239 2248 2238 2237 2245 2245 2250 2242 2260 2255 2236 2250 2255 2258 2257 2267 2256 2263 2261 2275 2273 2273 2261 2270 2275 2279 2291 2279 2291 2314 2291 2291 2311 2309 2316 2323 2324 2323 2340 2311 2328 2334 2344
2223 2222 2242 2250 2226 2224 2215 2198 2205 2210 2227 2244 2231 2244 2222 2240 2235 2221 2235 2226 2226 2247 2256 2246 2240 2251 2235 2242 2242 2238 2235 2247 2247 2235 2239 2242 2237 2237 2246 2237 2251 2245 2245 2246 2236 2262 2257 2248 2250 2242 2267 2245 2255 2257 2261 2265 2266 2265 2263 2272 2261 2261 2261 2279 2279 2279 2298 2294 2291 2311 2298 2305 2314 2328 2311 2328 2317 2311 2327 2340 2328 2340
2210 2222 2229 2241 2233 2233 2224 2210 2214 2240 2227 2227 2225 2233 2245 2240 2235 2232 2235 2241 2237 2225 2237 2225 2225 2251 2235 2250 2242 2222 2222 2222 2232 2229 2235 2237 2237 2246 2248 2235 2245 2245 2236 2254 2250 2236 2244 2258 2257 2237 2267 2267 2256 2264 2266 2266 2265 2275 2265 2261 2279 2261 2274 2270 2279 2279 2297 2276 2298 2302 2305 2307 2319 2323 2311 2327 2328 2327 2326 2326 2326 2326
2235 2217 2227 2232 2236 2246 2227 2223 2221 2247 2225 2230 2225 2231 2231 2242 2232 2235 2235 2219 2229 2224 2221 2221 2242 2250 2230 2242 2226 2238 2247 2218 2233 2243 2239 2239 2255 2237 2223 2245 2248 2245 2245 2258 2257 2248 2236 2267 2257 2257 2255 2253 2253 2268 2265 2266 2265 2265 2265 2279 2279 2261 2258 2270 2274 2284 2297 2286 2297 2311 2302 2314 2300 2318 2323 2311 2327 2327 2326 2325 2339 2325
2214 2229 2234 2228 2240 2240 2236 2223 2231 2227 2233 2231 2239 2236 2230 2230 2222 2231 2240 2229 2224 2224 2224 2233 2253 2230 2238 2226 2235 2226 2236 2233 2243 2235 2241 2255 2226 2237 2235 2235 2236 2250 2245 2257 2251 2258 2239 2257 2257 2257 2257 2267 2263 2256 2274 2265 2256 2265 2279 2279 2273 2279 2276 2274 2260 2273 2272 2286 2288 2288 2297 2297 2297 2302 2311 2314 2326 2325 2339 2312 2330 2335
2232 2224 2244 2242 2246 2237 2243 2246 2231 2223 2244 2245 2239 2239 2226 2248 2228 2240 2251 2229 2226 2235 2243 2242 2233 2254 2230 2226 2240 2222 2233 2243 2233 2243 2246 2239 2237 2242 2245 2245 2262 2257 2257 2257 2262 2257 2257 2257 2255 2262 2261 2267 2258 2249 2263 2274 2265 2268 2279 2265 2262 2279 2274 2276 2273 2273 2276 2273 2285 2288 2288 2297 2300 2311 2312 2318 2311 2314 2316 2330 2321 2320
