Capas/FUTURO/Eje_30s/ASC/bio_16.asc
ncols         993
nrows         433
xllcorner     -105.25566776747
yllcorner     17.599810932142
cellsize      0.0083333333
NODATA_value  -9999
[rows 252 to 287 of 433, columns 574 to 655 of 993]
-9999 -9999 -9999 -9999 -9999 -9999 -9999 -9999 -9999 -9999 -9999 -9999 -9999 -9999 -9999 -9999 -9999 -9999 -9999 -9999 -9999 -9999 -9999 -9999 -9999 8691 8788 8844 8942 8995 9081 9209 9408 9586 9650 9751 9813 9818 9808 9802 9745 9655 9608 9565 9556 9554 9505 9467 9328 9150 9013 8911 8760 8639 8544 8454 8405 8366 8330 8281 8241 8214 8248 8285 8330 8403 8494 8582 8658 8749 8807 8879 8945 8999 9034 9044 9024 9051 9069 9093 9103 9150
-9999 -9999 -9999 -9999 -9999 -9999 -9999 -9999 -9999 -9999 -9999 -9999 -9999 -9999 -9999 -9999 -9999 -9999 -9999 -9999 -9999 -9999 -9999 -9999 -9999 8574 8620 8634 8678 8732 8833 8956 9066 9291 9446 9535 9612 9645 9624 9581 9540 9501 9491 9521 9513 9538 9514 9477 9349 9201 9071 8971 8830 8695 8562 8483 8450 8410 8364 8332 8305 8303 8319 8359 8401 8468 8554 8635 8714 8771 8828 8900 8978 9030 9109 9069 9028 9044 9083 9063 9077 9114
-9999 -9999 -9999 -9999 -9999 -9999 -9999 -9999 -9999 -9999 -9999 -9999 -9999 -9999 -9999 -9999 -9999 -9999 -9999 -9999 -9999 -9999 -9999 -9999 8296 8337 8385 8415 8444 8545 8591 8688 8821 8980 9150 9255 9331 9338 9295 9303 9286 9312 9318 9347 9404 9461 9455 9392 9296 9195 9083 8994 8883 8741 8640 8561 8485 8465 8437 8414 8383 8376 8416 8459 8472 8545 8607 8694 8757 8848 8867 8918 8965 9040 9092 9043 9020 9031 9048 9051 9039 9049
-9999 -9999 -9999 -9999 -9999 -9999 -9999 -9999 -9999 -9999 -9999 -9999 -9999 -9999 -9999 -9999 -9999 -9999 -9999 -9999 -9999 -9999 -9999 -9999 8089 8136 8141 8208 8298 8377 8412 8524 8648 8796 8842 8912 8957 8979 9033 9064 9115 9200 9194 9214 9285 9338 9307 9294 9243 9152 9053 8949 8852 8771 8712 8622 8552 8552 8518 8454 8436 8451 8457 8497 8540 8601 8692 8722 8783 8869 8899 8937 8967 9017 9044 9017 9002 8999 8964 8959 8999 9046
-9999 -9999 -9999 -9999 -9999 -9999 -9999 -9999 -9999 -9999 -9999 -9999 -9999 -9999 -9999 -9999 -9999 -9999 -9999 -9999 -9999 -9999 -9999 -9999 7863 7913 7969 8042 8109 8174 8254 8373 8537 8562 8600 8656 8702 8756 8809 8930 9015 9093 9111 9101 9107 9156 9206 9170 9132 9071 8948 8837 8800 8800 8774 8681 8623 8590 8559 8490 8487 8492 8505 8541 8605 8672 8741 8764 8831 8903 8931 8954 8981 8998 9015 8999 8998 8956 8970 9008 8969 8969
-9999 -9999 -9999 -9999 -9999 -9999 -9999 -9999 -9999 -9999 -9999 -9999 -9999 -9999 -9999 -9999 -9999 -9999 -9999 -9999 -9999 -9999 -9999 -9999 7635 7721 7842 7917 7952 8025 8082 8185 8309 8353 8401 8458 8526 8577 8689 8893 8918 8815 8838 8885 8847 8959 9080 9046 9038 9003 8872 8776 8794 8830 8801 8731 8659 8577 8539 8504 8520 8563 8587 8622 8668 8706 8753 8805 8844 8909 8949 8970 8991 8998 8999 8990 8970 8916 8923 8981 8915 8884
-9999 -9999 -9999 -9999 -9999 -9999 -9999 -9999 -9999 -9999 -9999 -9999 -9999 -9999 -9999 -9999 -9999 -9999 -9999 -9999 -9999 -9999 -9999 -9999 7439 7540 7660 7761 7787 7835 7905 8021 8090 8181 8247 8323 8401 8492 8641 8686 8673 8617 8614 8666 8694 8807 8911 8913 8955 8962 8821 8787 8814 8838 8835 8803 8722 8649 8606 8581 8638 8688 8689 8705 8757 8813 8871 8895 8963 8993 9001 9003 9016 9000 9000 8968 8936 8875 8834 8810 8806 8830
-9999 -9999 -9999 -9999 -9999 -9999 -9999 -9999 -9999 -9999 -9999 -9999 -9999 -9999 -9999 -9999 -9999 -9999 -9999 -9999 -9999 -9999 -9999 -9999 -9999 7424 7542 7629 7657 7653 7782 7902 7993 8086 8160 8235 8330 8503 8618 8511 8462 8476 8498 8526 8572 8675 8792 8839 8901 8837 8788 8807 8854 8899 8909 8880 8803 8740 8713 8706 8731 8790 8824 8858 8881 8951 9016 9018 9061 9060 9066 9042 9016 8996 8985 8949 8914 8844 8791 8770 8771 8800
-9999 -9999 -9999 -9999 -9999 -9999 -9999 -9999 -9999 -9999 -9999 -9999 -9999 -9999 -9999 -9999 -9999 -9999 -9999 -9999 -9999 -9999 -9999 -9999 -9999 -9999 7436 7486 7527 7526 7691 7803 7900 7997 8099 8211 8298 8400 8471 8443 8393 8377 8381 8410 8509 8606 8720 8811 8797 8823 8949 9035 9051 9071 9099 9088 8992 8894 8862 8842 8848 8888 8940 8997 9040 9068 9133 9142 9113 9101 9093 9068 9033 9001 8979 8943 8899 8839 8779 8768 8775 8758
-9999 -9999 -9999 -9999 -9999 -9999 -9999 -9999 -9999 -9999 -9999 -9999 -9999 -9999 -9999 -9999 -9999 -9999 -9999 -9999 -9999 -9999 -9999 -9999 -9999 -9999 -9999 7401 7458 7399 7522 7655 7779 7890 8058 8199 8323 8354 8370 8394 8375 8295 8286 8334 8470 8611 8731 8799 8795 8900 9086 9175 9223 9269 9299 9304 9261 9189 9096 9078 9055 9086 9117 9189 9213 9202 9220 9235 9191 9154 9126 9105 9074 9018 8994 8975 8894 8840 8790 8773 8755 8709
-9999 -9999 -9999 -9999 -9999 -9999 -9999 -9999 -9999 -9999 -9999 -9999 -9999 -9999 -9999 -9999 -9999 -9999 -9999 -9999 -9999 -9999 -9999 -9999 -9999 -9999 -9999 -9999 -9999 7325 7454 7586 7741 7876 8034 8116 8251 8313 8332 8344 8300 8260 8265 8339 8468 8580 8673 8790 8955 9086 9164 9241 9292 9349 9393 9410 9388 9364 9349 9356 9342 9353 9341 9345 9423 9408 9357 9329 9286 9244 9200 9141 9095 9050 9013 8973 8913 8852 8801 8763 8717 8683
-9999 -9999 -9999 -9999 -9999 -9999 -9999 -9999 -9999 -9999 -9999 -9999 -9999 -9999 -9999 -9999 -9999 -9999 -9999 -9999 -9999 -9999 -9999 -9999 -9999 -9999 -9999 -9999 -9999 -9999 7365 7495 7672 7875 7977 8064 8222 8264 8259 8258 8318 8384 8440 8530 8577 8623 8749 8923 9138 9249 9274 9325 9363 9407 9441 9474 9484 9473 9477 9518 9580 9592 9575 9572 9536 9515 9468 9425 9356 9289 9246 9188 9145 9094 9046 9004 8942 8874 8821 8726 8693 8645
-9999 -9999 -9999 -9999 -9999 -9999 -9999 -9999 -9999 -9999 -9999 -9999 -9999 -9999 -9999 -9999 -9999 -9999 -9999 -9999 -9999 -9999 -9999 -9999 -9999 -9999 -9999 -9999 -9999 -9999 -9999 7480 7611 7775 7918 8004 8155 8266 8226 8319 8440 8543 8649 8759 8852 8868 8923 9056 9229 9311 9349 9373 9379 9427 9488 9523 9572 9612 9626 9678 9741 9792 9757 9697 9609 9590 9534 9456 9382 9313 9267 9224 9203 9167 9110 9049 8986 8910 8822 8726 8669 8588
-9999 -9999 -9999 -9999 -9999 -9999 -9999 -9999 -9999 -9999 -9999 -9999 -9999 -9999 -9999 -9999 -9999 -9999 -9999 -9999 -9999 -9999 -9999 -9999 -9999 -9999 -9999 -9999 -9999 -9999 -9999 7702 7714 7794 7861 7982 8118 8216 8260 8400 8524 8615 8754 8898 9041 9128 9149 9176 9273 9339 9363 9368 9385 9429 9518 9611 9684 9790 9793 9815 9890 9927 9813 9701 9651 9631 9552 9442 9393 9371 9302 9264 9248 9220 9191 9128 9047 8952 8833 8728 8645 8539
-9999 -9999 -9999 -9999 -9999 -9999 -9999 -9999 -9999 -9999 -9999 -9999 -9999 -9999 -9999 -9999 -9999 -9999 -9999 -9999 -9999 -9999 -9999 -9999 -9999 -9999 -9999 -9999 -9999 -9999 -9999 -9999 7988 8091 8042 8050 8179 8259 8371 8504 8615 8718 8888 9054 9219 9303 9409 9408 9365 9370 9377 9396 9410 9456 9554 9669 9751 9871 9969 9962 10026 9961 9817 9794 9756 9671 9547 9435 9383 9360 9319 9303 9298 9283 9270 9205 9121 9005 8855 8710 8583 8483
-9999 -9999 -9999 -9999 -9999 -9999 -9999 -9999 -9999 -9999 -9999 -9999 -9999 -9999 -9999 -9999 -9999 -9999 -9999 -9999 -9999 -9999 -9999 -9999 -9999 -9999 -9999 -9999 -9999 -9999 -9999 -9999 -9999 8351 8338 8288 8297 8464 8641 8718 8741 8850 9069 9232 9369 9471 9568 9638 9576 9495 9488 9495 9503 9578 9735 9783 9847 9957 10089 10136 10081 9956 9859 9871 9785 9656 9492 9387 9337 9329 9313 9336 9372 9385 9360 9309 9219 9062 8873 8683 8514 8394
-9999 -9999 -9999 -9999 -9999 -9999 -9999 -9999 -9999 -9999 -9999 -9999 -9999 -9999 -9999 -9999 -9999 -9999 -9999 -9999 -9999 -9999 -9999 -9999 -9999 -9999 -9999 -9999 -9999 -9999 -9999 -9999 -9999 -9999 8529 8568 8592 8714 8889 8942 8933 8981 9200 9334 9530 9624 9698 9760 9734 9642 9649 9657 9673 9755 9885 9945 10009 10036 10142 10196 10124 9971 9902 9866 9744 9590 9410 9333 9288 9280 9303 9357 9431 9439 9480 9403 9273 9113 8874 8621 8428 8271
-9999 -9999 -9999 -9999 -9999 -9999 -9999 -9999 -9999 -9999 -9999 -9999 -9999 -9999 -9999 -9999 -9999 -9999 -9999 -9999 -9999 -9999 -9999 -9999 -9999 -9999 -9999 -9999 -9999 -9999 -9999 -9999 -9999 -9999 8606 8782 8826 8884 9058 9075 9047 9108 9253 9487 9610 9734 9808 9838 9819 9768 9800 9820 9820 9835 9892 9988 10065 10091 10100 10082 10102 9971 9913 9859 9652 9461 9343 9301 9235 9234 9278 9358 9402 9430 9503 9448 9307 9120 8877 8551 8305 8124
-9999 -9999 -9999 -9999 -9999 -9999 -9999 -9999 -9999 -9999 -9999 -9999 -9999 -9999 -9999 -9999 -9999 -9999 -9999 -9999 -9999 -9999 -9999 -9999 -9999 -9999 -9999 -9999 -9999 -9999 -9999 -9999 -9999 -9999 -9999 8694 8871 8946 8921 9064 9119 9179 9316 9532 9688 9790 9897 9913 9880 9855 9913 9989 9972 9959 9970 10010 10101 10114 10086 10050 10021 9919 9834 9722 9551 9389 9270 9222 9159 9164 9220 9279 9384 9424 9452 9397 9310 9095 8807 8435 8182 7972
-9999 -9999 -9999 -9999 -9999 -9999 -9999 -9999 -9999 -9999 -9999 -9999 -9999 -9999 -9999 -9999 -9999 -9999 -9999 -9999 -9999 -9999 -9999 -9999 -9999 -9999 -9999 -9999 -9999 -9999 -9999 -9999 -9999 -9999 -9999 8500 8693 8753 8743 8872 9064 9181 9333 9540 9634 9733 9870 9884 9890 9843 9927 10049 10079 10151 10111 10083 10111 10025 10061 10058 10041 9906 9749 9613 9449 9306 9236 9154 9098 9091 9135 9215 9319 9419 9448 9381 9198 8978 8701 8281 8020 7791
-9999 -9999 -9999 -9999 -9999 -9999 -9999 -9999 -9999 -9999 -9999 -9999 -9999 -9999 -9999 -9999 -9999 -9999 -9999 -9999 -9999 -9999 -9999 -9999 -9999 -9999 -9999 -9999 -9999 -9999 -9999 -9999 -9999 -9999 -9999 -9999 8513 8582 8578 8710 8857 9024 9284 9491 9578 9660 9755 9808 9764 9768 9861 9922 10059 10134 10138 10079 9945 9872 9946 10007 9997 9884 9761 9534 9356 9220 9125 9077 9010 8982 9007 9128 9241 9314 9341 9297 -9999 -9999 -9999 -9999 7799 7607
-9999 -9999 -9999 -9999 -9999 -9999 -9999 -9999 -9999 -9999 -9999 -9999 -9999 -9999 -9999 -9999 -9999 -9999 -9999 -9999 -9999 -9999 -9999 -9999 -9999 -9999 -9999 -9999 -9999 -9999 -9999 -9999 -9999 -9999 -9999 -9999 8392 8417 8422 8509 8715 8928 9219 9355 9501 9573 9642 9704 9668 9698 9791 9887 9950 10041 10062 9910 9839 9853 9893 9954 9907 9835 9655 9442 9259 9082 8972 8960 8903 8806 8803 8958 9085 9134 9155 -9999 -9999 -9999 -9999 -9999 -9999 -9999
-9999 -9999 -9999 -9999 -9999 -9999 -9999 -9999 -9999 -9999 -9999 -9999 -9999 -9999 -9999 -9999 -9999 -9999 -9999 -9999 -9999 -9999 -9999 -9999 -9999 -9999 -9999 -9999 -9999 -9999 -9999 -9999 -9999 -9999 -9999 -9999 -9999 8282 8306 8369 8569 8814 9057 9167 9420 9562 9572 9573 9592 9659 9742 9805 9821 9948 9893 9897 9851 9762 9728 9810 9702 9606 9485 9292 9125 8947 8831 8767 8758 8638 8675 8805 8871 8865 -9999 -9999 -9999 -9999 -9999 -9999 -9999 -9999
-9999 -9999 -9999 -9999 -9999 -9999 -9999 -9999 -9999 -9999 -9999 -9999 -9999 -9999 -9999 -9999 -9999 -9999 -9999 -9999 -9999 -9999 -9999 -9999 -9999 -9999 -9999 -9999 -9999 -9999 -9999 -9999 -9999 -9999 -9999 -9999 -9999 8210 8217 8294 8495 8671 8952 9058 9317 9462 9518 9459 9502 9594 9677 9678 9730 9732 9799 9832 9710 9622 9662 9632 9383 9367 9314 9133 8978 8819 8662 8541 8465 8434 8446 8549 8584 8576 -9999 -9999 -9999 -9999 -9999 -9999 -9999 -9999
-9999 -9999 -9999 -9999 -9999 -9999 -9999 -9999 -9999 -9999 -9999 -9999 -9999 -9999 -9999 -9999 -9999 -9999 -9999 -9999 -9999 -9999 -9999 -9999 -9999 -9999 -9999 -9999 -9999 -9999 -9999 -9999 -9999 -9999 -9999 -9999 -9999 -9999 8181 8252 8382 8560 8794 9020 9182 9389 9483 9417 9430 9532 9567 9546 9533 9563 9647 9686 9620 9514 9453 9336 9158 9117 9089 9029 8881 8692 8542 8388 8281 8227 8317 8274 8245 -9999 -9999 -9999 -9999 -9999 -9999 -9999 -9999 -9999
-9999 -9999 -9999 -9999 -9999 -9999 -9999 -9999 -9999 -9999 -9999 -9999 -9999 -9999 -9999 -9999 -9999 -9999 -9999 -9999 -9999 -9999 -9999 -9999 -9999 -9999 -9999 -9999 -9999 -9999 -9999 -9999 -9999 -9999 -9999 -9999 -9999 -9999 8255 8260 8349 8520 8786 8998 9098 9284 9394 9338 9384 9457 9472 9462 9500 9513 9504 9537 9467 9281 9170 9055 8954 8889 8867 8828 8790 8625 8444 8297 8153 8109 8119 7969 7911 -9999 -9999 -9999 -9999 -9999 -9999 -9999 -9999 -9999
-9999 -9999 -9999 -9999 -9999 -9999 -9999 -9999 -9999 -9999 -9999 -9999 -9999 -9999 -9999 -9999 -9999 -9999 -9999 -9999 -9999 -9999 -9999 -9999 -9999 -9999 -9999 -9999 -9999 -9999 -9999 -9999 -9999 -9999 -9999 -9999 -9999 -9999 -9999 8356 8409 8577 8842 8951 9037 9231 9327 9286 9312 9398 9452 9436 9361 9312 9305 9298 9232 9091 8955 8843 8748 8724 8670 8658 8699 8660 8436 8223 8069 7960 7878 7698 7583 -9999 -9999 -9999 -9999 -9999 -9999 -9999 -9999 -9999
-9999 -9999 -9999 -9999 -9999 -9999 -9999 -9999 -9999 -9999 -9999 -9999 -9999 -9999 -9999 -9999 -9999 -9999 -9999 -9999 -9999 -9999 -9999 -9999 -9999 -9999 -9999 -9999 -9999 -9999 -9999 -9999 -9999 -9999 -9999 -9999 -9999 -9999 -9999 8516 8570 8671 8793 8930 8974 9096 9248 9229 9204 9300 9369 9265 9190 9215 9266 9216 9091 8913 8811 8768 8716 8676 8634 8617 8689 8638 8359 8171 8033 7845 7692 7520 7350 -9999 -9999 -9999 -9999 -9999 -9999 -9999 -9999 -9999
-9999 -9999 -9999 -9999 -9999 -9999 -9999 -9999 -9999 -9999 -9999 -9999 -9999 -9999 -9999 -9999 -9999 -9999 -9999 -9999 -9999 -9999 -9999 -9999 -9999 -9999 -9999 -9999 -9999 -9999 -9999 -9999 -9999 -9999 -9999 -9999 -9999 -9999 -9999 -9999 8681 8731 8785 8871 -9999 8997 9144 9122 9053 9112 9136 9065 9078 9170 9147 9067 8972 8876 8800 8757 8751 8671 8625 8632 8745 8588 8342 8164 7980 7737 7538 7358 7178 -9999 -9999 -9999 -9999 -9999 -9999 -9999 -9999 -9999
-9999 -9999 -9999 -9999 -9999 -9999 -9999 -9999 -9999 -9999 -9999 -9999 -9999 -9999 -9999 -9999 -9999 -9999 -9999 -9999 -9999 -9999 -9999 -9999 -9999 -9999 -9999 -9999 -9999 -9999 -9999 -9999 -9999 -9999 -9999 -9999 -9999 -9999 -9999 -9999 8665 -9999 -9999 -9999 -9999 8926 8982 8990 8889 8922 8944 8950 8983 9061 9044 9036 8966 8846 8783 8726 8669 8567 8560 8584 8658 8501 8376 8245 8057 7751 7511 7300 7111 -9999 -9999 -9999 -9999 -9999 -9999 -9999 -9999 -9999
-9999 -9999 -9999 -9999 -9999 -9999 -9999 -9999 -9999 -9999 -9999 -9999 -9999 -9999 -9999 -9999 -9999 -9999 -9999 -9999 -9999 -9999 -9999 -9999 -9999 -9999 -9999 -9999 -9999 -9999 -9999 -9999 -9999 -9999 -9999 -9999 -9999 -9999 -9999 -9999 -9999 -9999 -9999 -9999 -9999 -9999 8788 8775 8730 8779 8831 8875 8908 8893 8925 8951 8901 8780 8637 8539 8539 8450 8442 8441 8501 8500 8375 8271 8148 8008 7725 7516 -9999 -9999 -9999 -9999 -9999 -9999 -9999 -9999 -9999 -9999
-9999 -9999 -9999 -9999 -9999 -9999 -9999 -9999 -9999 -9999 -9999 -9999 -9999 -9999 -9999 -9999 -9999 -9999 -9999 -9999 -9999 -9999 -9999 -9999 -9999 -9999 -9999 -9999 -9999 -9999 -9999 -9999 -9999 -9999 -9999 -9999 -9999 -9999 -9999 -9999 -9999 -9999 -9999 -9999 -9999 -9999 8582 8559 8577 8675 8791 8808 8720 8705 8697 8639 8623 8475 8350 8366 8462 8355 8292 8313 8399 8500 8426 8351 8277 8210 8002 7861 7680 -9999 -9999 -9999 -9999 -9999 -9999 -9999 -9999 -9999
-9999 -9999 -9999 -9999 -9999 -9999 -9999 -9999 -9999 -9999 -9999 -9999 -9999 -9999 -9999 -9999 -9999 -9999 -9999 -9999 -9999 -9999 -9999 -9999 -9999 -9999 -9999 -9999 -9999 -9999 -9999 -9999 -9999 -9999 -9999 -9999 -9999 -9999 -9999 -9999 -9999 -9999 -9999 -9999 -9999 -9999 8342 8397 8468 8534 8625 8580 8547 8534 8449 8392 8322 8240 8229 8279 8371 8278 8171 8193 8317 8395 8420 8425 8420 8308 8244 8091 7883 -9999 -9999 -9999 -9999 -9999 -9999 -9999 -9999 -9999
-9999 -9999 -9999 -9999 -9999 -9999 -9999 -9999 -9999 -9999 -9999 -9999 -9999 -9999 -9999 -9999 -9999 -9999 -9999 -9999 -9999 -9999 -9999 -9999 -9999 -9999 -9999 -9999 -9999 -9999 -9999 -9999 -9999 -9999 -9999 -9999 -9999 -9999 -9999 -9999 -9999 -9999 -9999 -9999 -9999 -9999 8217 8337 8428 8442 8407 8351 8350 8309 8260 8182 8159 8088 8052 8065 8172 8199 8062 8038 8072 8114 8226 8321 8337 8332 8398 8278 8146 -9999 -9999 -9999 -9999 -9999 -9999 -9999 -9999 -9999
-9999 -9999 -9999 -9999 -9999 -9999 -9999 -9999 -9999 -9999 -9999 -9999 -9999 -9999 -9999 -9999 -9999 -9999 -9999 -9999 -9999 -9999 -9999 -9999 -9999 -9999 -9999 -9999 -9999 -9999 -9999 -9999 -9999 -9999 -9999 -9999 -9999 -9999 -9999 -9999 -9999 -9999 -9999 -9999 -9999 -9999 8195 8245 8257 8237 8187 8197 8151 8116 8078 8123 8113 8073 8025 8071 8162 8123 7934 7805 7825 7818 8020 8161 8276 8341 8349 8401 8326 -9999 -9999 -9999 -9999 -9999 -9999 -9999 -9999 -9999
-9999 -9999 -9999 -9999 -9999 -9999 -9999 -9999 -9999 -9999 -9999 -9999 -9999 -9999 -9999 -9999 -9999 -9999 -9999 -9999 -9999 -9999 -9999 -9999 -9999 -9999 -9999 -9999 -9999 -9999 -9999 -9999 -9999 -9999 -9999 -9999 -9999 -9999 -9999 -9999 -9999 -9999 -9999 -9999 -9999 -9999 8036 8034 8056 8101 8069 8043 8026 8010 8022 8072 8068 8096 8113 8139 8067 8057 7868 7640 7579 7673 7752 7882 8124 8188 8222 8274 8261 8162 -9999 -9999 -9999 -9999 -9999 -9999 -9999 -9999
