Capas/FUTURO/Eje_30s/ASC/bio_12.asc
ncols         993
nrows         433
xllcorner     -105.25566776747
yllcorner     17.599810932142
cellsize      0.0083333333
NODATA_value  -9999
[rows 175 to 209 of 433, columns 869 to 947 of 993]
-9999 -9999 -9999 -9999 -9999 -9999 7797 7785 7753 7749 7752 7775 7833 7905 7996 8104 8229 8358 8514 8694 8911 9104 9318 9497 9650 9800 9923 10017 10100 10208 10331 10489 10603 10649 10640 10636 10535 10330 10105 9991 10002 10117 10179 10388 10727 11120 11535 11961 12380 12716 12973 13141 13214 13214 13169 13119 13075 13044 13054 13098 13162 13247 13341 13417 13462 13488 13512 13565 13634 13732 13856 14000 14144 14272 14383 14473 14548 14611 14681
-9999 -9999 -9999 -9999 -9999 7811 7795 7779 7734 7716 7709 7685 7734 7784 7858 7976 8097 8232 8376 8545 8748 8957 9193 9413 9598 9758 9868 9955 10050 10152 10257 10360 10478 10571 10552 10504 10401 10118 9843 9687 9672 9732 9745 9926 10227 10617 11035 11458 11890 12248 12516 12694 12782 12791 12757 12723 12701 12698 12730 12796 12888 12988 13082 13155 13195 13211 13229 13273 13337 13435 13561 13706 13847 13982 14091 14176 14237 14280 14324
-9999 -9999 -9999 -9999 -9999 7790 7782 7748 7715 7679 7658 7639 7639 7658 7708 7798 7924 8064 8213 8389 8585 8804 9048 9279 9478 9645 9755 9855 9950 10044 10135 10248 10359 10396 10392 10342 10223 9890 9587 9383 9284 9294 9353 9486 9749 10094 10507 10950 11387 11752 12033 12226 12326 12352 12338 12316 12314 12332 12391 12483 12592 12709 12807 12880 12913 12923 12931 12966 13031 13119 13239 13374 13521 13655 13769 13858 13916 13952 13978
-9999 -9999 -9999 -9999 7730 7743 7728 7703 7675 7631 7586 7551 7528 7532 7562 7618 7718 7855 8012 8197 8408 8612 8847 9092 9311 9461 9581 9713 9826 9928 10012 10115 10191 10228 10216 10129 10009 9695 9364 9102 8913 8826 8821 8941 9245 9602 9999 10433 10869 11241 11536 11743 11855 11896 11900 11892 11901 11941 12020 12131 12266 12389 12505 12578 12608 12607 12612 12637 12699 12779 12887 13013 13153 13292 13415 13510 13575 13608 13630
-9999 -9999 -9999 7702 7693 7691 7680 7656 7622 7569 7502 7450 7414 7394 7395 7432 7503 7617 7770 7952 8160 8374 8608 8838 9060 9233 9373 9525 9646 9761 9867 9971 10030 10036 10003 9913 9787 9521 9142 8846 8625 8506 8473 8556 8769 9159 9552 9960 10379 10752 11040 11251 11376 11428 11447 11451 11468 11518 11610 11744 11894 12038 12160 12240 12272 12274 12274 12295 12343 12421 12518 12638 12767 12902 13025 13129 13202 13247 13271
-9999 -9999 7698 7688 7677 7650 7614 7587 7535 7463 7394 7322 7269 7176 7201 7211 7257 7345 7474 7645 7851 8071 8303 8528 8747 8939 9112 9284 9428 9559 9700 9803 9850 9819 9741 9638 9484 9295 8892 8584 8381 8289 8277 8343 8498 8812 9141 9534 9936 10296 10577 10781 10914 10966 10982 10987 11015 11069 11182 11325 11485 11643 11773 11861 11905 11914 11919 11939 11978 12043 12137 12250 12373 12499 12615 12718 12803 12864 12904
-9999 7705 7707 7677 7643 7609 7552 7501 7437 7358 7279 7194 7119 6980 6925 6978 6997 7055 7161 7311 7496 7708 7940 8174 8413 8619 8818 9004 9191 9355 9495 9577 9601 9581 9472 9325 9182 8949 8583 8332 8171 8094 8101 8158 8294 8522 8821 9180 9537 9874 10152 10355 10472 10517 10527 10531 10550 10616 10734 10885 11049 11213 11354 11448 11506 11532 11544 11566 11608 11664 11754 11864 11984 12094 12201 12296 12388 12468 12531
7679 7689 7692 7659 7613 7560 7488 7417 7348 7252 7158 7071 6970 6827 6717 6707 6735 6768 6849 6961 7125 7327 7545 7796 8035 8264 8488 8705 8906 9092 9255 9331 9328 9273 9182 9022 8886 8546 8298 8136 8006 7917 7900 7992 8110 8299 8573 8879 9204 9505 9763 9948 10047 10084 10082 10083 10101 10161 10278 10439 10605 10764 10905 11010 11080 11117 11149 11180 11226 11288 11376 11487 11602 11703 11798 11886 11987 12081 12166
7662 7674 7663 7622 7549 7481 7401 7310 7236 7144 7048 6932 6792 6664 6546 6493 6454 6424 6487 6607 6726 6937 7158 7387 7633 7877 8124 8365 8589 8783 8937 9012 9027 8891 8724 8566 8384 8198 8090 8024 7930 7812 7760 7818 7997 8144 8366 8632 8922 9188 9410 9566 9643 9662 9653 9645 9656 9715 9831 9986 10147 10298 10436 10548 10628 10686 10738 10786 10848 10921 11016 11128 11236 11330 11416 11507 11609 11712 11816
7617 7632 7615 7572 7492 7400 7306 7215 7121 7027 6933 6826 6676 6527 6398 6313 6214 6145 6167 6237 6339 6568 6781 7005 7246 7497 7758 8007 8247 8441 8611 8678 8668 8511 8300 8159 8051 7967 7956 7982 7939 7809 7720 7714 7855 8045 8210 8435 8681 8901 9087 9213 9266 9268 9245 9232 9242 9295 9403 9546 9695 9837 9969 10078 10169 10245 10317 10391 10471 10563 10665 10778 10885 10973 11057 11152 11256 11371 11486
7558 7586 7570 7514 7430 7319 7218 7114 7014 6931 6842 6750 6634 6483 6337 6190 6051 5959 5939 5969 6051 6274 6483 6684 6903 7139 7398 7652 7877 8078 8239 8339 8294 8111 7973 7913 7876 7864 7895 7976 7934 7897 7774 7727 7789 7987 8110 8270 8468 8647 8786 8878 8905 8895 8863 8844 8855 8902 9000 9130 9267 9401 9522 9627 9721 9810 9901 9999 10097 10208 10321 10438 10546 10636 10726 10822 10932 11052 11178
7506 7531 7517 7457 7368 7256 7145 7042 6947 6858 6774 6690 6598 6491 6372 6168 5982 5870 5823 5818 5867 6013 6226 6445 6634 6839 7065 7299 7521 7708 7853 7947 7828 7719 7698 7773 7874 7895 7908 7924 7907 7903 7886 7804 7831 7936 8016 8118 8265 8399 8503 8563 8568 8542 8506 8486 8493 8539 8627 8745 8875 8994 9108 9209 9303 9399 9495 9616 9735 9856 9981 10099 10215 10317 10412 10514 10634 10760 10895
7452 7480 7463 7406 7311 7198 7086 6980 6888 6804 6727 6649 6564 6466 6360 6178 5978 5866 5813 5792 5804 5875 5998 6178 6421 6610 6798 6993 7182 7352 7484 7596 7437 7406 7484 7702 7714 7790 7855 7908 7905 7900 7897 7875 7851 7866 7895 7965 8068 8150 8219 8250 8240 8207 8168 8150 8160 8203 8283 8392 8510 8622 8726 8823 8918 9014 9119 9244 9376 9509 9637 9768 9890 9999 10107 10223 10348 10482 10623
7378 7414 7407 7353 7263 7148 7035 6928 6835 6755 6684 6618 6542 6458 6323 6150 6011 5965 5944 5906 5885 5914 5971 6046 6196 6406 6605 6757 6900 7029 7148 7206 7093 7140 7341 7503 7569 7676 7773 7850 7870 7877 7849 7814 7773 7744 7732 7766 7824 7870 7904 7922 7903 7874 7843 7832 7845 7893 7969 8068 8178 8280 8385 8475 8568 8664 8765 8894 9025 9168 9296 9430 9564 9690 9818 9939 10067 10210 10360
7300 7349 7346 7299 7213 7104 6988 6886 6793 6717 6646 6584 6523 6405 6252 6135 6096 6152 6190 6167 6156 6191 6171 6136 6141 6251 6392 6518 6653 6776 6858 6808 6794 6918 7192 7316 7427 7549 7661 7756 7796 7805 7761 7699 7627 7581 7523 7512 7534 7551 7563 7570 7561 7543 7528 7529 7552 7601 7680 7775 7874 7974 8074 8168 8260 8351 8451 8571 8697 8829 8957 9091 9238 9381 9522 9659 9806 9952 10089
7223 7273 7285 7245 7169 7064 6948 6845 6756 6676 6609 6555 6506 6382 6229 6175 6233 6335 6345 6364 6394 6417 6430 6375 6266 6245 6274 6303 6339 6423 6476 6505 6582 6777 7023 7160 7315 7457 7577 7674 7714 7703 7650 7570 7471 7379 7303 7242 7227 7220 7221 7225 7222 7219 7225 7242 7279 7334 7408 7502 7602 7699 7794 7887 7980 8071 8171 8272 8384 8504 8631 8766 8915 9070 9229 9394 9545 9687 9810
7152 7212 7225 7192 7117 7020 6905 6806 6715 6639 6571 6521 6481 6361 6256 6297 6440 6471 6512 6560 6597 6617 6620 6606 6503 6385 6300 6265 6244 6242 6271 6344 6499 6732 6889 7054 7229 7388 7520 7601 7628 7605 7528 7399 7272 7174 7082 6995 6939 6912 6901 6905 6912 6925 6947 6982 7027 7087 7165 7253 7346 7441 7536 7625 7715 7807 7898 7995 8095 8209 8326 8458 8609 8777 8949 9115 9259 9395 9512
7080 7142 7160 7133 7063 6968 6841 6754 6670 6594 6533 6492 6432 6315 6325 6494 6560 6621 6687 6744 6790 6809 6795 6764 6707 6581 6452 6376 6309 6229 6225 6309 6508 6692 6843 7013 7196 7353 7486 7558 7574 7532 7449 7295 7106 6955 6859 6785 6703 6652 6629 6627 6639 6665 6699 6745 6797 6861 6937 7021 7111 7202 7293 7382 7471 7560 7650 7738 7834 7943 8053 8179 8325 8486 8652 8810 8951 9078 9192
7009 7070 7089 7063 6998 6906 6731 6598 6499 6427 6365 6315 6291 6326 6460 6617 6691 6773 6853 6919 6965 6976 6955 6901 6833 6722 6623 6555 6440 6314 6273 6340 6541 6705 6852 7020 7202 7349 7476 7537 7539 7482 7379 7242 7038 6844 6703 6603 6511 6444 6408 6402 6415 6447 6486 6533 6592 6658 6729 6810 6892 6979 7069 7157 7241 7325 7412 7498 7589 7685 7796 7917 8053 8199 8354 8501 8631 8754 8867
6928 6984 7000 6982 6922 6838 6659 6501 6427 6401 6370 6336 6372 6497 6642 6731 6825 6917 7003 7071 7111 7115 7083 7014 6939 6854 6740 6631 6521 6435 6401 6464 6663 6768 6902 7060 7230 7365 7476 7521 7514 7439 7321 7168 6993 6772 6595 6460 6359 6289 6244 6228 6236 6265 6307 6353 6409 6471 6541 6617 6695 6777 6863 6944 7027 7111 7194 7276 7359 7453 7559 7672 7798 7932 8074 8211 8332 8451 8562
6834 6880 6898 6886 6833 6764 6654 6490 6476 6533 6526 6542 6591 6663 6755 6855 6952 7045 7126 7192 7229 7227 7182 7113 7026 6924 6795 6708 6666 6650 6653 6688 6778 6865 6977 7113 7255 7384 7475 7512 7494 7405 7271 7105 6924 6713 6525 6364 6245 6183 6133 6107 6110 6129 6159 6203 6251 6306 6370 6440 6516 6594 6674 6756 6832 6910 6991 7068 7147 7238 7335 7445 7563 7691 7824 7948 8069 8183 8301
6728 6769 6782 6774 6731 6679 6628 6527 6550 6548 6570 6618 6686 6778 6873 6971 7064 7148 7220 7282 7314 7309 7264 7187 7106 6956 6896 6903 6874 6844 6841 6863 6906 6974 7066 7165 7281 7396 7482 7505 7457 7345 7199 7033 6848 6650 6468 6300 6183 6115 6055 6027 6016 6023 6043 6070 6106 6153 6214 6283 6352 6427 6503 6575 6650 6724 6800 6875 6957 7040 7138 7240 7358 7478 7603 7725 7842 7958 8074
6628 6656 6669 6663 6635 6592 6561 6480 6529 6553 6608 6680 6765 6860 6959 7057 7139 7214 7275 7323 7354 7355 7319 7256 7154 7058 7067 7025 6993 6974 6970 6989 7022 7073 7141 7215 7300 7398 7466 7477 7407 7289 7128 6950 6762 6578 6420 6275 6152 6062 5999 5961 5941 5937 5942 5955 5977 6016 6064 6124 6193 6262 6337 6407 6479 6549 6624 6698 6781 6869 6966 7076 7186 7301 7423 7537 7654 7765 7883
6532 6556 6567 6562 6517 6438 6375 6361 6473 6537 6608 6699 6801 6897 6996 7090 7171 7239 7289 7335 7373 7392 7376 7332 7273 7226 7180 7142 7113 7093 7086 7091 7109 7143 7186 7241 7306 7377 7420 7413 7333 7200 7035 6858 6662 6487 6344 6204 6092 6008 5945 5904 5875 5854 5846 5848 5861 5886 5927 5981 6034 6102 6172 6240 6308 6382 6459 6539 6623 6721 6830 6940 7055 7171 7283 7390 7498 7606 7716
6450 6471 6461 6432 6383 6308 6283 6325 6452 6509 6591 6691 6792 6901 6997 7089 7165 7236 7284 7331 7380 7417 7418 7399 7366 7332 7299 7263 7226 7196 7177 7164 7165 7178 7206 7241 7283 7325 7345 7320 7228 7090 6921 6741 6561 6393 6244 6117 6015 5939 5876 5823 5783 5767 5761 5746 5749 5766 5798 5845 5900 5960 6018 6088 6153 6222 6302 6392 6491 6601 6720 6839 6960 7069 7175 7275 7370 7465 7568
6376 6407 6384 6340 6300 6268 6291 6378 6423 6480 6561 6660 6778 6890 6987 7071 7149 7221 7278 7330 7384 7429 7453 7451 7436 7412 7390 7362 7320 7282 7244 7215 7192 7187 7199 7214 7233 7249 7245 7201 7100 6955 6784 6603 6425 6261 6121 6006 5911 5841 5775 5714 5687 5671 5667 5655 5653 5661 5690 5728 5780 5832 5885 5946 6009 6079 6159 6260 6372 6495 6631 6761 6884 6990 7082 7168 7253 7337 7429
6325 6356 6339 6288 6289 6336 6358 6371 6412 6483 6556 6642 6752 6870 6970 7058 7137 7208 7276 7339 7392 7429 7459 7476 7474 7460 7445 7426 7388 7342 7289 7239 7197 7169 7156 7148 7149 7145 7113 7052 6938 6793 6620 6440 6260 6097 5965 5855 5773 5713 5644 5601 5583 5574 5565 5558 5559 5572 5597 5637 5682 5728 5773 5823 5878 5943 6030 6140 6269 6410 6551 6689 6812 6910 6995 7066 7138 7209 7287
6288 6329 6328 6298 6355 6356 6355 6355 6392 6467 6538 6628 6723 6834 6940 7038 7122 7201 7263 7321 7381 7423 7448 7468 7479 7473 7470 7461 7419 7375 7320 7246 7189 7130 7097 7066 7045 7016 6968 6888 6758 6607 6433 6254 6078 5922 5796 5697 5621 5555 5513 5488 5472 5464 5463 5465 5472 5503 5534 5569 5609 5644 5684 5719 5764 5823 5907 6023 6162 6313 6461 6605 6727 6824 6895 6953 7017 7076 7147
6261 6301 6321 6335 6338 6340 6335 6340 6362 6412 6501 6594 6690 6806 6926 7015 7094 7167 7252 7314 7358 7381 7410 7433 7455 7465 7477 7472 7436 7390 7328 7249 7172 7092 7036 6978 6917 6865 6813 6708 6573 6412 6204 6030 5859 5711 5612 5535 5460 5411 5389 5373 5362 5358 5365 5370 5398 5452 5491 5525 5559 5588 5609 5633 5660 5706 5782 5896 6034 6173 6329 6487 6614 6704 6772 6825 6878 6941 7011
6250 6277 6308 6316 6312 6309 6305 6309 6320 6360 6435 6535 6650 6766 6889 6973 7054 7131 7221 7273 7299 7326 7355 7378 7397 7436 7461 7454 7431 7403 7345 7258 7156 7058 6982 6893 6798 6720 6635 6515 6364 6199 5987 5826 5680 5558 5463 5390 5333 5300 5290 5276 5263 5266 5277 5299 5354 5430 5467 5505 5533 5547 5553 5557 5568 5595 5657 5755 5885 6019 6174 6327 6456 6516 6616 6675 6734 6786 6863
6216 6246 6279 6285 6281 6273 6268 6263 6271 6303 6368 6464 6587 6687 6811 6943 7013 7081 7146 7191 7229 7257 7276 7292 7308 7354 7394 7411 7414 7381 7335 7258 7158 7043 6929 6812 6696 6580 6457 6325 6177 5991 5820 5679 5554 5444 5356 5291 5249 5225 5211 5199 5190 5190 5214 5282 5363 5414 5459 5494 5509 5510 5503 5490 5449 5432 5487 5616 5729 5862 6004 6145 6245 6300 6397 6481 6545 6612 6711
6187 6209 6226 6239 6241 6242 6233 6230 6227 6250 6295 6385 6497 6604 6746 6874 6971 7045 7080 7104 7142 7166 7172 7190 7219 7251 7262 7301 7353 7341 7307 7252 7169 7054 6914 6772 6632 6485 6337 6186 6014 5850 5704 5578 5462 5361 5286 5231 5194 5170 5158 5146 5132 5139 5196 5280 5345 5415 5458 5477 5481 5470 5429 5378 5335 5320 5348 5438 5580 5702 5833 5948 6024 6114 6207 6294 6385 6505 6662
6146 6164 6177 6188 6198 6208 6206 6203 6197 6198 6236 6305 6399 6521 6647 6748 6870 6933 6993 7012 7001 7021 7037 7052 7075 7095 7105 7169 7242 7269 7262 7233 7175 7082 6945 6780 6621 6463 6293 6116 5940 5774 5638 5518 5410 5319 5250 5202 5164 5141 5120 5105 5099 5130 5203 5258 5332 5383 5415 5429 5409 5359 5329 5298 5269 5254 5268 5319 5410 5517 5631 5748 5862 5974 6068 6163 6282 6474 6602
6101 6115 6121 6134 6150 6170 6187 6177 6164 6162 6188 6239 6310 6405 6505 6608 6712 6784 6814 6838 6843 6867 6868 6862 6888 6902 6921 7013 7085 7117 7167 7198 7175 7100 6966 6817 6652 6474 6294 6104 5927 5765 5626 5505 5399 5314 5252 5202 5159 5130 5104 5087 5097 5151 5189 5247 5289 5338 5369 5344 5321 5309 5290 5266 5245 5229 5231 5266 5329 5415 5517 5634 5757 5864 5964 6075 6258 6411 6549
6058 6061 6063 6075 6101 6131 6150 6144 6131 6125 6141 6176 6227 6300 6379 6464 6546 6616 6632 6658 6659 6647 6625 6626 6660 6673 6706 6777 6855 6912 7012 7084 7115 7076 6961 6824 6672 6502 6322 6131 5948 5785 5646 5526 5426 5344 5280 5228 5183 5142 5108 5088 5130 5156 5203 5235 5263 5298 5284 5287 5298 5295 5283 5260 5242 5229 5234 5261 5309 5380 5472 5576 5686 5790 5891 6022 6205 6341 6504
