Capas/FUTURO/Eje_30s/ASC/bio_10.asc
ncols         993
nrows         433
xllcorner     -105.25566776747
yllcorner     17.599810932142
cellsize      0.0083333333
NODATA_value  -9999
[rows 216 to 251 of 433, columns 902 to 983 of 993]
2907 2905 2903 2900 2903 2910 2910 2909 2908 2906 2909 2909 2913 2915 2916 2916 2916 2916 2916 2915 2912 2911 2911 2912 2913 2913 2913 2913 2912 2911 2912 2914 2915 2915 2916 2916 2915 2915 2914 2913 2914 2914 2914 2914 2913 2913 2912 2911 2911 2910 2910 2909 2909 2908 2907 2906 2905 2904 2900 2892 2883 2880 2880 2877 2878 2881 2881 2879 2880 2883 2887 2891 2896 2900 2903 2911 2921 2929 2933 2937 2942 2942
2910 2908 2906 2904 2905 2908 2908 2905 2905 2902 2905 2903 2912 2914 2916 2916 2916 2916 2916 2916 2914 2911 2912 2913 2913 2912 2911 2910 2908 2909 2910 2913 2914 2915 2916 2916 2915 2915 2915 2914 2914 2914 2914 2913 2913 2913 2912 2911 2911 2910 2909 2908 2908 2907 2906 2905 2903 2902 2898 2892 2886 2876 2874 2873 2875 2883 2882 2883 2886 2886 2891 2895 2900 2906 2913 2917 2922 2927 2933 2941 2943 2947
2911 2910 2910 2908 2907 2905 2902 2899 2899 2902 2904 2905 2911 2915 2916 2916 2916 2916 2916 2916 2916 2914 2914 2914 2913 2911 2910 2907 2907 2909 2909 2912 2913 2915 2915 2915 2915 2915 2915 2914 2911 2913 2914 2913 2913 2913 2912 2912 2911 2910 2909 2908 2907 2907 2906 2904 2901 2898 2894 2890 2885 2877 2868 2875 2882 2888 2893 2889 2888 2888 2895 2901 2905 2910 2912 2916 2922 2927 2938 2944 2948 2949
2912 2912 2912 2909 2911 2910 2905 2902 2903 2905 2911 2907 2908 2914 2916 2916 2916 2916 2916 2915 2916 2916 2915 2914 2913 2911 2909 2906 2903 2903 2907 2911 2913 2914 2915 2915 2915 2915 2914 2913 2909 2913 2913 2913 2913 2912 2912 2911 2911 2910 2908 2908 2906 2905 2899 2901 2899 2898 2894 2890 2885 2876 2874 2886 2893 2896 2900 2898 2895 2897 2902 2905 2906 2903 2906 2912 2919 2928 2936 2943 2947 2951
2913 2913 2913 2913 2913 2911 2907 2904 2908 2909 2912 2914 2915 2915 2916 2916 2916 2916 2916 2915 2916 2916 2915 2914 2913 2911 2908 2905 2899 2895 2904 2910 2912 2914 2913 2913 2913 2913 2912 2908 2910 2913 2913 2913 2912 2912 2912 2911 2910 2910 2908 2907 2905 2903 2899 2895 2896 2890 2891 2888 2881 2875 2884 2894 2899 2903 2904 2902 2903 2905 2909 2911 2913 2914 2909 2916 2921 2926 2932 2941 2945 2946
2913 2913 2913 2914 2914 2913 2912 2908 2910 2912 2914 2915 2916 2916 2916 2916 2916 2916 2916 2916 2916 2916 2915 2915 2913 2911 2909 2906 2901 2902 2907 2910 2912 2911 2910 2912 2911 2911 2909 2909 2913 2913 2913 2913 2912 2912 2912 2910 2910 2909 2908 2906 2904 2902 2899 2895 2892 2890 2889 2885 2878 2876 2887 2895 2897 2901 2903 2903 2905 2909 2913 2918 2920 2924 2928 2930 2922 2929 2935 2939 2943 2945
2913 2913 2914 2914 2914 2914 2913 2912 2913 2913 2915 2915 2914 2916 2916 2916 2916 2917 2917 2916 2916 2916 2916 2915 2914 2912 2911 2909 2908 2908 2909 2910 2912 2911 2911 2912 2912 2912 2912 2910 2913 2913 2913 2912 2912 2912 2911 2910 2909 2908 2907 2905 2902 2898 2894 2889 2887 2888 2888 2883 2876 2879 2887 2892 2890 2898 2901 2906 2908 2912 2918 2922 2922 2923 2931 2935 2935 2932 2937 2940 2944 2945
2912 2913 2914 2914 2914 2915 2914 2914 2915 2916 2916 2915 2915 2916 2916 2916 2916 2917 2917 2917 2916 2912 2915 2915 2915 2914 2913 2912 2911 2911 2911 2910 2912 2912 2912 2912 2912 2911 2911 2913 2913 2913 2912 2912 2912 2911 2911 2910 2909 2908 2907 2905 2901 2896 2892 2884 2885 2885 2884 2880 2875 2875 2882 2888 2886 2888 2893 2903 2909 2913 2915 2916 2917 2920 2920 2926 2939 2940 2938 2942 2947 2948
2911 2913 2914 2914 2915 2915 2915 2915 2915 2915 2915 2916 2916 2916 2916 2917 2917 2917 2917 2917 2916 2914 2916 2915 2914 2914 2914 2914 2913 2913 2913 2912 2912 2910 2910 2912 2911 2908 2910 2913 2912 2912 2912 2912 2912 2911 2911 2910 2909 2908 2906 2903 2900 2897 2893 2889 2885 2882 2880 2879 2875 2871 2875 2882 2877 2877 2890 2902 2910 2909 2904 2906 2910 2898 2897 2910 2929 2939 2944 2943 2947 2952
2911 2913 2914 2914 2915 2914 2914 2915 2915 2914 2915 2916 2917 2915 2916 2917 2917 2917 2917 2917 2917 2916 2915 2914 2914 2915 2915 2915 2914 2913 2912 2911 2911 2910 2911 2912 2912 2911 2912 2912 2912 2912 2912 2912 2911 2911 2910 2910 2909 2907 2905 2902 2899 2893 2890 2888 2884 2880 2875 2880 2881 2877 2882 2880 2875 2872 2884 2897 2907 2904 2891 2895 2896 2897 2907 2905 2910 2923 2938 2948 2949 2952
2912 2912 2913 2913 2914 2913 2912 2913 2913 2914 2916 2917 2916 2916 2917 2917 2917 2917 2917 2917 2917 2917 2916 2916 2915 2915 2915 2915 2914 2912 2910 2908 2906 2907 2909 2911 2912 2912 2912 2912 2912 2912 2912 2911 2911 2910 2910 2909 2907 2906 2901 2896 2891 2885 2884 2883 2881 2877 2871 2874 2882 2878 2881 2883 2881 2878 2883 2893 2898 2892 2887 2885 2884 2890 2899 2912 2916 2921 2921 2943 2954 2958
2912 2912 2911 2911 2913 2914 2912 2912 2911 2915 2917 2917 2917 2917 2917 2917 2917 2917 2917 2917 2917 2917 2916 2916 2915 2915 2915 2914 2914 2911 2907 2901 2898 2899 2905 2910 2912 2912 2912 2912 2912 2912 2911 2911 2911 2910 2909 2908 2907 2906 2902 2891 2885 2885 2881 2878 2875 2874 2871 2879 2883 2881 2880 2884 2887 2883 2880 2891 2893 2897 2896 2904 2900 2906 2907 2909 2919 2931 2939 2948 2954 2961
2913 2912 2911 2913 2913 2915 2912 2908 2911 2917 2917 2917 2917 2917 2917 2917 2917 2917 2917 2917 2917 2917 2917 2916 2916 2915 2915 2914 2913 2910 2902 2888 2882 2888 2900 2907 2911 2911 2911 2912 2912 2912 2911 2911 2910 2909 2909 2908 2907 2905 2902 2896 2891 2886 2881 2874 2870 2866 2871 2881 2884 2883 2884 2885 2889 2886 2887 2895 2904 2905 2914 2916 2919 2919 2925 2926 2930 2934 2944 2954 2956 2938
2914 2913 2913 2914 2915 2916 2915 2914 2915 2917 2917 2917 2917 2917 2917 2917 2917 2917 2917 2917 2917 2917 2917 2916 2916 2915 2915 2914 2913 2908 2899 2884 2884 2894 2902 2907 2909 2910 2910 2909 2911 2909 2911 2911 2910 2909 2908 2907 2906 2904 2900 2895 2889 2884 2879 2872 2866 2859 2865 2877 2882 2887 2887 2888 2889 2887 2894 2904 2907 2913 2910 2921 2929 2935 2939 2941 2941 2946 2949 2956 2941 2915
2915 2914 2914 2915 2915 2917 2917 2917 2917 2917 2917 2917 2917 2917 2917 2917 2917 2917 2917 2917 2917 2917 2917 2916 2916 2915 2915 2915 2912 2909 2904 2895 2895 2900 2901 2903 2907 2909 2910 2909 2909 2908 2910 2910 2909 2908 2908 2906 2904 2902 2897 2895 2890 2884 2878 2874 2868 2860 2862 2871 2880 2885 2888 2890 2891 2889 2891 2904 2913 2919 2913 2916 2926 2927 2942 2946 2948 2950 2952 2955 2927 2916
2916 2916 2916 2916 2916 2917 2917 2917 2917 2918 2918 2917 2917 2917 2917 2917 2917 2917 2917 2917 2917 2917 2917 2916 2916 2916 2915 2915 2912 2911 2909 2905 2899 2898 2888 2893 2902 2907 2908 2908 2908 2908 2908 2908 2908 2907 2906 2905 2903 2902 2901 2898 2892 2887 2881 2873 2866 2861 2868 2877 2881 2885 2889 2892 2893 2892 2895 2897 2906 2920 2927 2931 2935 2940 2944 2934 2925 2922 2938 2936 2920 2909
2916 2916 2916 2917 2917 2917 2917 2917 2918 2918 2918 2918 2917 2917 2917 2917 2917 2917 2917 2917 2917 2917 2917 2917 2916 2916 2915 2914 2913 2912 2910 2908 2904 2892 2879 2882 2898 2905 2907 2906 2908 2908 2907 2906 2906 2906 2905 2903 2902 2902 2900 2896 2892 2888 2883 2879 2873 2868 2876 2882 2885 2881 2886 2888 2894 2896 2902 2901 2903 2913 2923 2928 2932 2938 2931 2909 2909 2914 2928 2919 2913 2906
2917 2917 2917 2917 2917 2917 2917 2917 2918 2918 2918 2918 2918 2917 2918 2917 2917 2917 2917 2917 2917 2917 2917 2917 2916 2916 2915 2915 2914 2912 2911 2909 2907 2896 2884 2880 2895 2906 2907 2908 2908 2908 2906 2906 2905 2906 2904 2902 2901 2899 2897 2893 2890 2888 2884 2881 2874 2869 2872 2878 2884 2888 2886 2890 2894 2904 2907 2908 2904 2909 2917 2928 2930 2929 2926 2903 2909 2916 2921 2915 2911 2911
2917 2917 2917 2917 2917 2918 2918 2918 2918 2918 2918 2918 2918 2918 2918 2917 2917 2917 2917 2917 2917 2917 2917 2916 2916 2916 2915 2915 2914 2913 2912 2909 2907 2904 2900 2897 2903 2907 2908 2908 2909 2908 2908 2907 2906 2905 2903 2901 2899 2898 2896 2892 2886 2884 2882 2879 2874 2872 2871 2877 2883 2886 2888 2893 2899 2903 2908 2912 2913 2917 2921 2925 2919 2924 2921 2899 2904 2913 2919 2917 2914 2915
2917 2917 2917 2918 2918 2918 2918 2918 2918 2918 2918 2918 2918 2918 2918 2917 2917 2917 2917 2917 2917 2917 2917 2916 2916 2916 2914 2911 2914 2914 2912 2907 2909 2909 2908 2907 2907 2907 2909 2909 2909 2909 2908 2907 2906 2904 2902 2900 2898 2896 2894 2891 2886 2879 2876 2876 2872 2869 2870 2875 2880 2885 2887 2894 2898 2904 2907 2910 2915 2911 2912 2913 2918 2909 2900 2890 2891 2908 2916 2918 2916 2917
2918 2918 2918 2918 2918 2918 2918 2918 2918 2918 2918 2918 2918 2918 2918 2917 2917 2917 2917 2917 2917 2917 2917 2916 2916 2915 2913 2910 2914 2914 2913 2909 2912 2911 2910 2910 2909 2910 2910 2909 2909 2909 2909 2907 2905 2903 2901 2899 2897 2895 2892 2888 2884 2872 2866 2869 2867 2863 2868 2875 2879 2882 2886 2895 2900 2898 2896 2905 2905 2904 2906 2912 2915 2897 2888 2880 2887 2898 2907 2914 2916 2924
2918 2918 2918 2918 2918 2918 2918 2918 2918 2918 2918 2918 2918 2918 2918 2917 2917 2917 2917 2917 2917 2917 2917 2916 2916 2915 2915 2915 2914 2914 2914 2913 2913 2912 2912 2911 2910 2910 2910 2910 2909 2909 2908 2907 2905 2903 2900 2897 2895 2892 2890 2885 2880 2873 2864 2862 2858 2857 2864 2868 2874 2880 2887 2894 2886 2886 2891 2897 2896 2900 2903 2908 2897 2890 2894 2892 2881 2894 2905 2912 2916 2920
2918 2918 2918 2918 2918 2918 2918 2918 2918 2918 2918 2918 2918 2918 2918 2917 2917 2917 2917 2917 2917 2917 2916 2916 2916 2915 2915 2915 2914 2914 2914 2913 2913 2913 2912 2912 2911 2910 2910 2910 2909 2909 2908 2906 2905 2903 2901 2897 2893 2890 2887 2882 2875 2869 2860 2851 2851 2850 2856 2864 2872 2874 2880 2885 2875 2879 2885 2889 2891 2895 2902 2906 2897 2898 2898 2900 2891 2890 2901 2911 2917 2920
2918 2918 2918 2919 2919 2919 2918 2918 2918 2918 2918 2918 2918 2918 2918 2918 2917 2917 2917 2917 2917 2917 2916 2916 2916 2915 2915 2915 2914 2914 2914 2913 2913 2913 2912 2912 2911 2910 2910 2909 2909 2908 2907 2905 2904 2902 2898 2895 2891 2888 2884 2880 2873 2859 2848 2842 2842 2843 2853 2860 2862 2865 2875 2870 2869 2875 2879 2884 2888 2895 2901 2897 2896 2899 2902 2905 2904 2895 2901 2914 2922 2929
2919 2919 2919 2919 2919 2919 2919 2918 2918 2918 2918 2918 2918 2918 2918 2918 2917 2917 2917 2917 2917 2917 2916 2916 2916 2915 2915 2915 2914 2914 2913 2913 2913 2912 2912 2911 2911 2909 2909 2909 2908 2907 2906 2904 2903 2901 2896 2890 2887 2886 2879 2877 2871 2860 2845 2839 2836 2843 2851 2850 2853 2860 2867 2858 2864 2871 2879 2884 2891 2894 2894 2891 2898 2905 2906 2908 2909 2907 2913 2922 2927 2933
2919 2919 2919 2919 2919 2919 2919 2919 2919 2918 2918 2918 2918 2918 2918 2918 2917 2917 2917 2917 2917 2917 2916 2916 2916 2915 2915 2915 2914 2914 2913 2913 2913 2912 2912 2911 2910 2908 2909 2908 2907 2906 2905 2903 2901 2899 2895 2889 2884 2881 2876 2871 2866 2861 2852 2838 2835 2837 2848 2845 2844 2855 2851 2851 2859 2865 2879 2886 2891 2895 2899 2898 2903 2908 2913 2912 2913 2916 2918 2920 2926 2933
2919 2919 2919 2919 2919 2919 2919 2919 2919 2918 2918 2918 2918 2918 2918 2918 2917 2917 2917 2917 2917 2917 2916 2916 2916 2915 2915 2914 2914 2913 2913 2913 2912 2912 2911 2911 2910 2910 2907 2907 2906 2905 2904 2903 2900 2897 2895 2890 2885 2879 2873 2863 2854 2848 2846 2849 2840 2836 2845 2844 2839 2847 2851 2860 2864 2874 2883 2888 2888 2894 2898 2901 2904 2909 2911 2916 2920 2923 2927 2927 2932 2939
2920 2920 2919 2919 2919 2919 2919 2919 2919 2918 2918 2918 2918 2918 2918 2918 2917 2917 2917 2917 2917 2917 2916 2916 2915 2915 2915 2914 2914 2913 2913 2912 2912 2911 2911 2910 2910 2909 2906 2905 2906 2904 2903 2901 2899 2896 2893 2889 2885 2880 2873 2866 2856 2844 2837 2838 2842 2836 2840 2838 2845 2849 2855 2867 2874 2877 2878 2882 2889 2893 2894 2898 2902 2906 2912 2911 2917 2924 2930 2932 2930 2934
2920 2920 2920 2919 2919 2919 2919 2919 2919 2919 2918 2918 2918 2918 2918 2917 2917 2916 2915 2915 2916 2916 2916 2916 2915 2915 2914 2914 2913 2913 2912 2912 2911 2910 2910 2909 2909 2906 2905 2906 2905 2903 2902 2900 2898 2895 2892 2888 2884 2878 2872 2867 2858 2849 2843 2838 2838 2844 2848 2849 2853 2858 2865 2873 2876 2870 2872 2881 2889 2900 2898 2898 2903 2905 2906 2909 2912 2918 2922 2921 2920 2922
2920 2920 2920 2920 2919 2919 2919 2919 2919 2918 2918 2918 2918 2918 2918 2917 2916 2915 2913 2914 2914 2915 2915 2915 2915 2915 2914 2914 2913 2912 2912 2911 2911 2910 2909 2909 2908 2904 2903 2904 2904 2902 2900 2899 2896 2895 2892 2889 2885 2877 2870 2864 2855 2848 2844 2838 2840 2838 2844 2853 2872 2876 2884 2885 2892 2889 2889 2894 2898 2902 2910 2903 2905 2905 2912 2912 2914 2916 2914 2914 2912 2915
2920 2920 2920 2920 2920 2919 2919 2919 2919 2918 2918 2918 2918 2918 2917 2916 2914 2912 2909 2909 2911 2912 2913 2914 2915 2914 2914 2913 2913 2912 2912 2911 2910 2909 2908 2908 2907 2900 2901 2903 2903 2901 2899 2897 2895 2893 2891 2888 2885 2876 2868 2862 2852 2841 2839 2838 2842 2838 2851 2860 2868 2870 2878 2895 2902 2903 2905 2911 2914 2916 2915 2915 2911 2912 2916 2920 2920 2925 2918 2919 2918 2917
2919 2919 2920 2920 2920 2919 2919 2919 2919 2918 2918 2918 2918 2918 2917 2915 2913 2908 2904 2905 2908 2909 2912 2914 2915 2914 2913 2913 2912 2912 2911 2910 2910 2909 2908 2907 2905 2898 2898 2902 2902 2901 2900 2897 2892 2891 2889 2887 2883 2875 2869 2863 2855 2848 2841 2835 2839 2846 2849 2855 2856 2859 2868 2888 2900 2906 2908 2905 2902 2905 2915 2923 2923 2924 2925 2927 2926 2922 2925 2921 2923 2921
2918 2918 2919 2919 2919 2920 2919 2919 2919 2919 2917 2916 2917 2918 2917 2915 2913 2908 2902 2902 2905 2909 2911 2913 2914 2913 2913 2912 2912 2911 2911 2910 2909 2908 2907 2906 2905 2903 2896 2901 2902 2900 2899 2897 2890 2886 2888 2884 2882 2876 2871 2865 2862 2854 2848 2840 2836 2840 2856 2864 2872 2874 2887 2896 2897 2889 2890 2884 2898 2909 2908 2912 2916 2920 2918 2921 2925 2929 2930 -9999 -9999 -9999
2916 2916 2917 2918 2919 2919 2920 2920 2919 2919 2918 2917 2917 2917 2916 2915 2913 2910 2905 2901 2908 2910 2912 2914 2914 2913 2913 2912 2911 2911 2910 2909 2908 2907 2906 2906 2905 2904 2901 2901 2901 2900 2898 2896 2892 2884 2885 2882 2879 2876 2872 2867 2859 2851 2844 2842 2839 2848 2852 2854 2872 2883 2890 2876 2878 2876 2884 2899 2904 2899 2906 2906 2908 2906 2903 2911 2923 2930 -9999 -9999 -9999 -9999
2914 2914 2915 2917 2918 2918 2919 2920 2920 2919 2919 2919 2918 2916 2915 2914 2914 2912 2909 2909 2912 2912 2914 2914 2913 2913 2912 2911 2911 2910 2910 2909 2908 2906 2905 2905 2904 2903 2902 2900 2899 2898 2897 2894 2892 2888 2884 2880 2877 2875 2873 2868 2862 2854 2845 2841 2837 2846 2850 2863 2872 2880 2879 2872 2879 2886 2894 2895 2897 2899 2885 2883 2888 2900 2906 2910 2917 -9999 -9999 -9999 -9999 -9999
2909 2910 2912 2914 2916 2917 2917 2920 2920 2920 2919 2918 2915 2914 2913 2915 2915 2913 2912 2911 2913 2914 2914 2914 2913 2912 2911 2910 2909 2910 2909 2908 2908 2907 2905 2904 2903 2902 2901 2900 2898 2897 2894 2888 2888 2884 2883 2880 2876 2873 2869 2868 2860 2850 2848 2842 2837 2839 2851 2861 2872 2870 2870 2876 2881 2885 2889 2893 2895 2884 2885 2884 2889 2898 2910 2916 2923 -9999 -9999 -9999 -9999 -9999
