Capas/FUTURO/Eje_30s/ASC/bio_15.asc
ncols         993
nrows         433
xllcorner     -105.25566776747
yllcorner     17.599810932142
cellsize      0.0083333333
NODATA_value  -9999
[rows 195 to 233 of 433, columns 783 to 869 of 993]
771 771 772 772 772 772 773 773 773 774 774 775 775 775 774 773 772 769 766 764 762 759 756 754 752 750 748 746 745 744 743 742 742 742 743 743 743 744 744 746 746 748 749 750 751 752 752 753 753 753 752 752 750 749 747 746 744 744 742 741 740 740 739 738 738 737 735 733 731 728 725 721 717 714 712 710 708 707 706 705 705 706 706 707 708 709 709
773 773 774 774 775 775 776 776 776 777 777 777 778 777 776 775 773 770 768 766 763 761 759 756 754 753 751 749 748 747 746 745 745 745 745 745 746 746 747 748 749 751 751 753 754 755 755 756 755 755 756 755 754 753 751 749 747 746 745 744 743 742 742 741 741 740 738 736 734 731 728 724 721 717 715 712 711 710 708 708 708 709 709 710 710 711 712
775 775 776 776 777 777 778 779 779 780 780 780 780 779 778 777 775 773 771 768 765 763 761 758 757 754 753 751 750 750 748 748 747 747 747 747 747 748 749 750 751 752 754 755 756 757 759 759 759 759 759 758 757 756 754 752 750 748 748 747 746 745 745 744 743 742 740 739 736 734 730 727 724 720 718 715 714 713 712 711 711 712 712 712 713 714 714
777 777 778 779 780 780 781 781 782 783 783 783 782 781 780 778 776 774 772 769 767 765 763 761 759 757 755 754 753 753 750 750 750 749 748 748 749 749 749 750 751 753 755 757 758 760 760 761 762 762 762 761 761 759 758 756 754 752 750 750 749 748 747 747 746 745 743 741 738 736 733 729 726 723 721 719 717 716 716 714 714 714 715 716 716 716 717
780 779 780 782 782 783 784 784 785 785 785 785 784 783 782 780 778 776 774 771 769 767 765 763 761 759 758 756 756 754 753 752 751 750 750 749 749 749 749 750 751 753 755 757 760 761 763 764 764 764 764 764 764 762 761 759 757 756 754 753 752 751 750 749 748 747 746 744 741 738 735 732 728 726 723 721 719 718 718 718 717 717 718 718 719 719 719
781 783 783 785 786 786 787 788 787 788 787 787 786 785 783 782 780 777 775 773 771 769 767 765 763 761 760 759 758 756 755 754 753 752 751 750 749 749 749 750 751 753 755 758 760 762 764 766 767 767 767 767 766 766 764 763 761 760 758 756 755 755 754 752 751 750 748 745 743 739 737 733 731 729 727 724 722 721 721 721 721 720 721 721 721 721 722
785 786 787 788 788 789 789 789 790 789 789 788 787 786 785 783 781 779 777 775 773 771 769 767 765 763 762 761 759 758 757 756 754 753 752 751 750 749 750 750 752 753 755 758 761 763 765 766 767 768 769 769 769 768 768 766 765 764 763 761 759 759 757 755 754 752 750 748 744 742 739 736 733 731 729 726 725 724 723 724 724 724 723 724 724 724 724
787 789 790 790 791 791 791 791 791 790 790 789 788 787 786 784 782 781 779 777 775 773 771 769 767 765 764 763 762 760 758 757 756 754 753 752 751 750 750 751 752 754 756 758 761 763 765 767 768 769 769 770 771 771 770 769 768 767 766 765 764 762 761 760 757 754 752 749 746 743 741 738 735 733 731 730 728 728 726 726 726 726 727 727 727 727 727
791 792 792 792 792 792 792 792 791 791 791 790 789 789 787 785 784 782 781 779 777 775 773 771 769 767 766 764 763 761 759 758 756 754 753 753 751 751 751 752 753 755 757 759 762 764 766 767 769 770 771 772 772 772 772 772 771 771 770 769 768 767 765 762 760 757 755 751 748 745 742 740 738 736 733 732 731 730 729 729 729 729 730 730 730 729 729
793 793 793 794 793 793 792 792 791 791 791 790 790 789 788 786 785 784 782 780 779 777 774 773 771 769 767 765 764 761 760 758 756 755 753 752 752 751 752 752 754 756 758 760 762 764 766 768 770 771 772 773 774 774 775 775 774 774 774 772 771 770 768 765 762 759 756 753 750 747 744 741 740 738 736 735 734 733 732 732 732 732 732 732 733 732 731
795 795 794 794 793 792 792 791 791 791 790 790 790 789 788 787 786 785 784 782 781 778 776 774 772 770 768 766 764 762 760 758 756 754 753 753 752 752 753 754 755 756 758 760 763 765 767 768 770 772 773 775 775 776 777 777 777 777 776 776 775 773 771 768 765 762 758 755 752 748 745 744 741 740 738 737 736 735 735 735 736 735 735 734 735 734 734
796 795 795 794 793 792 791 790 789 789 789 790 790 789 789 788 787 786 785 783 782 780 777 775 773 771 768 766 763 761 760 758 755 754 753 752 752 752 753 754 756 757 759 761 763 766 768 770 772 773 776 776 778 778 779 780 780 780 779 779 778 776 774 771 768 764 760 757 753 750 748 745 743 742 741 739 739 738 738 738 738 738 738 737 737 736 735
797 796 795 794 792 791 791 789 788 788 788 789 789 790 789 789 788 787 786 785 783 781 778 776 774 771 769 766 763 761 759 757 754 753 752 752 752 752 754 755 757 758 760 762 765 767 769 771 773 775 777 778 780 781 782 782 782 782 782 782 781 779 777 774 770 766 763 759 756 753 750 747 746 744 743 742 741 741 740 741 741 740 740 740 739 738 737
797 796 795 793 792 791 789 789 788 788 787 788 789 789 789 789 789 788 787 785 784 782 779 777 773 771 768 765 762 760 758 756 753 752 752 752 752 753 754 756 758 760 761 763 766 768 770 772 775 777 779 780 782 783 784 784 785 785 785 784 783 782 779 776 773 770 765 762 758 754 752 749 747 746 745 745 744 744 743 743 743 743 742 742 741 740 739
797 796 795 793 792 791 789 788 788 787 787 788 788 789 790 789 789 789 788 787 784 782 780 777 774 771 768 764 762 759 757 754 753 751 751 751 753 754 755 756 759 761 762 764 767 769 771 774 776 779 781 783 784 785 786 787 787 788 787 787 785 784 782 779 776 772 768 765 760 757 754 752 750 748 747 746 746 745 745 746 745 745 744 743 742 742 740
797 796 795 793 792 791 789 788 787 787 787 788 788 789 790 790 789 789 789 787 786 783 781 778 775 771 768 765 762 759 756 754 752 751 750 751 752 754 755 757 759 761 763 766 768 770 773 776 778 781 783 785 786 788 789 789 790 790 790 789 788 787 784 782 779 775 771 767 763 760 757 754 752 750 750 748 749 748 747 747 747 746 746 745 744 743 742
797 796 795 794 793 791 790 789 788 788 788 788 789 789 790 790 790 790 789 788 786 784 781 779 775 772 768 765 761 758 756 753 752 751 751 751 752 754 756 758 760 762 764 766 769 771 775 778 781 783 785 787 789 791 791 792 792 792 792 791 790 789 787 785 781 778 774 770 766 763 761 757 755 753 752 751 750 750 750 749 749 748 748 747 746 745 744
797 796 795 794 793 791 790 789 789 788 788 789 789 790 790 790 791 790 790 789 787 786 783 780 776 773 769 766 762 759 757 754 752 752 752 752 753 754 756 758 761 763 765 767 770 773 776 780 783 785 788 790 792 793 794 795 795 795 795 794 793 792 789 787 784 781 777 773 770 766 763 760 758 756 754 754 753 752 752 752 751 750 750 749 748 747 746
797 796 795 794 793 792 791 790 789 789 789 790 790 791 791 792 792 791 791 790 788 787 784 781 778 774 770 767 764 760 758 755 754 753 753 753 755 756 757 760 762 764 766 768 771 774 778 781 785 788 790 793 795 796 796 797 797 797 797 796 795 794 792 790 787 783 780 776 773 769 766 763 761 759 757 756 755 754 754 753 753 753 752 751 750 749 748
797 796 795 795 793 792 791 790 790 790 790 791 791 792 793 792 792 792 792 790 790 788 786 783 779 776 772 768 765 762 760 758 756 755 755 755 756 757 758 760 762 765 767 770 773 776 779 783 786 790 792 795 797 798 799 800 800 800 799 799 798 797 794 792 790 786 783 779 775 772 769 766 763 761 760 758 758 757 757 756 756 755 755 754 754 753 751
796 796 796 795 794 793 792 791 791 791 791 792 793 793 794 794 794 793 793 792 791 789 787 785 781 776 773 770 767 764 762 760 759 759 758 758 758 759 761 762 764 766 769 771 774 777 781 785 788 791 794 797 799 800 801 802 802 802 801 801 800 798 797 795 792 789 786 781 778 774 771 768 766 764 763 762 761 760 760 759 758 757 757 757 756 755 755
796 795 796 795 795 794 793 792 792 793 793 794 794 795 795 795 795 795 795 794 793 791 789 786 783 779 775 773 770 768 765 764 763 762 761 761 761 762 762 764 766 768 770 773 776 779 782 786 789 793 796 798 800 801 803 803 803 803 803 803 802 801 799 797 794 791 787 783 780 776 774 771 769 767 765 765 764 763 762 762 761 761 760 760 759 759 758
795 795 795 795 795 795 794 794 794 794 795 795 796 796 797 797 797 797 796 796 795 793 791 788 785 782 779 775 773 771 769 768 767 766 765 765 765 764 765 767 768 770 773 775 777 780 784 788 791 794 796 798 801 803 804 804 805 805 805 805 804 803 801 799 796 793 790 785 782 779 776 773 771 769 768 767 766 765 765 765 764 764 763 763 763 762 761
795 795 796 796 796 796 796 796 796 796 797 797 798 798 798 799 799 799 799 798 797 795 793 791 788 785 782 779 777 775 773 772 771 770 769 768 768 768 768 769 771 772 774 777 780 782 785 789 791 795 797 800 802 803 805 806 806 807 806 806 805 804 802 800 797 794 791 788 784 781 778 775 773 771 770 770 769 768 768 768 767 767 767 766 765 765 765
794 795 796 797 797 797 797 797 798 798 799 799 800 800 801 801 802 802 801 800 799 797 796 794 791 789 785 783 781 779 777 776 775 774 773 772 771 771 772 772 773 775 777 779 782 784 787 790 793 795 797 800 802 803 805 806 806 807 807 807 806 805 803 802 799 796 793 789 786 783 780 778 776 774 773 772 771 771 771 770 771 770 770 770 769 769 769
794 796 796 798 798 799 799 799 800 800 801 801 802 802 803 804 804 804 804 803 802 801 799 797 795 793 789 787 785 783 781 780 779 778 776 776 775 775 775 776 777 778 780 783 785 787 790 792 794 796 799 800 802 803 805 806 807 808 808 808 807 806 805 803 800 797 795 791 789 785 782 780 778 777 775 774 773 773 774 774 774 774 773 773 773 773 772
795 796 797 799 800 800 801 801 801 802 803 804 804 805 806 806 807 807 807 806 806 804 802 801 799 796 794 791 789 787 785 783 782 781 780 779 778 778 778 779 781 782 785 786 789 791 793 795 796 799 801 802 803 804 806 807 808 808 808 809 807 807 806 804 802 800 796 794 791 788 785 783 781 779 778 777 776 776 776 777 777 777 777 777 776 776 776
795 796 798 800 801 802 803 803 803 804 805 806 806 807 808 809 810 810 810 809 808 808 806 804 803 800 798 795 793 791 789 787 786 785 784 783 782 782 782 782 784 786 788 791 794 795 797 799 800 802 803 804 805 806 807 808 809 810 810 810 809 809 807 806 804 802 799 796 793 790 788 786 783 782 780 779 780 779 780 779 780 780 780 780 780 779 779
795 797 798 801 802 803 804 805 805 806 807 808 809 809 811 811 812 813 812 812 812 811 810 809 807 805 803 800 797 795 793 791 790 789 787 786 785 785 785 786 788 791 792 795 797 800 802 804 805 806 807 808 808 809 810 810 811 811 812 811 811 811 810 808 807 805 802 799 796 794 791 788 785 785 783 783 782 782 782 783 783 783 783 783 783 782 781
796 798 800 801 803 804 805 806 807 807 808 810 811 811 813 814 815 815 815 815 815 814 813 812 810 809 806 804 802 799 797 796 793 791 790 789 789 789 790 790 793 794 797 800 802 805 807 808 810 811 811 812 813 813 813 813 814 814 814 814 814 813 812 811 809 807 806 802 799 796 794 791 788 787 786 786 786 786 786 787 787 787 787 786 786 785 784
797 799 800 802 804 805 806 807 808 809 810 811 812 814 815 816 817 817 818 818 818 817 816 816 814 812 810 809 806 803 801 799 798 795 794 794 793 793 794 795 797 799 802 805 807 809 812 813 814 816 816 816 817 817 817 818 818 818 817 817 817 817 815 814 813 811 808 805 803 800 797 794 792 790 789 789 789 789 790 790 790 790 790 789 788 787 786
799 800 801 803 804 806 807 808 808 809 811 812 814 815 816 817 819 820 820 820 820 820 819 819 817 816 814 812 810 807 805 802 801 799 798 797 798 798 799 801 802 804 807 810 812 815 816 818 820 821 821 821 822 823 822 822 822 822 822 821 821 820 819 818 816 814 811 808 805 802 799 797 795 794 792 792 792 793 793 793 793 793 793 792 791 790 789
800 801 802 804 806 807 808 809 809 811 812 814 815 817 818 820 821 822 822 823 823 823 822 821 820 819 817 816 813 811 808 806 804 803 802 802 803 803 804 805 807 809 812 814 816 819 821 823 824 825 827 826 827 827 827 827 827 826 826 825 824 824 823 821 819 816 814 811 809 805 802 799 798 797 796 796 796 796 797 796 796 796 795 794 793 792 791
801 802 803 805 807 808 809 810 811 812 813 815 817 818 820 822 822 823 824 824 825 826 825 825 824 822 821 819 816 815 812 810 809 807 807 806 807 808 809 811 812 814 816 819 821 823 825 827 828 829 831 831 832 831 832 831 831 831 830 829 828 827 825 824 821 819 817 813 810 808 805 803 801 800 799 799 799 800 799 799 799 799 797 796 795 794 792
803 804 805 806 808 810 811 811 812 813 814 816 818 820 822 823 824 825 826 827 827 828 828 827 826 825 824 822 820 818 816 814 813 812 812 812 812 813 815 815 817 819 821 823 824 826 828 830 832 834 834 835 835 835 835 835 835 834 834 832 831 830 829 827 824 821 819 816 813 810 807 805 803 803 803 802 802 802 803 802 802 801 799 798 796 795 793
804 805 806 808 810 811 812 812 814 814 816 817 819 821 823 824 826 827 828 829 830 831 830 830 829 828 827 826 824 822 820 819 818 817 817 817 818 819 820 821 822 824 825 826 828 830 832 833 835 836 838 838 838 839 839 839 838 837 836 836 834 833 831 829 826 823 821 818 816 813 810 808 807 806 806 805 805 805 805 805 803 802 801 799 797 796 795
806 807 808 809 811 812 814 814 815 816 817 818 820 821 824 825 827 829 830 831 832 833 833 833 832 832 831 829 828 827 825 824 823 823 823 823 824 824 825 826 827 828 829 830 832 833 835 835 837 839 840 840 841 841 841 841 840 840 839 838 836 835 833 831 829 826 824 821 818 815 813 811 810 809 809 808 808 807 807 807 805 804 803 801 799 797 796
807 808 809 811 812 814 815 815 816 817 818 819 820 822 824 826 828 830 832 833 834 835 835 836 835 835 834 833 832 831 830 829 829 828 828 829 829 830 830 831 831 832 833 834 835 836 837 838 839 841 842 842 843 843 844 843 843 842 841 840 838 836 835 833 830 828 825 823 820 818 816 814 813 812 811 811 810 809 809 808 806 805 804 802 801 799 797
809 809 811 812 814 815 816 817 817 818 819 820 821 823 825 827 829 831 833 835 836 837 838 838 838 838 837 836 836 835 835 835 834 834 834 835 835 835 835 836 836 836 837 837 838 839 840 841 842 842 844 844 844 845 845 845 844 843 842 841 840 838 836 834 832 829 827 825 823 820 818 817 816 815 814 813 813 811 811 810 808 807 806 804 802 801 799
