Capas/FUTURO/Eje_30s/ASC/bio_03.asc
ncols         993
nrows         433
xllcorner     -105.25566776747
yllcorner     17.599810932142
cellsize      0.0083333333
NODATA_value  -9999
[rows 180 to 209 of 433, columns 536 to 602 of 993]
6.160436 6.189359 6.193271 6.248025 6.238208 6.255924 6.263823 6.267773 6.238208 6.246069 6.293651 6.301587 6.319777 6.323764 6.323764 6.36218 6.380837 6.354167 6.392915 6.370193 6.388889 6.388889 6.415858 6.384863 6.392915 6.423948 6.423948 6.423948 6.415858 6.451219 6.447154 6.419903 6.447154 6.439024 6.466503 6.439024 6.434959 6.434959 6.434959 6.430894 6.454248 6.450163 6.422765 6.446078 6.406504 6.375404 6.375404 6.367314 6.30609 6.367314 6.324477 6.359223 6.382113 6.351132 6.282052 6.308373 6.22807 6.240032 6.176935 6.206349 6.115024 6.186508 6.186508 6.149289 6.194444 6.208134 6.204146
6.156542 6.210692 6.210692 6.206761 6.218554 6.248025 6.251975 6.263823 6.251975 6.255924 6.285714 6.307815 6.338141 6.346154 6.346154 6.36876 6.36876 6.376812 6.388889 6.376812 6.411813 6.407767 6.415858 6.419903 6.415858 6.434959 6.434959 6.443089 6.434959 6.443089 6.439024 6.462419 6.458333 6.454248 6.470588 6.454248 6.454248 6.430894 6.446078 6.38754 6.418699 6.437908 6.441994 6.469622 6.425654 6.406504 6.363269 6.324477 6.332528 6.320451 6.290064 6.320451 6.347087 6.338997 6.24402 6.240032 6.202381 6.206349 6.169036 6.172986 6.161138 6.165087 6.186508 6.120283 6.174603 6.204146 6.208134
6.140965 6.14486 6.169796 6.177621 6.206761 6.261905 6.257936 6.261905 6.291866 6.334135 6.334135 6.348631 6.356683 6.334135 6.36876 6.372786 6.338141 6.372786 6.399676 6.407767 6.399676 6.403722 6.411813 6.38754 6.403722 6.407767 6.439024 6.430894 6.458333 6.454248 6.422765 6.450163 6.477833 6.486043 6.486043 6.481937 6.481937 6.469622 6.446078 6.410569 6.437908 6.433824 6.429739 6.425654 6.457307 6.390244 6.386179 6.363269 6.355178 6.361789 6.312399 6.282052 6.308373 6.312399 6.270032 6.206349 6.180884 6.176935 6.136006 6.136006 6.124214 6.091549 6.14139 6.112422 6.174603 6.170635 6.20016
6.133178 6.161972 6.187107 6.242064 6.253968 6.287879 6.314103 6.283892 6.283892 6.326122 6.336554 6.360709 6.367314 6.375404 6.34058 6.37945 6.375404 6.414634 6.414634 6.410569 6.391586 6.37945 6.37945 6.356683 6.356683 6.418699 6.414634 6.441994 6.450163 6.473727 6.473727 6.469622 6.473727 6.473727 6.473727 6.50165 6.497525 6.465518 6.437908 6.437908 6.433824 6.449097 6.457307 6.444992 6.449097 6.413399 6.409314 6.413399 6.405229 6.378049 6.365853 6.326861 6.388889 6.357724 6.357724 6.280193 6.198413 6.157188 6.095462 6.054264 6.063084 6.087637 6.112422 6.133491 6.14139 6.166667 6.154762
6.134585 6.175314 6.204581 6.238095 6.263955 6.298077 6.29407 6.263955 6.30609 6.332528 6.359223 6.363269 6.390244 6.394309 6.398374 6.398374 6.421568 6.421568 6.398374 6.433824 6.398374 6.34058 6.371359 6.314103 6.314103 6.348631 6.402439 6.437908 6.406504 6.437908 6.465518 6.461412 6.473727 6.505775 6.525705 6.497525 6.497525 6.489274 6.457307 6.457307 6.457307 6.440886 6.444992 6.444992 6.440886 6.464522 6.456271 6.432677 6.401144 6.392974 6.392974 6.361789 6.376634 6.388889 6.376634 6.333333 6.302589 6.237981 6.174603 6.091549 6.055296 6.063084 6.10456 6.129542 6.158731 6.150794 6.142857
6.192733 6.192733 6.218254 6.248006 6.282052 6.286057 6.248006 6.282052 6.308373 6.338997 6.338997 6.338997 6.365853 6.382113 6.378049 6.378049 6.386179 6.359223 6.386179 6.417483 6.390244 6.417483 6.371359 6.336554 6.336554 6.34058 6.398374 6.394309 6.417483 6.425654 6.453202 6.457307 6.481023 -9999 -9999 -9999 6.541667 6.476897 6.444992 6.417483 6.440886 6.440886 6.440886 6.401144 6.428571 6.432677 6.428571 6.44802 6.420362 6.412151 6.408046 6.412151 6.439769 6.427392 6.372549 6.368464 6.337399 6.264091 6.204146 6.137441 6.129542 6.06025 6.133491 6.121643 6.142857 6.084906 6.092767
6.224083 6.194444 6.254006 6.254006 6.258013 6.232058 6.236045 6.266026 6.266026 6.314725 6.326861 6.326861 6.322816 6.361789 6.357724 6.365853 6.334951 6.312399 6.347087 6.343042 6.343042 6.378049 6.453202 6.382113 6.382113 6.386179 6.386179 6.378049 6.386179 6.421568 -9999 -9999 -9999 -9999 -9999 -9999 -9999 6.504975 6.529166 6.504975 6.533334 6.492537 6.424467 6.397059 6.392974 6.380719 6.420362 6.435644 6.416256 6.435644 6.412151 6.403941 6.431518 6.423267 6.423267 6.37931 6.356209 6.339869 6.247987 6.196172 6.188198 6.158731 6.142857 6.125592 6.06025 6.092767 6.105845
6.237981 6.237981 6.252013 6.233974 6.212121 6.212121 6.229968 6.241987 6.245994 6.25 6.272141 6.284219 6.276167 6.310679 6.345529 6.310679 6.280193 6.288245 6.300322 6.296296 6.330906 6.401144 6.44802 6.420362 6.378049 6.338997 6.343042 6.334951 6.409314 6.413399 -9999 -9999 -9999 -9999 -9999 -9999 -9999 -9999 6.5867 6.553601 6.553601 6.4801 6.452146 6.408046 6.376634 6.372549 6.403941 6.403941 6.423267 6.415016 6.39573 6.451078 6.455224 6.442786 6.410891 6.406766 6.375205 6.36289 6.308943 6.304878 6.266181 6.197917 6.227859 6.160287 6.077044 6.126984 6.148325
6.260064 6.217948 6.239936 6.221955 6.170635 6.188198 6.221955 6.256039 6.247987 6.247987 6.282362 6.282362 6.229968 6.233974 6.290453 6.294498 6.241987 6.268116 6.245994 6.268116 6.298543 6.372549 6.399836 6.384804 6.384804 6.292271 6.266026 6.361789 6.365853 6.353659 -9999 -9999 -9999 -9999 -9999 -9999 -9999 -9999 6.545226 6.549414 6.536851 6.484245 6.399836 6.364379 6.403941 6.337399 6.399836 6.383416 6.391625 6.39573 6.410891 6.415016 6.470834 6.458333 6.430348 6.434494 6.390264 6.35468 6.366995 6.292683 6.201923 6.25809 6.254045 6.223833 6.130952 6.061321 6.101896
6.274272 6.235909 6.231884 6.231884 6.180223 6.164274 6.213943 6.235909 6.25809 6.231884 6.235909 6.270226 6.239936 6.270226 6.296748 6.286408 6.286408 6.260064 6.256039 6.313008 6.37931 6.39573 6.410891 6.403941 6.345529 6.292271 6.262019 6.310679 6.310679 6.341464 -9999 -9999 -9999 -9999 -9999 -9999 -9999 -9999 -9999 6.520101 6.536851 6.4875 6.431518 6.419142 6.375205 6.317073 6.37931 6.387521 6.317073 6.410891 6.398515 6.43864 6.458333 6.454166 6.45 6.454166 6.454166 6.417911 6.373763 6.280488 6.280488 6.307189 6.24191 6.181891 6.115079 6.05739 6.086098
6.307189 6.284553 6.25 6.197917 6.197917 6.219807 6.245955 6.219807 6.25 6.280488 6.25 6.288618 6.280488 6.288618 6.288618 6.311275 6.270226 6.247987 6.270226 6.304878 6.36289 6.398515 6.3711 6.366995 6.37931 6.348039 6.317073 6.268116 6.268116 6.241987 -9999 -9999 -9999 -9999 -9999 -9999 -9999 -9999 -9999 6.55303 6.565656 6.528476 6.470834 6.446932 6.406766 6.375205 6.37931 6.3711 6.3711 6.398515 6.358785 6.458333 6.454166 6.478224 6.474037 6.46985 6.441667 6.429166 6.346469 6.33826 6.33826 6.286765 6.264228 6.173878 6.107143 6.0703 6.0703
6.330049 6.294934 6.260163 6.199678 6.199678 6.203704 6.229774 6.225728 6.233819 6.268292 6.256097 6.29902 6.294934 6.264228 6.307189 6.280488 6.29902 6.280488 6.292683 6.280488 6.35468 6.394389 6.386138 6.366995 6.323529 6.335784 6.296748 6.308943 6.294498 6.260064 -9999 -9999 -9999 -9999 -9999 -9999 -9999 -9999 -9999 -9999 6.50335 6.442786 6.406766 6.430348 6.4625 6.430348 6.40264 6.358785 6.369637 6.382013 6.377888 6.445834 6.454166 6.46985 6.465662 6.433333 6.465662 6.453099 6.425 6.388889 6.357261 6.317734 6.233819 6.128389 6.099206 6.128389 6.124402
6.372305 6.309524 6.305419 6.247968 6.221683 6.201457 6.209547 6.256097 6.252032 6.27451 6.305419 6.27451 6.278594 6.309524 6.29085 6.313629 6.303104 6.286765 6.303104 6.33826 6.29902 6.365512 6.409618 6.342364 6.311275 6.31536 6.292683 6.366995 6.3711 6.321138 -9999 -9999 -9999 -9999 -9999 -9999 -9999 -9999 -9999 -9999 6.527778 6.50335 6.4625 6.494975 6.45 6.413764 6.398515 6.390264 6.388889 6.409618 6.425 6.45 6.465662 6.465662 6.420834 6.429166 6.384743 6.357261 6.408334 6.357261 6.317734 6.278594 6.187601 6.124402 6.058452 6.054502 6.145833
6.351575 6.324257 6.320132 6.297208 6.25817 6.227643 6.25817 6.231708 6.25817 6.262255 6.288999 6.262255 6.301314 6.288999 6.288999 6.27451 6.317734 6.27451 6.317734 6.344884 6.309524 6.357261 6.397181 6.361386 6.303104 6.33826 6.377888 6.409618 6.413764 6.413764 -9999 -9999 -9999 -9999 -9999 -9999 -9999 -9999 -9999 -9999 6.577381 6.543993 6.454166 6.498316 6.474037 6.429166 6.445834 6.433333 6.397181 6.416667 6.457286 6.461474 6.457286 6.453099 6.453099 6.416667 6.317734 6.321839 6.286765 6.278594 6.278594 6.239837 6.179549 6.120415 6.029874 6.014151 6.096491
6.34743 6.339138 6.339138 6.268473 6.24183 6.237745 6.24183 6.260262 6.268473 6.264368 6.264368 6.276683 6.280788 6.280788 6.276683 6.288999 6.288999 6.320132 6.305419 6.328383 6.336634 6.336634 6.34901 6.344884 6.28268 6.286765 6.357261 6.397181 6.461474 6.457286 -9999 -9999 -9999 -9999 -9999 -9999 -9999 -9999 -9999 -9999 -9999 6.539763 6.543993 6.531302 6.527073 6.494108 6.494108 6.457286 6.373763 6.384743 6.380597 6.384743 6.448911 6.473063 6.473063 6.440536 6.4 6.344884 6.301314 6.27451 6.288999 6.25817 6.197411 6.171498 6.096491 6.046603 6.063492
6.358333 6.3625 6.35 6.318408 6.278878 6.252053 6.252053 6.256158 6.260262 6.287129 6.256158 6.287129 6.291254 6.264368 6.29538 6.307755 6.272578 6.316007 6.320132 6.316007 6.324257 6.355721 6.355721 6.328383 6.305419 6.28268 6.321839 6.384743 6.416667 6.461474 -9999 -9999 -9999 -9999 -9999 -9999 -9999 -9999 -9999 -9999 -9999 6.564626 6.551871 6.535533 6.498316 6.489899 6.473063 6.453099 6.416667 6.444724 6.380597 6.372305 6.432161 6.464646 6.468855 6.456229 6.391667 6.383333 6.359868 6.324257 6.324257 6.311881 6.268473 6.189321 6.155395 6.080543 6.059524
6.341667 6.35 6.3375 6.325 6.333333 6.274753 6.266501 6.274753 6.274753 6.270627 6.243842 6.243842 6.252053 6.278878 6.278878 6.260262 6.264368 6.237745 6.272578 6.307755 6.316007 6.334992 6.34743 6.324257 6.305419 6.320132 6.364013 6.391667 6.408334 6.448911 -9999 -9999 -9999 -9999 -9999 -9999 -9999 -9999 -9999 -9999 -9999 6.560374 6.556123 6.527073 6.477273 6.448911 6.481481 6.501692 6.48569 6.473063 6.464646 6.456229 6.460438 6.460438 6.415411 6.407035 6.383333 6.351575 6.355721 6.343284 6.339138 6.307755 6.30363 6.211382 6.18123 6.151369 6.084529
6.30597 6.325 6.325 6.344221 6.293532 6.316667 6.3125 6.285241 6.245874 6.254126 6.266501 6.262376 6.262376 6.262376 6.258251 6.258251 6.266501 6.252053 6.270627 6.283003 6.322554 6.334992 6.3625 6.339138 6.316007 6.316007 6.316007 6.419598 6.419598 6.468855 -9999 -9999 -9999 -9999 -9999 -9999 -9999 -9999 -9999 -9999 -9999 6.522109 6.505922 6.505922 6.440536 6.432161 6.464646 6.464646 6.460438 6.45202 6.460438 6.45202 6.45202 6.447811 6.407035 6.383333 6.359868 6.351575 6.343284 6.276683 6.30363 6.30363 6.287129 6.29538 6.260262 6.199187 6.135266
6.293532 6.325 6.320833 6.340034 6.308333 6.335846 6.340034 6.304167 6.276948 6.241749 6.268657 6.276948 6.272803 6.264511 6.262376 6.254126 6.293532 6.289386 6.297678 6.297678 6.310116 6.341667 6.381909 6.358333 6.354167 6.307755 6.339138 6.379167 6.415411 6.460438 -9999 -9999 -9999 -9999 -9999 -9999 -9999 -9999 -9999 -9999 -9999 -9999 6.468855 6.444724 6.427973 6.477273 6.460438 6.460438 6.456229 6.443603 6.439394 6.439394 6.476312 6.402847 6.407035 6.3875 6.334992 6.311881 6.276683 6.276683 6.245915 6.260262 6.291254 6.287129 6.291254 6.270627 6.213235
6.285241 6.304167 6.295833 6.2875 6.291667 6.31072 6.291667 6.2875 6.283333 6.283333 6.283333 6.295833 6.279167 6.264511 6.260365 6.3 6.308333 6.295833 6.3125 6.301824 6.301824 6.333333 6.35 6.381909 6.358333 6.3625 6.366667 6.390285 6.439394 6.476312 -9999 -9999 -9999 -9999 -9999 -9999 -9999 -9999 -9999 -9999 -9999 -9999 6.497462 6.493232 6.460438 6.436349 6.460438 6.456229 6.427973 6.447811 6.439394 6.443603 6.476312 6.430976 6.402847 6.370833 6.334992 6.29538 6.268473 6.260262 6.260262 6.264368 6.283003 6.247947 6.270627 6.274753 6.231527
6.308333 6.331658 6.314908 6.314908 6.342593 6.334175 6.302345 6.298158 6.279167 6.270833 6.279167 6.283333 6.306533 6.2875 6.283333 6.291667 6.3 6.3 6.3125 6.308333 6.316667 6.356784 6.360971 6.3375 6.373534 6.345833 6.390285 6.422559 6.430976 6.430976 -9999 -9999 -9999 -9999 -9999 -9999 -9999 -9999 -9999 -9999 -9999 -9999 6.480541 6.484772 6.489001 6.476312 6.476312 6.423785 6.3875 6.419598 6.443603 6.426768 6.459391 6.435185 6.402847 6.358333 6.322554 6.264368 6.260262 6.23366 6.252053 6.278878 6.278878 6.297678 6.297678 6.270627 6.266501
6.295833 6.295833 6.314908 6.31072 6.329967 6.321549 6.338384 6.321549 6.289783 6.29397 6.298158 6.29397 6.29397 6.279167 6.279167 6.306533 6.302345 6.291667 6.323283 6.331658 6.340034 6.348409 6.348409 6.352596 6.325 6.30597 6.386097 6.41835 6.386097 6.39866 -9999 -9999 -9999 -9999 -9999 -9999 -9999 -9999 -9999 -9999 -9999 -9999 6.443603 6.435185 6.435185 6.472081 6.472081 6.407035 6.34743 6.411223 6.467851 6.455161 6.459391 6.422559 6.386097 6.358333 6.322554 6.318408 6.283003 6.205066 6.243842 6.325 6.365159 6.329167 6.344221 6.320833 6.340034
6.283333 6.306533 6.29397 6.302345 6.31734 6.325758 6.31734 6.304714 6.31734 6.289783 6.289783 6.313131 6.29397 6.298158 6.275 6.279167 6.2875 6.319096 6.314908 6.331658 6.331658 6.372054 6.344221 6.325 6.320833 6.329167 6.365159 6.405724 6.377722 6.354167 -9999 -9999 -9999 -9999 -9999 -9999 -9999 -9999 -9999 -9999 -9999 -9999 -9999 6.407035 6.467851 6.467851 6.467851 6.455161 6.375 6.4467 6.488095 6.488095 6.488095 6.450931 6.471088 6.4467 6.43824 6.35 6.297678 6.310116 6.325 6.360971 6.412859 6.356784 6.38468 6.344221 6.335846
6.302345 6.302345 6.31734 6.308923 6.31734 6.304714 6.31734 6.304714 6.300505 6.296296 6.277219 6.313131 6.308923 6.266667 6.285594 6.2625 6.283333 6.275 6.283333 6.314908 6.331658 6.323283 6.340034 6.3125 6.316667 6.352596 6.3375 6.393098 6.401515 -9999 -9999 -9999 -9999 -9999 -9999 -9999 -9999 -9999 -9999 -9999 -9999 -9999 -9999 6.463621 6.459391 6.467851 6.483843 6.483843 6.4467 6.483843 6.525641 6.517094 6.504273 6.508547 6.517094 6.471088 6.458333 6.397306 6.393098 6.360971 6.393098 -9999 -9999 -9999 6.404399 6.372054 6.372054
6.298158 6.289783 6.325758 6.321549 6.349408 6.332488 6.336718 6.311337 6.300505 6.268844 6.296296 6.332488 6.300505 6.273032 6.289783 6.313131 6.29397 6.31734 6.325758 6.314908 6.35101 6.367845 6.327471 6.363636 6.348409 6.348409 6.365159 6.393098 6.401515 -9999 -9999 -9999 -9999 -9999 -9999 -9999 -9999 -9999 -9999 -9999 -9999 -9999 -9999 -9999 6.488095 6.488095 6.504273 6.51282 6.508547 6.504273 6.575994 6.542096 6.533505 6.567358 6.533505 6.508547 6.458333 -9999 -9999 -9999 -9999 -9999 -9999 -9999 6.441327 6.372054 6.432823
6.306533 6.31072 6.313131 6.308923 6.336718 6.328258 6.328258 6.300505 6.256281 6.296296 6.311337 6.336718 6.332488 6.300505 6.31734 6.357868 6.329967 6.329967 6.349408 6.338384 6.342593 6.355219 6.363636 6.363636 6.367845 6.395939 6.38468 6.38468 6.408629 -9999 -9999 -9999 -9999 -9999 -9999 -9999 -9999 -9999 -9999 -9999 -9999 -9999 -9999 -9999 6.488095 6.517094 6.504273 6.51282 6.542096 6.546392 6.567358 6.533505 6.571675 6.537801 6.558722 6.520618 6.52921 -9999 -9999 -9999 -9999 -9999 -9999 -9999 -9999 6.420068 6.457265
6.325758 6.289783 6.304714 6.308923 6.369048 6.328258 6.319797 6.315567 6.292088 6.292088 6.296296 6.300505 6.332488 6.296296 6.340948 6.345178 6.353638 6.357868 6.353638 6.353638 6.346801 6.383249 6.379019 6.335846 6.367845 6.376263 6.421319 6.397306 6.42555 -9999 -9999 -9999 -9999 -9999 -9999 -9999 -9999 -9999 -9999 -9999 -9999 -9999 -9999 -9999 -9999 6.504273 6.508547 6.550687 6.52921 6.546392 6.571675 6.563039 6.52921 6.554404 6.491453 6.520618 -9999 -9999 -9999 -9999 -9999 -9999 -9999 -9999 -9999 -9999 6.424319
6.302345 6.304714 6.321549 6.332488 6.328258 6.352041 6.328258 6.352041 6.287879 6.287879 6.260469 6.304714 6.296296 6.304714 6.304714 6.3733 6.377551 6.381803 6.353638 6.362098 6.370559 6.398809 6.346801 6.355219 6.376263 6.404399 6.412859 6.421319 6.41709 -9999 -9999 -9999 -9999 -9999 -9999 -9999 -9999 -9999 -9999 -9999 -9999 -9999 -9999 -9999 -9999 6.504273 6.52921 6.520618 6.52921 6.533505 6.545769 6.558722 6.545769 6.550086 6.512028 -9999 -9999 -9999 -9999 -9999 -9999 -9999 -9999 -9999 -9999 -9999 6.435897
6.321549 6.313131 6.304714 6.328258 6.332488 6.319797 6.328258 6.339286 6.324027 6.319797 6.292088 6.300505 6.319797 6.319797 6.345178 6.340948 6.3733 6.377551 6.390306 6.398809 6.407313 6.374789 6.391709 6.374789 6.367845 6.376263 6.412859 6.441327 6.454082 -9999 -9999 -9999 -9999 -9999 -9999 -9999 -9999 -9999 -9999 -9999 -9999 -9999 -9999 -9999 -9999 -9999 6.5 6.533505 6.524914 6.520618 6.524914 6.516323 6.495727 6.503436 -9999 -9999 -9999 -9999 -9999 -9999 -9999 -9999 -9999 -9999 -9999 -9999 6.411565
6.31734 6.300505 6.345178 6.332488 6.352041 6.347789 6.332488 6.332488 6.319797 6.324027 6.287879 6.315567 6.292088 6.332488 6.364796 6.340948 6.364796 6.377551 6.386055 6.394558 6.398809 6.370559 6.407313 6.359427 6.363636 6.367845 6.404399 6.412859 6.454082 -9999 -9999 -9999 -9999 -9999 -9999 -9999 -9999 -9999 -9999 -9999 -9999 -9999 -9999 -9999 -9999 -9999 -9999 -9999 6.471088 6.474359 6.491453 6.503436 6.48718 -9999 -9999 -9999 -9999 -9999 -9999 -9999 -9999 -9999 -9999 -9999 -9999 -9999 6.403061
