Capas/FUTURO/Eje_30s/ASC/bio_15.asc
ncols         993
nrows         433
xllcorner     -105.25566776747
yllcorner     17.599810932142
cellsize      0.0083333333
NODATA_value  -9999
[rows 78 to 116 of 433, columns 348 to 434 of 993]
1089 1089 1088 1087 1086 1086 1085 1084 1083 1082 1082 1081 1081 1080 1080 1080 1079 1080 1080 1079 1079 1079 -9999 -9999 -9999 -9999 -9999 -9999 -9999 -9999 -9999 -9999 -9999 -9999 -9999 -9999 -9999 -9999 -9999 -9999 -9999 -9999 -9999 -9999 -9999 -9999 -9999 -9999 -9999 -9999 -9999 -9999 -9999 -9999 -9999 -9999 -9999 -9999 -9999 -9999 -9999 -9999 -9999 -9999 -9999 -9999 -9999 -9999 -9999 -9999 -9999 -9999 -9999 -9999 -9999 -9999 -9999 -9999 -9999 -9999 -9999 -9999 -9999 -9999 -9999 -9999 1058
1090 1090 1089 1088 1087 1087 1086 1085 1084 1083 1083 1082 1082 1082 1081 1081 1081 1080 1080 1080 1080 1080 1079 1079 1079 1079 1079 1079 1079 -9999 -9999 -9999 -9999 -9999 -9999 -9999 -9999 -9999 -9999 -9999 -9999 -9999 -9999 -9999 -9999 -9999 -9999 -9999 -9999 -9999 -9999 -9999 -9999 -9999 -9999 -9999 -9999 -9999 -9999 -9999 -9999 -9999 -9999 -9999 -9999 -9999 -9999 -9999 -9999 -9999 -9999 -9999 -9999 -9999 -9999 -9999 -9999 -9999 -9999 -9999 -9999 -9999 -9999 -9999 -9999 -9999 1058
1091 1091 1090 1089 1089 1088 1087 1086 1085 1085 1084 1083 1083 1082 1082 1082 1081 1081 1081 1080 1080 1080 1080 1080 1080 1080 1080 1080 1080 1080 1081 1080 -9999 -9999 -9999 -9999 -9999 -9999 -9999 -9999 -9999 -9999 -9999 -9999 -9999 -9999 -9999 -9999 -9999 -9999 -9999 -9999 -9999 -9999 -9999 -9999 -9999 -9999 -9999 -9999 -9999 -9999 -9999 -9999 -9999 -9999 -9999 -9999 -9999 -9999 -9999 -9999 -9999 -9999 -9999 -9999 -9999 -9999 -9999 -9999 -9999 -9999 -9999 -9999 -9999 1057 1058
1093 1092 1091 1091 1090 1089 1088 1087 1086 1085 1085 1084 1083 1083 1083 1082 1082 1082 1081 1081 1081 1081 1080 1080 1081 1081 1081 1081 1081 1081 1081 1082 1081 -9999 -9999 -9999 -9999 -9999 -9999 -9999 -9999 -9999 -9999 -9999 -9999 -9999 -9999 -9999 -9999 -9999 -9999 -9999 -9999 -9999 -9999 -9999 -9999 -9999 -9999 -9999 -9999 -9999 -9999 -9999 -9999 -9999 -9999 -9999 -9999 -9999 -9999 -9999 -9999 -9999 -9999 -9999 -9999 -9999 -9999 -9999 -9999 -9999 -9999 -9999 1056 1057 1058
1094 1093 1092 1091 1091 1090 1089 1088 1087 1087 1085 1085 1084 1084 1083 1083 1083 1082 1082 1082 1082 1082 1081 1082 1081 1081 1081 1082 1082 1082 1082 1082 1082 1081 -9999 -9999 -9999 -9999 -9999 -9999 -9999 -9999 -9999 -9999 -9999 -9999 -9999 -9999 -9999 -9999 -9999 -9999 -9999 -9999 -9999 -9999 -9999 -9999 -9999 -9999 -9999 -9999 -9999 -9999 -9999 -9999 -9999 -9999 -9999 -9999 -9999 -9999 -9999 -9999 -9999 -9999 -9999 -9999 -9999 -9999 -9999 -9999 -9999 1055 1056 1056 1057
1095 1094 1093 1093 1092 1091 1090 1090 1088 1087 1086 1086 1085 1084 1085 1084 1083 1083 1083 1083 1082 1082 1082 1082 1083 1082 1083 1082 1082 1083 1083 1082 1083 1082 1082 -9999 -9999 -9999 -9999 -9999 -9999 -9999 -9999 -9999 -9999 -9999 -9999 -9999 -9999 -9999 -9999 -9999 -9999 -9999 -9999 -9999 -9999 -9999 -9999 -9999 -9999 -9999 -9999 -9999 -9999 -9999 -9999 -9999 -9999 -9999 -9999 -9999 -9999 -9999 -9999 -9999 -9999 -9999 -9999 -9999 -9999 -9999 1055 1055 1055 1056 1056
1095 1095 1094 1093 1093 1092 1091 1091 1089 1089 1088 1087 1086 1086 1085 1085 1085 1084 1084 1083 1084 1083 1083 1083 1083 1083 1083 1083 1083 1083 1083 1083 1083 1082 1081 1081 1080 -9999 -9999 -9999 -9999 -9999 -9999 -9999 -9999 -9999 -9999 -9999 -9999 -9999 -9999 -9999 -9999 -9999 -9999 -9999 -9999 -9999 -9999 -9999 -9999 -9999 -9999 -9999 -9999 -9999 -9999 -9999 -9999 -9999 -9999 -9999 -9999 -9999 -9999 -9999 -9999 -9999 -9999 -9999 -9999 1055 1055 1055 1055 1056 1056
1096 1095 1094 1095 1093 1093 1092 1091 1090 1090 1089 1088 1087 1087 1086 1086 1086 1085 1085 1085 1084 1084 1084 1084 1084 1083 1084 1083 1084 1084 1083 1083 1083 1083 1082 1081 1080 1079 -9999 -9999 -9999 -9999 -9999 -9999 -9999 -9999 -9999 -9999 -9999 -9999 -9999 -9999 -9999 -9999 -9999 -9999 -9999 -9999 -9999 -9999 -9999 -9999 -9999 -9999 -9999 -9999 -9999 -9999 -9999 -9999 -9999 -9999 -9999 -9999 -9999 -9999 -9999 -9999 -9999 -9999 1055 1055 1055 1055 1055 1056 1056
1097 1096 1095 1095 1094 1094 1093 1092 1091 1091 1090 1089 1089 1088 1088 1087 1087 1086 1086 1086 1085 1085 1084 1085 1084 1084 1084 1084 1084 1084 1083 1083 1083 1082 1082 1081 1080 1079 1077 -9999 -9999 -9999 -9999 -9999 -9999 -9999 -9999 -9999 -9999 -9999 -9999 -9999 -9999 -9999 -9999 -9999 -9999 -9999 -9999 -9999 -9999 -9999 -9999 -9999 -9999 -9999 -9999 -9999 -9999 -9999 -9999 -9999 -9999 -9999 -9999 -9999 -9999 -9999 -9999 1055 1055 1055 1054 1055 1055 1055 1056
1097 1097 1096 1096 1095 1094 1094 1093 1092 1091 1090 1090 1089 1089 1089 1089 1088 1087 1087 1087 1087 1086 1086 1086 1085 1085 1084 1085 1084 1084 1084 1084 1083 1082 1082 1081 1080 1079 1078 1077 -9999 -9999 -9999 -9999 -9999 -9999 -9999 -9999 -9999 -9999 -9999 -9999 -9999 -9999 -9999 -9999 -9999 -9999 -9999 -9999 -9999 -9999 -9999 -9999 -9999 -9999 -9999 -9999 -9999 -9999 -9999 -9999 -9999 -9999 -9999 -9999 -9999 -9999 1055 1054 1054 1054 1054 1054 1055 1055 1056
1098 1097 1097 1096 1095 1095 1094 1093 1093 1092 1091 1091 1090 1090 1089 1089 1089 1089 1088 1088 1088 1087 1087 1086 1086 1086 1085 1084 1085 1084 1083 1083 1083 1082 1081 1081 1080 1079 1078 1077 1076 -9999 -9999 -9999 -9999 -9999 -9999 -9999 -9999 -9999 -9999 -9999 -9999 -9999 -9999 -9999 -9999 -9999 -9999 -9999 -9999 -9999 -9999 -9999 -9999 -9999 -9999 -9999 -9999 -9999 -9999 -9999 -9999 -9999 -9999 -9999 -9999 1053 1053 1053 1054 1054 1054 1055 1055 1056 1056
1098 1097 1097 1096 1095 1095 1095 1094 1093 1092 1091 1092 1091 1091 1091 1090 1089 1090 1089 1089 1089 1088 1088 1087 1087 1087 1086 1085 1084 1084 1084 1083 1082 1082 1082 1081 1080 1079 1078 1077 1076 1075 -9999 -9999 -9999 -9999 -9999 -9999 -9999 -9999 -9999 -9999 -9999 -9999 -9999 -9999 -9999 -9999 -9999 -9999 -9999 -9999 -9999 -9999 -9999 -9999 -9999 -9999 -9999 -9999 -9999 -9999 -9999 -9999 -9999 -9999 -9999 1052 1052 1053 1054 1054 1054 1054 1055 1055 1056
1098 1097 1096 1096 1095 1095 1094 1093 1093 1093 1092 1092 1091 1092 1091 1091 1091 1091 1090 1090 1090 1090 1089 1089 1088 1087 1086 1085 1085 1084 1084 1083 1083 1082 1082 1081 1080 1080 1079 1078 1077 1076 1074 -9999 -9999 -9999 -9999 -9999 -9999 -9999 -9999 -9999 -9999 -9999 -9999 -9999 -9999 -9999 -9999 -9999 -9999 -9999 -9999 -9999 -9999 -9999 -9999 -9999 -9999 -9999 -9999 -9999 -9999 -9999 -9999 -9999 1051 1052 1052 1053 1053 1054 1054 1054 1055 1056 1057
1098 1097 1096 1096 1095 1094 1094 1093 1092 1092 1092 1092 1092 1092 1092 1092 1092 1092 1091 1091 1090 1090 1090 1089 1088 1088 1087 1086 1084 1084 1084 1083 1083 1082 1082 1081 1081 1080 1079 1078 1077 1076 1076 1074 -9999 -9999 -9999 -9999 -9999 -9999 -9999 -9999 -9999 -9999 -9999 -9999 -9999 -9999 -9999 -9999 -9999 -9999 -9999 -9999 -9999 -9999 -9999 -9999 -9999 -9999 -9999 -9999 -9999 -9999 -9999 1050 1050 1051 1051 1053 1053 1053 1054 1055 1056 1056 1057
1097 1096 1096 1095 1094 1094 1094 1092 1093 1092 1091 1091 1092 1091 1092 1092 1092 1092 1091 1091 1091 1090 1090 1089 1088 1087 1087 1086 1085 1084 1084 1084 1083 1083 1082 1082 1081 1080 1080 1079 1078 1077 1077 1076 1075 -9999 -9999 -9999 -9999 -9999 -9999 -9999 -9999 -9999 -9999 -9999 -9999 -9999 -9999 -9999 -9999 -9999 -9999 -9999 -9999 -9999 -9999 -9999 -9999 -9999 -9999 -9999 -9999 -9999 1049 1049 1050 1051 1052 1052 1053 1054 1055 1056 1057 1057 1056
1098 1096 1095 1095 1094 1093 1092 1092 1091 1092 1091 1091 1092 1092 1093 1092 1093 1092 1093 1092 1092 1091 1090 1089 1089 1088 1087 1086 1085 1085 1084 1084 1083 1083 1083 1082 1082 1081 1081 1080 1079 1079 1078 1077 1076 1075 1074 -9999 -9999 -9999 -9999 -9999 -9999 -9999 -9999 -9999 -9999 -9999 -9999 -9999 -9999 -9999 -9999 -9999 -9999 -9999 -9999 -9999 -9999 -9999 -9999 -9999 -9999 1049 1050 1050 1050 1052 1052 1053 1054 1055 1056 1057 1058 1058 1058
1097 1096 1095 1095 1094 1093 1092 1091 1091 1091 1091 1091 1092 1093 1093 1093 1093 1093 1093 1092 1092 1091 1090 1090 1089 1088 1088 1086 1086 1085 1084 1084 1084 1084 1083 1083 1082 1082 1081 1081 1080 1079 1079 1077 1077 1076 1075 1073 -9999 -9999 -9999 -9999 -9999 -9999 -9999 -9999 -9999 -9999 -9999 -9999 -9999 -9999 -9999 -9999 -9999 -9999 -9999 -9999 -9999 -9999 -9999 -9999 1050 1050 1050 1051 1051 1053 1054 1054 1055 1057 1057 1058 1058 1058 1058
1097 1096 1095 1094 1093 1093 1092 1091 1091 1090 1090 1091 1092 1093 1093 1093 1093 1094 1093 1092 1092 1091 1090 1090 1089 1088 1088 1087 1086 1085 1085 1085 1085 1084 1084 1084 1083 1083 1083 1082 1082 1081 1080 1079 1078 1076 1075 1073 1072 -9999 -9999 -9999 -9999 -9999 -9999 -9999 -9999 -9999 -9999 -9999 -9999 -9999 -9999 -9999 -9999 -9999 -9999 -9999 -9999 -9999 -9999 1051 1052 1052 1052 1052 1053 1054 1055 1056 1057 1058 1059 1059 1059 1059 1059
1097 1096 1096 1094 1093 1092 1091 1091 1090 1090 1090 1091 1091 1092 1093 1093 1093 1093 1093 1093 1092 1092 1091 1090 1089 1089 1088 1087 1087 1087 1086 1086 1086 1086 1086 1085 1085 1084 1084 1083 1083 1082 1081 1080 1078 1077 1076 1074 1073 1072 -9999 -9999 -9999 -9999 -9999 -9999 -9999 -9999 -9999 -9999 -9999 -9999 -9999 -9999 -9999 -9999 -9999 -9999 -9999 -9999 1052 1053 1053 1053 1053 1055 1055 1056 1057 1058 1059 1060 1060 1060 1061 1060 1060
1097 1096 1095 1094 1093 1092 1091 1090 1090 1090 1090 1090 1091 1092 1093 1093 1093 1093 1093 1093 1092 1092 1091 1091 1090 1089 1089 1088 1088 1087 1087 1087 1087 1087 1087 1087 1087 1086 1085 1085 1084 1083 1082 1081 1079 1078 1077 1075 1074 1073 1072 -9999 -9999 -9999 -9999 -9999 -9999 -9999 -9999 -9999 -9999 -9999 -9999 -9999 -9999 -9999 -9999 -9999 -9999 1054 1054 1054 1055 1055 1056 1056 1057 1058 1059 1060 1062 1062 1062 1062 1062 1061 1061
1097 1096 1095 1094 1094 1093 1091 1091 1090 1090 1089 1090 1090 1091 1092 1092 1093 1093 1092 1092 1092 1092 1091 1091 1090 1090 1089 1089 1088 1088 1089 1088 1089 1089 1089 1089 1088 1087 1088 1087 1086 1085 1083 1082 1081 1079 1077 1076 1075 1074 1072 1071 -9999 -9999 -9999 -9999 -9999 -9999 -9999 -9999 -9999 -9999 -9999 -9999 -9999 -9999 -9999 -9999 1055 1055 1056 1056 1057 1057 1058 1059 1060 1060 1061 1062 1063 1063 1064 1063 1063 1063 1062
1096 1096 1095 1095 1094 1093 1092 1091 1090 1089 1089 1089 1090 1091 1091 1091 1092 1092 1091 1091 1092 1091 1091 1091 1091 1091 1090 1089 1089 1089 1089 1090 1090 1090 1091 1090 1091 1090 1089 1088 1087 1086 1085 1084 1082 1080 1078 1077 1076 1075 1074 1073 1071 -9999 -9999 -9999 -9999 -9999 -9999 -9999 -9999 -9999 -9999 -9999 -9999 -9999 -9999 1058 1057 1057 1057 1058 1058 1059 1060 1060 1062 1062 1064 1064 1065 1065 1065 1064 1065 1064 1063
1096 1096 1095 1095 1094 1093 1092 1091 1090 1090 1089 1089 1089 1089 1089 1090 1091 1091 1090 1091 1091 1091 1091 1091 1092 1091 1090 1090 1090 1090 1090 1091 1092 1092 1093 1093 1092 1091 1091 1090 1088 1087 1086 1084 1083 1080 1079 1078 1077 1075 1074 1073 1072 1071 -9999 -9999 -9999 -9999 -9999 -9999 -9999 -9999 -9999 -9999 -9999 -9999 1060 1059 1059 1059 1059 1060 1061 1061 1062 1062 1064 1065 1065 1066 1066 1066 1066 1066 1065 1065 1064
1095 1095 1095 1094 1094 1093 1092 1092 1091 1090 1089 1089 1088 1089 1089 1089 1089 1089 1090 1090 1090 1091 1091 1091 1091 1090 1090 1090 1090 1090 1091 1092 1093 1093 1094 1094 1093 1093 1092 1091 1090 1088 1086 1085 1084 1081 1080 1079 1077 1076 1075 1074 1073 1072 1071 1070 -9999 -9999 -9999 -9999 -9999 -9999 -9999 -9999 -9999 1061 1062 1061 1061 1062 1062 1062 1062 1064 1064 1064 1066 1066 1067 1067 1068 1068 1067 1067 1067 1066 1066
1094 1094 1094 1094 1094 1093 1093 1093 1091 1089 1089 1088 1088 1088 1088 1088 1088 1088 1089 1089 1090 1090 1090 1090 1090 1090 1090 1090 1090 1091 1091 1092 1093 1094 1094 1094 1094 1093 1093 1092 1090 1088 1088 1086 1084 1083 1081 1079 1078 1076 1076 1074 1074 1073 1072 1071 1070 -9999 -9999 -9999 -9999 -9999 -9999 -9999 1064 1064 1064 1063 1064 1063 1064 1065 1065 1065 1066 1066 1067 1068 1069 1070 1069 1069 1069 1069 1068 1067 1067
1093 1094 1094 1094 1094 1094 1093 1093 1093 1091 1089 1089 1089 1088 1088 1088 1088 1088 1088 1088 1088 1089 1089 1089 1089 1089 1089 1089 1090 1091 1092 1093 1094 1095 1095 1095 1095 1094 1093 1092 1090 1089 1088 1086 1084 1082 1081 1080 1078 1077 1076 1075 1074 1073 1072 1071 1070 1069 -9999 -9999 -9999 -9999 -9999 1066 1065 1065 1065 1066 1066 1066 1066 1066 1066 1067 1067 1068 1069 1069 1070 1070 1070 1070 1070 1070 1070 1068 1068
1093 1093 1093 1093 1093 1093 1093 1093 1093 1092 1091 1090 1090 1089 1088 1088 1087 1088 1088 1087 1088 1088 1088 1088 1088 1088 1088 1089 1090 1091 1092 1093 1093 1094 1095 1095 1095 1094 1093 1092 1091 1089 1087 1086 1085 1082 1081 1080 1079 1077 1076 1075 1074 1073 1073 1072 1071 1070 1069 -9999 -9999 -9999 -9999 1067 1067 1067 1067 1067 1067 1067 1067 1068 1068 1069 1068 1069 1069 1070 1070 1071 1071 1071 1071 1070 1070 1069 1069
1091 1092 1092 1092 1092 1092 1093 1093 1092 1092 1092 1091 1091 1090 1089 1088 1088 1088 1087 1087 1087 1086 1086 1086 1086 1086 1087 1088 1089 1090 1091 1092 1093 1094 1094 1094 1094 1093 1093 1092 1091 1089 1088 1086 1085 1083 1082 1080 1078 1078 1077 1076 1075 1074 1073 1072 1071 1071 1070 1070 -9999 -9999 1069 1069 1069 1068 1068 1069 1069 1069 1069 1069 1069 1069 1069 1069 1070 1070 1071 1071 1071 1071 1071 1071 1071 1070 1070
1090 1091 1091 1092 1092 1092 1092 1093 1092 1092 1092 1092 1092 1091 1090 1090 1089 1087 1087 1087 1086 1085 1086 1085 1085 1085 1086 1087 1088 1090 1091 1091 1092 1093 1093 1093 1093 1092 1092 1091 1090 1089 1088 1086 1085 1083 1082 1081 1079 1078 1077 1076 1075 1074 1073 1073 1072 1071 1071 1071 1071 1070 1070 1070 1070 1070 1070 1070 1070 1070 1071 1071 1071 1069 1070 1069 1071 1070 1071 1071 1071 1071 1071 1071 1071 1070 1070
1089 1090 1090 1091 1091 1092 1092 1092 1092 1092 1093 1093 1092 1092 1091 1090 1089 1089 1088 1087 1086 1085 1084 1084 1084 1084 1084 1086 1087 1088 1090 1090 1091 1091 1091 1092 1092 1091 1091 1090 1090 1089 1088 1086 1085 1084 1083 1081 1080 1079 1078 1077 1075 1074 1074 1073 1072 1072 1072 1071 1071 1071 1071 1070 1070 1070 1071 1071 1071 1071 1071 1071 1070 1070 1069 1070 1070 1070 1070 1070 1070 1071 1071 1071 1071 1070 1070
1088 1089 1089 1090 1091 1091 1091 1092 1092 1092 1093 1092 1093 1092 1091 1090 1090 1089 1087 1086 1085 1084 1083 1083 1082 1082 1083 1084 1085 1087 1088 1089 1089 1090 1090 1090 1090 1090 1090 1089 1089 1089 1088 1086 1085 1084 1083 1082 1080 1079 1078 1077 1076 1075 1074 1074 1073 1072 1073 1072 1072 1071 1071 1071 1071 1071 1071 1071 1072 1072 1071 1071 1070 1070 1070 1070 1070 1069 1069 1070 1070 1071 1070 1070 1071 1071 1071
1086 1087 1088 1089 1090 1090 1091 1091 1091 1092 1092 1092 1093 1092 1092 1091 1089 1089 1087 1086 1084 1083 1082 1081 1080 1081 1080 1082 1083 1084 1086 1087 1087 1088 1088 1088 1088 1088 1089 1088 1088 1088 1087 1086 1085 1084 1083 1082 1081 1080 1078 1077 1076 1076 1075 1074 1074 1073 1073 1072 1072 1072 1072 1072 1071 1072 1072 1072 1072 1072 1071 1070 1070 1069 1069 1069 1069 1069 1069 1070 1069 1069 1069 1070 1070 1070 1070
1085 1087 1088 1089 1089 1090 1090 1091 1091 1092 1092 1093 1092 1092 1091 1090 1090 1088 1087 1085 1083 1082 1081 1080 1079 1079 1079 1080 1081 1082 1084 1084 1085 1086 1086 1086 1086 1087 1087 1087 1088 1087 1087 1086 1085 1085 1083 1082 1081 1080 1079 1078 1077 1076 1076 1075 1074 1074 1073 1073 1073 1072 1072 1072 1072 1072 1072 1072 1071 1071 1071 1070 1070 1068 1068 1068 1068 1068 1069 1068 1068 1068 1069 1070 1069 1070 1070
1084 1086 1086 1087 1088 1089 1090 1090 1091 1091 1092 1092 1092 1091 1091 1089 1089 1087 1086 1084 1082 1081 1080 1079 1078 1078 1077 1078 1079 1079 1080 1081 1082 1083 1084 1084 1085 1085 1086 1086 1087 1087 1086 1086 1085 1085 1084 1083 1081 1081 1080 1079 1077 1077 1076 1076 1075 1074 1074 1074 1073 1073 1072 1072 1072 1072 1071 1072 1072 1070 1070 1069 1068 1067 1067 1067 1066 1067 1067 1067 1067 1068 1068 1069 1069 1069 1069
1083 1084 1086 1087 1087 1087 1088 1089 1090 1090 1091 1091 1092 1091 1090 1089 1088 1087 1085 1082 1081 1080 1078 1077 1077 1076 1076 1076 1076 1077 1078 1078 1080 1080 1081 1082 1083 1084 1085 1085 1086 1086 1086 1086 1085 1084 1084 1083 1082 1081 1080 1079 1079 1078 1076 1076 1076 1075 1074 1074 1074 1073 1072 1073 1072 1071 1071 1071 1070 1070 1068 1068 1067 1066 1066 1066 1065 1065 1066 1066 1066 1068 1068 1068 1068 1069 1069
1081 1083 1084 1085 1086 1087 1087 1088 1088 1090 1090 1090 1090 1090 1090 1088 1087 1085 1084 1082 1080 1078 1077 1076 1075 1075 1075 1074 1074 1075 1076 1076 1077 1078 1079 1079 1081 1082 1083 1084 1084 1085 1085 1085 1085 1084 1084 1083 1082 1081 1081 1080 1079 1078 1078 1077 1076 1075 1075 1074 1073 1073 1072 1072 1071 1071 1070 1070 1070 1069 1068 1067 1066 1065 1064 1065 1064 1064 1064 1065 1066 1067 1067 1068 1068 1068 1068
1080 1081 1083 1084 1084 1085 1086 1087 1088 1088 1088 1089 1089 1089 1088 1087 1086 1084 1082 1080 1079 1077 1076 1075 1074 1074 1073 1073 1073 1073 1073 1074 1075 1075 1077 1078 1079 1080 1082 1083 1084 1085 1085 1085 1085 1085 1084 1084 1083 1082 1081 1081 1080 1079 1078 1077 1076 1075 1075 1074 1073 1073 1072 1071 1071 1070 1070 1069 1069 1068 1067 1066 1065 1064 1063 1063 1064 1063 1064 1065 1066 1066 1067 1067 1067 1068 1068
1079 1080 1081 1082 1083 1084 1085 1086 1087 1087 1088 1088 1088 1087 1087 1087 1085 1083 1081 1079 1078 1076 1075 1074 1074 1073 1073 1073 1072 1072 1072 1072 1073 1073 1075 1077 1078 1079 1080 1081 1082 1084 1085 1085 1085 1085 1085 1084 1084 1083 1083 1081 1080 1080 1078 1077 1076 1076 1075 1074 1073 1073 1072 1071 1071 1070 1070 1069 1068 1068 1067 1065 1065 1064 1063 1062 1063 1063 1064 1064 1065 1066 1066 1067 1068 1068 1067
1078 1079 1080 1080 1082 1083 1083 1085 1085 1086 1087 1086 1087 1086 1086 1085 1084 1083 1081 1078 1077 1076 1074 1074 1073 1073 1072 1072 1072 1071 1071 1071 1072 1072 1073 1075 1077 1078 1079 1081 1082 1083 1084 1084 1085 1085 1085 1084 1084 1084 1083 1082 1081 1080 1079 1078 1077 1075 1075 1073 1072 1072 1072 1071 1071 1070 1069 1068 1068 1067 1067 1066 1065 1064 1063 1063 1063 1063 1063 1065 1065 1066 1066 1067 1068 1068 1067
