Capas/FUTURO/Eje_30s/ASC/bio_17.asc
ncols         993
nrows         433
xllcorner     -105.25566776747
yllcorner     17.599810932142
cellsize      0.0083333333
NODATA_value  -9999
[rows 195 to 233 of 433, columns 616 to 703 of 993]
419 411 403 395 390 387 387 388 391 400 407 418 430 441 451 459 466 468 471 470 471 473 476 481 486 489 488 482 474 462 450 434 420 412 402 395 388 384 382 381 381 382 384 389 392 395 398 402 406 411 417 424 425 424 421 416 410 407 407 413 420 432 446 463 483 501 524 544 555 565 566 571 575 579 580 577 568 554 537 520 502 479 462 443 428 414 403 392
423 414 405 397 389 385 385 386 390 398 408 418 431 442 453 462 469 476 478 479 480 482 485 489 494 498 499 499 492 482 468 452 436 424 414 407 399 394 393 390 389 388 390 394 396 400 402 409 414 425 435 442 445 442 433 427 421 417 417 420 424 434 450 466 485 506 528 547 553 563 562 569 573 578 582 575 567 555 548 536 517 491 475 456 442 423 410 398
428 417 406 397 391 386 384 385 387 396 405 417 430 443 453 464 471 476 481 482 484 486 489 493 500 505 508 511 507 497 486 471 455 441 428 419 411 406 404 400 396 394 394 399 401 404 409 415 427 438 453 469 465 458 447 439 435 432 429 429 435 441 453 468 486 507 528 538 548 556 560 574 582 583 591 580 573 560 560 547 523 508 489 473 454 435 418 405
432 420 409 399 392 385 384 384 386 393 403 414 428 440 452 462 468 474 479 482 484 488 491 496 503 508 513 518 520 515 505 491 475 462 446 433 427 423 417 410 404 403 402 404 407 414 419 426 437 449 465 482 482 473 464 453 448 446 439 437 440 448 459 479 496 509 527 535 547 551 562 576 591 582 586 580 573 572 568 553 535 523 507 487 465 445 428 413
436 424 412 401 394 386 383 383 385 391 400 412 423 436 448 458 463 469 474 478 481 485 490 495 503 510 517 524 529 528 522 510 495 481 466 455 445 440 431 424 419 412 412 414 415 421 427 437 450 463 477 488 487 484 476 464 455 451 450 448 451 455 465 481 495 510 530 535 547 550 560 570 581 583 585 581 583 580 578 559 546 538 522 504 483 459 440 425
442 427 415 403 395 388 384 383 384 391 399 408 420 432 442 451 457 462 467 471 475 480 486 492 501 510 519 529 537 537 533 524 511 499 486 474 462 457 444 435 432 425 422 424 425 426 434 445 456 470 488 493 493 489 480 471 462 459 456 456 458 462 472 484 496 516 526 536 544 550 557 561 568 582 591 584 586 583 580 567 558 552 533 515 494 474 457 437
447 431 419 405 397 389 384 382 386 390 396 405 416 426 436 443 449 454 459 463 467 475 481 489 499 508 519 529 536 539 538 530 520 509 498 489 482 468 457 448 442 438 433 431 432 431 437 448 461 477 490 488 490 490 485 476 475 471 467 466 469 475 485 493 503 518 527 535 541 549 554 558 566 577 584 586 583 578 576 574 567 555 546 527 510 492 471 450
448 434 420 409 400 392 387 384 385 390 394 400 411 420 430 436 441 446 450 455 461 468 475 485 495 505 516 526 532 534 535 531 523 515 505 500 491 479 467 459 452 447 441 437 436 437 439 448 457 468 478 485 488 488 486 483 483 483 482 482 485 489 494 505 514 521 530 535 539 547 552 559 571 582 587 587 589 587 578 580 576 567 555 537 519 500 478 460
452 437 423 413 404 395 390 386 387 391 396 400 409 417 424 429 434 439 443 447 453 461 470 480 491 500 509 519 525 527 531 526 522 515 508 500 492 485 473 466 460 453 444 442 439 439 439 445 451 460 467 473 479 481 481 480 480 482 482 485 490 495 501 507 514 526 529 533 540 546 554 563 573 580 578 577 586 586 581 578 577 573 562 551 531 510 494 476
452 440 427 416 406 400 393 389 388 392 397 401 407 415 419 423 426 430 435 440 447 455 465 473 485 495 502 509 516 518 521 520 517 514 507 500 493 486 478 470 462 454 445 441 440 439 438 441 446 451 457 462 466 470 471 475 477 478 480 485 489 494 498 506 513 521 524 530 538 540 548 560 569 571 573 578 590 587 575 580 581 581 571 560 535 517 511 495
454 443 431 421 412 406 399 398 394 393 399 402 407 412 415 416 419 422 428 433 440 447 457 467 477 487 493 501 506 509 511 511 510 507 502 498 493 486 478 472 466 458 447 443 437 435 435 436 438 442 446 450 453 457 459 464 468 469 474 481 486 489 493 503 508 515 519 528 534 535 547 560 562 567 577 586 589 581 574 578 570 573 569 553 541 527 522 500
453 445 436 427 417 411 405 403 402 396 397 400 402 406 409 411 414 417 423 427 433 440 450 459 468 477 482 488 492 495 498 499 498 498 495 492 488 483 476 471 463 457 447 443 436 434 432 431 431 434 438 440 442 446 448 452 456 460 466 473 478 483 489 497 502 507 514 523 526 537 551 553 554 564 564 572 573 565 571 572 558 559 557 559 551 543 528 507
456 446 440 431 424 416 412 409 408 402 401 401 403 406 408 409 412 413 417 423 428 432 440 450 457 464 469 475 479 482 485 485 486 486 487 482 480 476 472 466 459 453 445 440 434 431 428 424 424 427 431 431 432 434 437 439 445 450 456 462 467 473 482 487 495 502 509 515 517 525 531 535 536 540 554 562 560 549 551 554 543 547 553 556 549 536 527 511
455 446 443 437 431 424 420 417 414 408 406 408 410 410 410 410 410 411 412 416 423 427 432 439 445 453 457 461 465 468 470 471 471 472 473 472 470 467 464 458 452 447 441 438 432 429 425 423 421 421 423 423 423 425 427 430 435 441 446 449 457 462 469 479 486 494 499 504 506 512 514 517 520 529 541 541 542 530 530 529 533 541 544 543 541 531 522 514
455 447 444 441 437 432 429 424 418 413 413 418 418 418 417 414 413 412 411 412 415 419 426 432 435 440 447 450 453 455 456 456 457 459 460 461 461 459 455 450 443 439 434 432 431 428 426 425 423 421 419 419 419 419 420 422 424 427 433 438 446 455 462 471 477 484 488 494 496 499 502 505 507 514 517 513 516 511 510 519 519 520 527 521 531 532 520 521
453 448 444 443 441 437 432 428 426 424 423 423 423 425 424 420 418 416 413 411 413 415 419 425 430 434 436 440 443 443 445 446 447 449 450 450 451 451 449 442 437 434 432 433 430 426 424 425 423 422 421 421 419 417 417 419 420 423 427 432 441 448 455 462 470 474 480 484 486 486 489 489 491 493 492 493 493 494 493 498 499 498 501 503 515 527 523 525
450 447 444 443 444 440 435 432 429 429 429 428 431 432 430 429 426 422 420 416 415 415 418 423 427 429 432 434 438 438 440 440 443 444 443 443 443 444 440 437 434 434 432 432 429 427 425 425 424 424 424 422 422 421 418 419 419 420 426 431 436 442 450 456 461 466 471 473 473 473 476 476 476 476 474 478 477 475 479 480 479 482 489 495 502 512 520 523
446 443 442 442 443 441 437 433 433 432 432 434 437 440 440 440 436 432 431 428 424 422 423 428 429 431 431 433 435 435 437 440 444 445 444 442 441 439 436 436 436 436 432 431 429 427 426 426 426 426 426 425 425 424 422 422 421 421 424 428 432 438 445 449 454 459 463 465 464 463 462 463 464 463 462 459 459 462 460 463 471 476 483 490 494 503 511 515
441 439 439 438 439 439 436 432 435 433 436 438 442 446 449 450 451 449 447 443 439 435 433 436 437 436 439 439 439 438 440 444 444 445 445 442 439 437 436 436 436 435 431 431 429 428 429 428 428 429 429 428 428 426 425 424 424 423 423 427 432 437 441 446 450 454 456 457 456 454 454 452 452 448 446 447 446 445 447 451 459 468 476 484 488 493 500 498
434 434 434 434 437 437 433 429 432 435 437 442 448 453 458 461 463 462 460 456 453 452 449 446 446 446 445 446 445 444 446 447 447 446 446 443 441 438 437 438 435 433 432 432 430 430 430 431 432 431 431 432 431 429 429 428 426 427 427 427 431 434 438 441 445 448 449 449 450 447 446 445 438 438 436 436 437 439 441 446 453 461 471 482 490 487 492 496
429 428 428 427 430 430 429 427 430 436 442 447 453 461 468 471 475 474 472 470 465 464 460 458 456 455 454 452 453 452 452 452 450 449 446 445 442 440 437 437 435 433 431 432 431 431 431 432 433 434 434 435 433 433 432 431 430 431 431 429 431 433 437 438 441 443 444 444 443 441 438 434 429 426 422 421 423 426 430 440 450 461 472 483 490 495 493 498
425 422 421 423 424 426 428 430 433 440 446 453 460 468 475 481 484 487 484 482 478 473 471 468 467 463 461 460 461 458 457 456 453 453 449 446 443 441 436 437 434 432 432 433 433 433 432 434 436 436 437 437 437 437 435 434 435 434 432 432 433 433 435 435 437 438 439 438 439 436 432 427 424 419 414 413 418 418 425 436 447 459 472 485 494 501 497 504
421 418 418 420 422 428 437 439 443 447 450 458 466 474 483 489 493 495 495 493 489 484 482 478 476 472 469 469 466 464 463 461 457 455 451 447 444 440 437 437 435 433 433 434 434 434 435 438 439 439 440 441 441 439 439 439 438 437 436 435 435 434 435 435 435 434 435 435 434 431 427 423 419 415 410 408 411 418 425 432 440 451 465 476 488 491 493 504
416 417 417 420 424 433 442 444 446 452 456 462 471 480 487 494 498 501 502 500 497 494 492 487 483 480 478 476 473 470 468 465 462 458 455 450 446 441 440 438 436 435 433 435 435 436 439 440 443 443 444 445 444 443 444 443 441 441 440 438 437 436 436 435 434 433 433 431 430 426 422 419 415 411 406 406 413 417 429 436 440 448 460 477 482 482 487 495
418 421 424 428 432 441 446 450 453 456 461 466 475 482 489 498 502 504 507 505 503 499 497 494 490 489 485 483 479 477 474 471 466 463 456 452 448 445 442 439 438 436 433 434 437 439 441 443 446 446 448 448 448 447 448 449 447 445 443 441 439 437 436 435 434 433 431 428 426 422 419 416 412 408 404 406 413 422 437 447 445 446 456 469 472 475 483 491
419 423 428 434 439 447 452 455 460 461 465 470 477 484 491 499 503 507 508 508 507 504 504 500 497 495 492 491 487 484 480 476 472 467 460 455 452 447 443 442 439 438 436 438 440 442 445 447 449 452 452 453 453 453 452 451 449 447 446 443 440 438 437 435 434 431 429 427 423 419 417 412 409 405 401 401 408 416 429 436 442 446 459 467 475 483 487 495
420 426 433 439 446 451 456 459 463 466 469 472 478 484 490 497 502 505 508 510 511 509 508 506 504 503 500 497 495 491 487 482 476 472 465 459 455 451 447 444 443 442 442 444 444 447 451 453 455 456 457 457 457 457 456 455 452 450 448 446 442 440 437 435 432 431 428 424 420 416 413 409 406 401 397 397 402 408 416 423 432 450 467 477 484 490 492 499
422 428 435 443 448 454 458 463 466 470 472 473 478 484 489 496 502 505 509 511 513 513 513 513 512 511 508 505 503 499 494 489 484 478 471 465 459 455 451 448 447 447 448 448 452 454 458 459 460 463 463 464 463 463 461 459 456 452 451 447 443 441 438 435 433 430 426 423 418 416 410 407 402 398 395 392 392 397 405 416 429 446 469 484 486 491 503 504
422 429 437 444 451 454 459 463 466 471 475 476 478 483 488 495 500 505 509 514 517 519 521 521 521 521 518 514 513 508 503 498 489 485 478 471 464 461 456 454 453 454 454 455 458 460 466 467 467 468 469 470 469 468 465 464 460 456 453 450 445 441 439 437 433 429 425 422 417 413 409 403 399 395 391 388 387 389 396 410 426 444 459 467 482 494 502 504
423 428 436 444 451 457 460 463 468 472 477 477 478 484 488 495 500 505 512 516 521 526 529 531 532 531 528 526 523 518 514 507 500 494 487 479 472 468 462 459 457 458 461 461 464 470 471 471 472 472 473 473 473 472 470 468 464 459 456 451 447 442 439 437 432 428 425 420 416 412 406 402 396 393 389 385 383 385 393 406 424 437 448 459 482 498 502 505
421 428 436 443 450 456 460 464 468 472 478 481 481 486 490 496 502 508 514 520 527 533 538 542 543 541 541 539 536 531 524 520 511 504 497 488 480 474 469 465 462 463 465 466 470 476 475 476 475 477 477 481 484 476 474 471 467 462 458 453 448 443 441 436 432 428 423 418 413 410 405 399 394 391 386 383 381 384 392 403 416 428 445 466 479 491 499 505
419 427 434 441 448 455 459 463 469 474 480 485 486 489 493 498 504 510 517 525 533 542 549 552 554 554 554 552 550 545 539 532 525 517 508 500 491 484 477 473 469 467 468 469 471 474 475 477 479 481 482 487 486 479 477 473 469 464 459 455 449 445 441 436 432 426 423 417 412 407 403 398 393 389 385 382 381 381 387 400 414 435 449 465 477 490 499 506
418 425 433 438 447 452 460 464 469 475 481 488 490 492 497 501 508 514 522 532 542 551 558 564 568 569 569 567 564 560 555 548 540 532 523 512 504 495 487 480 475 475 473 473 474 476 477 479 480 484 485 486 487 484 480 481 473 467 460 455 449 445 440 436 430 426 420 416 411 406 402 397 392 388 385 382 381 381 386 397 415 438 456 470 487 501 510 514
417 425 431 438 445 452 458 464 470 476 484 489 493 495 500 504 511 518 527 539 548 558 568 575 580 583 585 583 580 577 572 565 558 548 538 527 517 507 498 490 484 481 480 478 478 481 481 481 482 483 483 485 486 493 484 482 473 466 461 455 449 444 440 435 430 425 418 415 410 404 401 397 392 389 385 382 384 388 396 401 414 431 449 469 485 500 509 516
417 423 431 436 445 450 458 464 470 478 485 492 496 499 502 507 513 522 532 545 555 567 578 584 591 595 596 597 596 593 590 583 576 566 557 543 533 522 512 503 496 490 487 485 484 484 484 484 484 483 483 484 485 490 481 477 471 466 461 454 449 444 439 434 429 423 418 414 409 404 400 396 393 389 386 385 389 392 399 407 418 431 448 465 479 498 511 522
416 422 428 436 442 450 456 463 470 479 487 494 499 502 506 510 516 526 536 548 561 573 584 593 599 605 609 610 610 609 605 601 596 584 575 562 550 539 527 516 508 501 496 493 493 491 491 489 487 485 484 481 480 479 476 472 468 463 458 452 447 442 439 433 427 423 416 413 408 403 399 395 393 392 389 388 391 396 403 410 421 433 447 463 483 504 520 535
411 419 426 431 440 448 454 462 471 479 487 495 502 501 506 513 519 529 540 550 565 578 588 599 606 613 618 620 621 622 621 619 614 604 594 583 571 557 545 532 521 515 508 504 501 499 498 495 492 488 485 482 481 477 474 470 465 460 456 450 446 441 437 431 426 420 415 411 407 401 398 394 393 391 390 389 391 395 401 412 420 432 448 465 483 498 520 542
406 413 420 428 435 444 452 461 471 480 488 498 502 501 508 515 524 534 545 555 568 580 592 604 613 618 624 630 632 635 635 635 631 623 614 603 590 577 561 549 538 528 522 518 512 510 506 503 499 494 489 484 481 477 472 468 463 459 454 448 445 439 435 430 424 419 414 410 405 401 398 395 392 391 391 389 391 394 400 407 418 432 445 463 479 497 515 532
398 407 415 423 432 440 451 461 469 480 490 497 502 506 513 520 531 540 550 561 573 584 594 605 615 622 629 636 641 646 650 649 647 640 634 623 611 596 582 567 556 545 538 532 528 523 518 512 506 501 494 487 483 477 471 466 461 457 451 447 443 438 434 428 422 417 413 408 404 399 396 394 393 392 390 389 391 394 398 405 416 433 449 465 482 500 513 532
