Capas/FUTURO/Eje_30s/ASC/bio_09.asc
ncols         993
nrows         433
xllcorner     -105.25566776747
yllcorner     17.599810932142
cellsize      0.0083333333
NODATA_value  -9999
[rows 0 to 35 of 433, columns 164 to 245 of 993]
-9999 -9999 -9999 -9999 -9999 -9999 -9999 -9999 -9999 -9999 -9999 -9999 -9999 -9999 -9999 -9999 -9999 -9999 -9999 -9999 -9999 -9999 -9999 -9999 -9999 -9999 -9999 -9999 -9999 -9999 -9999 -9999 -9999 -9999 -9999 -9999 -9999 -9999 -9999 -9999 -9999 -9999 -9999 -9999 -9999 -9999 -9999 -9999 -9999 -9999 -9999 -9999 -9999 -9999 -9999 -9999 -9999 -9999 -9999 -9999 2967 2975 2978 2977 2978 2972 -9999 -9999 -9999 -9999 -9999 -9999 -9999 -9999 -9999 -9999 -9999 -9999 -9999 -9999 -9999 -9999
-9999 -9999 -9999 -9999 -9999 -9999 -9999 -9999 -9999 -9999 -9999 -9999 -9999 -9999 -9999 -9999 -9999 -9999 -9999 -9999 -9999 -9999 -9999 -9999 -9999 -9999 -9999 -9999 -9999 -9999 -9999 -9999 -9999 -9999 -9999 -9999 -9999 -9999 -9999 -9999 -9999 -9999 -9999 -9999 -9999 -9999 -9999 -9999 -9999 -9999 -9999 -9999 -9999 -9999 -9999 -9999 -9999 -9999 -9999 2967 2975 2978 2980 2978 2976 2971 2967 2962 2952 2942 2930 2922 -9999 -9999 -9999 -9999 -9999 -9999 -9999 -9999 -9999 -9999
-9999 -9999 -9999 -9999 -9999 -9999 -9999 -9999 -9999 -9999 -9999 -9999 -9999 -9999 -9999 -9999 -9999 -9999 -9999 -9999 -9999 -9999 -9999 -9999 -9999 -9999 -9999 -9999 -9999 -9999 -9999 -9999 -9999 -9999 -9999 -9999 -9999 -9999 -9999 -9999 -9999 -9999 -9999 -9999 -9999 -9999 -9999 -9999 -9999 -9999 -9999 -9999 -9999 -9999 -9999 -9999 -9999 2959 2965 2965 2976 2979 2981 2979 2975 2971 2967 2962 2952 2946 2937 2924 2924 2936 2942 2950 -9999 -9999 -9999 -9999 -9999 -9999
-9999 -9999 -9999 -9999 -9999 -9999 -9999 -9999 -9999 -9999 -9999 -9999 -9999 -9999 -9999 -9999 -9999 -9999 -9999 -9999 -9999 -9999 -9999 -9999 -9999 -9999 -9999 -9999 -9999 -9999 -9999 -9999 -9999 -9999 -9999 -9999 -9999 -9999 -9999 -9999 -9999 -9999 -9999 -9999 -9999 -9999 -9999 -9999 -9999 -9999 -9999 -9999 -9999 -9999 -9999 -9999 2957 2965 2970 2974 2979 2981 2982 2979 2975 2971 2964 2957 2953 2946 2933 2925 2929 2934 2940 2950 2959 -9999 -9999 -9999 -9999 -9999
-9999 -9999 -9999 -9999 -9999 -9999 -9999 -9999 -9999 -9999 -9999 -9999 -9999 -9999 -9999 -9999 -9999 -9999 -9999 -9999 -9999 -9999 -9999 -9999 -9999 -9999 -9999 -9999 -9999 -9999 -9999 -9999 -9999 -9999 -9999 -9999 -9999 -9999 -9999 -9999 -9999 -9999 -9999 -9999 -9999 -9999 -9999 -9999 -9999 -9999 -9999 -9999 -9999 -9999 2939 2947 2961 2968 2973 2978 2980 2982 2979 2978 2974 2971 2964 2957 2950 2935 2922 2928 2931 2932 2932 2942 2946 2946 -9999 -9999 -9999 -9999
-9999 -9999 -9999 -9999 -9999 -9999 -9999 -9999 -9999 -9999 -9999 -9999 -9999 -9999 -9999 -9999 -9999 -9999 -9999 -9999 -9999 -9999 -9999 -9999 -9999 -9999 -9999 -9999 -9999 -9999 -9999 -9999 -9999 -9999 -9999 -9999 -9999 -9999 -9999 -9999 -9999 -9999 -9999 -9999 -9999 -9999 -9999 -9999 -9999 -9999 -9999 -9999 -9999 2944 2946 2953 2964 2971 2974 2979 2980 2982 2978 2975 2972 2970 2966 2958 2944 2931 2926 2929 2931 2934 2927 2937 2939 2955 2968 -9999 -9999 -9999
-9999 -9999 -9999 -9999 -9999 -9999 -9999 -9999 -9999 -9999 -9999 -9999 -9999 -9999 -9999 -9999 -9999 -9999 -9999 -9999 -9999 -9999 -9999 -9999 -9999 -9999 -9999 -9999 -9999 -9999 -9999 -9999 -9999 -9999 -9999 -9999 -9999 -9999 -9999 -9999 -9999 -9999 -9999 -9999 -9999 -9999 -9999 -9999 -9999 -9999 -9999 2974 2965 2950 2952 2964 2968 2971 2974 2976 2977 2981 2979 2979 2975 2970 2963 2950 2929 2927 2927 2930 2931 2944 2937 2941 2950 2963 2969 2975 -9999 -9999
-9999 -9999 -9999 -9999 -9999 -9999 -9999 -9999 -9999 -9999 -9999 -9999 -9999 -9999 -9999 -9999 -9999 -9999 -9999 -9999 -9999 -9999 -9999 -9999 -9999 -9999 -9999 -9999 -9999 -9999 -9999 -9999 -9999 -9999 -9999 -9999 -9999 -9999 -9999 -9999 -9999 -9999 -9999 -9999 -9999 -9999 -9999 -9999 -9999 -9999 2983 2983 2976 2964 2962 2966 2967 2971 2973 2975 2978 2982 2981 2977 2974 2968 2954 2940 2936 2927 2928 2931 2942 2956 2957 2958 2963 2971 2970 2967 2973 -9999
-9999 -9999 -9999 -9999 -9999 -9999 -9999 -9999 -9999 -9999 -9999 -9999 -9999 -9999 -9999 -9999 -9999 -9999 -9999 -9999 -9999 -9999 -9999 -9999 -9999 -9999 -9999 -9999 -9999 -9999 -9999 -9999 -9999 -9999 -9999 -9999 -9999 -9999 -9999 -9999 -9999 -9999 -9999 -9999 -9999 -9999 -9999 -9999 2958 2965 2971 2979 2983 2969 2971 2968 2964 2965 2967 2970 2973 2984 2977 2974 2970 2956 2944 2923 2922 2925 2927 2929 2936 2939 2961 2968 2975 2980 2977 2971 2977 2981
-9999 -9999 -9999 -9999 -9999 -9999 -9999 -9999 -9999 -9999 -9999 -9999 -9999 -9999 -9999 -9999 -9999 -9999 -9999 -9999 -9999 -9999 -9999 -9999 -9999 -9999 -9999 -9999 -9999 -9999 -9999 -9999 -9999 -9999 -9999 -9999 -9999 -9999 -9999 -9999 -9999 -9999 -9999 -9999 -9999 -9999 -9999 2948 2957 2954 2961 2974 2987 2980 2979 2974 2971 2964 2960 2964 2974 2983 2976 2969 2961 2948 2941 2926 2916 2921 2924 2928 2919 2933 2952 2958 2972 2976 2983 2985 2979 2965
-9999 -9999 -9999 -9999 -9999 -9999 -9999 -9999 -9999 -9999 -9999 -9999 -9999 -9999 -9999 -9999 -9999 -9999 -9999 -9999 -9999 -9999 -9999 -9999 -9999 -9999 -9999 -9999 -9999 -9999 -9999 -9999 -9999 -9999 -9999 -9999 -9999 -9999 -9999 -9999 -9999 -9999 -9999 -9999 -9999 2939 2945 2949 2959 2971 2974 2975 2990 2987 2984 2977 2974 2967 2961 2961 2969 2983 2974 2970 2962 2944 2940 2923 2917 2922 2921 2919 2924 2940 2945 2958 2979 2989 2984 2985 2972 2960
-9999 -9999 -9999 -9999 -9999 -9999 -9999 -9999 -9999 -9999 -9999 -9999 -9999 -9999 -9999 -9999 -9999 -9999 -9999 -9999 -9999 -9999 -9999 -9999 -9999 -9999 -9999 -9999 -9999 -9999 -9999 -9999 -9999 -9999 -9999 -9999 -9999 -9999 -9999 -9999 -9999 -9999 -9999 -9999 2933 2934 2941 2948 2953 2971 2981 2985 2990 2994 2989 2977 2974 2977 2973 2971 2973 2988 2974 2966 2959 2952 2943 2930 2929 2932 2923 2921 2934 2945 2956 2963 2981 2988 2976 2969 2964 2945
-9999 -9999 -9999 -9999 -9999 -9999 -9999 -9999 -9999 -9999 -9999 -9999 -9999 -9999 -9999 -9999 -9999 -9999 -9999 -9999 -9999 -9999 -9999 -9999 -9999 -9999 -9999 -9999 -9999 -9999 -9999 -9999 -9999 -9999 -9999 -9999 -9999 -9999 -9999 -9999 -9999 -9999 -9999 2928 2932 2933 2944 2951 2965 2970 2971 2978 2986 2993 2997 2981 2979 2979 2984 2987 2987 2983 2974 2966 2963 2958 2951 2945 2934 2925 2916 2926 2945 2948 2960 2974 2987 2984 2970 2960 2948 2949
-9999 -9999 -9999 -9999 -9999 -9999 -9999 -9999 -9999 -9999 -9999 -9999 -9999 -9999 -9999 -9999 -9999 -9999 -9999 -9999 -9999 -9999 -9999 -9999 -9999 -9999 -9999 -9999 -9999 -9999 -9999 -9999 -9999 -9999 -9999 -9999 -9999 -9999 -9999 -9999 -9999 -9999 2935 2932 2935 2940 2945 2949 2952 2964 2973 2981 2988 2994 2998 2983 2982 2985 2987 2991 2981 2974 2972 2965 2960 2955 2948 2943 2933 2928 2928 2926 2932 2930 2956 2974 2987 2973 2958 2957 2962 2971
-9999 -9999 -9999 -9999 -9999 -9999 -9999 -9999 -9999 -9999 -9999 -9999 -9999 -9999 -9999 -9999 -9999 -9999 -9999 -9999 -9999 -9999 -9999 -9999 -9999 -9999 -9999 -9999 -9999 -9999 -9999 -9999 -9999 -9999 -9999 -9999 -9999 -9999 -9999 -9999 -9999 2939 2937 2937 2941 2944 2947 2955 2954 2964 2972 2980 2988 2991 2998 2991 2985 2984 2988 2993 2983 2976 2970 2963 2958 2952 2944 2939 2943 2941 2934 2932 2939 2948 2972 2982 2989 2977 2968 2975 2981 2975
-9999 -9999 -9999 -9999 -9999 -9999 -9999 -9999 -9999 -9999 -9999 -9999 -9999 -9999 -9999 -9999 -9999 -9999 -9999 -9999 -9999 -9999 -9999 -9999 -9999 -9999 -9999 -9999 -9999 -9999 -9999 -9999 -9999 -9999 -9999 -9999 -9999 -9999 -9999 -9999 -9999 2938 2937 2941 2944 2948 2954 2969 2970 2967 2970 2976 2978 2988 2998 2992 2989 2983 2984 2988 2990 2978 2970 2962 2955 2950 2948 2948 2953 2947 2944 2956 2962 2960 2975 2988 2988 2976 2979 2978 2968 2959
-9999 -9999 -9999 -9999 -9999 -9999 -9999 -9999 -9999 -9999 -9999 -9999 -9999 -9999 -9999 -9999 -9999 -9999 -9999 -9999 -9999 -9999 -9999 -9999 -9999 -9999 -9999 -9999 -9999 -9999 -9999 -9999 -9999 -9999 -9999 -9999 -9999 -9999 -9999 -9999 -9999 2940 2946 2962 2964 2969 2975 2977 2976 2978 2980 2980 2970 2985 2999 2998 2993 2988 2988 2987 2989 2988 2973 2965 2968 2968 2966 2960 2953 2949 2964 2983 2975 2974 2970 2983 2985 2978 2965 2960 2961 2950
-9999 -9999 -9999 -9999 -9999 -9999 -9999 -9999 -9999 -9999 -9999 -9999 -9999 -9999 -9999 -9999 -9999 -9999 -9999 -9999 -9999 -9999 -9999 -9999 -9999 -9999 -9999 -9999 -9999 -9999 -9999 -9999 -9999 -9999 -9999 -9999 -9999 -9999 -9999 -9999 -9999 -9999 2957 2972 2976 2975 2978 2981 2982 2983 2987 2982 2972 2979 2993 3001 2995 2994 2992 2990 2986 2992 2991 2984 2974 2967 2964 2965 2968 2972 2984 2992 2990 2980 2980 2988 2972 2968 2973 2969 2964 2959
-9999 -9999 -9999 -9999 -9999 -9999 -9999 -9999 -9999 -9999 -9999 -9999 -9999 -9999 -9999 -9999 -9999 -9999 -9999 -9999 -9999 -9999 -9999 -9999 -9999 -9999 -9999 -9999 -9999 -9999 -9999 -9999 -9999 -9999 -9999 -9999 -9999 -9999 -9999 -9999 -9999 2958 2969 2982 2986 2981 2985 2985 2987 2987 2994 2990 2988 2986 2997 3002 3002 3004 2997 2991 2993 2982 2987 2991 2981 2971 2976 2988 2988 2992 2989 2986 2981 2989 2990 2978 2969 2964 2969 2963 2961 2957
-9999 -9999 -9999 -9999 -9999 -9999 -9999 -9999 -9999 -9999 -9999 -9999 -9999 -9999 -9999 -9999 -9999 -9999 -9999 -9999 -9999 -9999 -9999 -9999 -9999 -9999 -9999 -9999 -9999 -9999 -9999 -9999 -9999 -9999 -9999 -9999 -9999 -9999 -9999 -9999 2978 2979 2979 2985 2995 2992 2998 2997 2995 2998 3001 3002 2999 3001 3002 3004 2997 2998 2995 2995 2982 2974 2980 2980 2991 2992 2990 2981 2972 2984 2976 2978 2973 2976 2973 2975 2962 2957 2965 2958 2957 2956
-9999 -9999 -9999 -9999 -9999 -9999 -9999 -9999 -9999 -9999 -9999 -9999 -9999 -9999 -9999 -9999 -9999 -9999 -9999 -9999 -9999 -9999 -9999 -9999 -9999 -9999 -9999 -9999 -9999 -9999 -9999 -9999 -9999 -9999 -9999 -9999 -9999 -9999 2951 2968 2977 2987 2993 2995 3002 2996 2998 2999 3001 2995 2999 2990 2993 2994 2989 2996 3002 2996 2988 2986 2983 2975 2971 2969 2971 2980 2985 2971 2976 2980 2966 2968 2968 2970 2969 2974 2962 2958 2960 2963 2960 2956
-9999 -9999 -9999 -9999 -9999 -9999 -9999 -9999 -9999 -9999 -9999 -9999 -9999 -9999 -9999 -9999 -9999 -9999 -9999 -9999 -9999 -9999 -9999 -9999 -9999 -9999 -9999 -9999 -9999 -9999 -9999 -9999 -9999 -9999 -9999 -9999 2920 2926 2938 2947 2956 2974 2994 3003 2998 2985 2984 2982 2985 2977 2975 2973 2979 2983 2986 2991 3002 3000 2988 2983 2981 2977 2974 2970 2967 2976 2979 2973 2966 2976 2974 2967 2965 2966 2966 2966 2967 2961 2959 2957 2958 2956
2991 2987 -9999 -9999 2985 -9999 -9999 -9999 -9999 -9999 -9999 -9999 -9999 -9999 -9999 -9999 -9999 -9999 -9999 -9999 -9999 -9999 -9999 -9999 -9999 -9999 -9999 -9999 -9999 -9999 -9999 -9999 -9999 -9999 -9999 2913 2923 2934 2939 2939 2950 2963 2981 2999 2998 2987 2982 2978 2977 2973 2962 2958 2964 2973 2980 2984 2998 3003 2995 2992 2990 2983 2976 2968 2962 2968 2971 2975 2965 2961 2959 2964 2968 2965 2965 2961 2960 2960 2955 2951 2950 2951
2980 2993 3005 2993 2981 2975 -9999 -9999 -9999 -9999 -9999 -9999 -9999 -9999 -9999 -9999 -9999 -9999 -9999 -9999 -9999 -9999 -9999 -9999 -9999 -9999 -9999 -9999 -9999 -9999 -9999 -9999 -9999 -9999 2923 2920 2924 2934 2936 2938 2944 2952 2966 2983 3002 3000 2993 2978 2973 2970 2960 2950 2955 2958 2965 2978 2992 3000 3001 2997 2989 2980 2973 2963 2953 2961 2960 2957 2968 2951 2948 2953 2962 2965 2962 2954 2953 2954 2950 2946 2945 2950
2989 3004 2999 2993 2986 2979 -9999 -9999 -9999 -9999 -9999 -9999 -9999 -9999 -9999 -9999 -9999 -9999 -9999 -9999 -9999 -9999 -9999 -9999 -9999 -9999 -9999 -9999 -9999 -9999 -9999 -9999 -9999 2940 2935 2932 2930 2933 2941 2947 2952 2955 2965 2984 3000 2999 2988 2977 2969 2966 2949 2941 2957 2962 2970 2982 2988 2989 2997 3001 2995 2990 2979 2967 2960 2956 2954 2949 2958 2949 2945 2946 2958 2957 2948 2949 2943 2936 2938 2942 2947 2947
2991 2996 2987 2981 2975 2969 -9999 -9999 -9999 -9999 -9999 -9999 -9999 -9999 -9999 -9999 -9999 -9999 -9999 -9999 -9999 -9999 -9999 -9999 -9999 -9999 -9999 -9999 -9999 -9999 -9999 2948 2950 2948 2946 2943 2940 2943 2946 2962 2972 2957 2963 2996 2994 2983 2971 2966 2958 2959 2950 2941 2958 2966 2964 2972 2978 2981 2989 2999 2992 2985 2978 2976 2968 2957 2949 2946 2954 2953 2947 2945 2943 2942 2941 2939 2935 2931 2938 2943 2946 2948
2996 3002 2997 2995 2986 2965 -9999 -9999 -9999 -9999 -9999 -9999 -9999 -9999 -9999 -9999 -9999 -9999 -9999 -9999 -9999 -9999 -9999 -9999 -9999 -9999 -9999 2949 2950 2952 2954 2950 2954 2956 2955 2951 2949 2947 2944 2953 2974 2982 2983 3003 2987 2970 2954 2955 2954 2946 2941 2942 2955 2957 2958 2961 2964 2974 2984 2998 2995 2984 2971 2966 2973 2957 2945 2946 2949 2954 2945 2937 2931 2927 2928 2933 2929 2934 2941 2943 2946 2949
-9999 2997 2978 2988 2995 2986 2976 2975 -9999 -9999 -9999 -9999 -9999 -9999 -9999 -9999 -9999 -9999 -9999 -9999 -9999 -9999 -9999 -9999 2935 2940 2945 2956 2960 2961 2967 2971 2966 2967 2967 2962 2955 2952 2952 2955 2975 2998 2988 2987 2982 2964 2958 2956 2954 2946 2935 2946 2951 2952 2958 2960 2959 2969 2982 2992 3000 2985 2977 2967 2969 2956 2945 2947 2948 2946 2940 2935 2930 2927 2930 2931 2931 2937 2940 2943 2947 2949
-9999 -9999 -9999 2979 3001 3001 2992 2985 2990 2982 -9999 -9999 -9999 -9999 -9999 -9999 -9999 -9999 -9999 -9999 -9999 2929 2927 2930 2936 2941 2939 2946 2948 2948 2957 2968 2982 2978 2985 2984 2972 2977 2987 2980 2994 2995 2978 2972 2959 2956 2957 2955 2953 2948 2943 2948 2952 2953 2957 2956 2956 2962 2981 2994 2998 2991 2989 2981 2968 2951 2946 2945 2942 2942 2933 2929 2927 2927 2924 2930 2937 2940 2942 2945 2947 2948
-9999 -9999 -9999 -9999 2995 3002 3003 2994 2998 2993 2979 2980 2969 2956 2952 2950 2950 2953 2954 2951 2936 2929 2930 2933 2941 2946 2942 2943 2947 2951 2971 2971 2986 2997 2994 2999 2996 2996 2985 2994 2992 2998 2990 2982 2963 2955 2956 2952 2952 2943 2945 2948 2951 2955 2953 2952 2955 2964 2979 2990 3000 3001 2989 2975 2969 2964 2951 2944 2942 2936 2935 2928 2919 2923 2923 2933 2939 2939 2942 2945 2945 2947
2960 2970 2972 2973 2977 2987 3002 2998 3004 3001 2993 2976 2962 2968 2970 2969 2962 2963 2963 2962 2957 2941 2937 2944 2950 2954 2953 2951 2957 2962 2981 2986 2998 2982 2967 2975 2989 2993 2977 2966 2972 2997 2995 2986 2965 2956 2956 2951 2945 2942 2945 2948 2952 2955 2953 2952 2954 2963 2969 2982 2990 3002 2992 2970 2955 2946 2942 2942 2941 2934 2935 2923 2911 2923 2926 2935 2932 2933 2940 2943 2945 2945
2968 2971 2971 2972 2973 2986 3000 3003 2993 3001 2992 2981 2982 2984 2984 2979 2971 2974 2975 2972 2970 2954 2947 2948 2946 2950 2956 2960 2965 2977 2987 3001 2997 2975 2962 2969 2986 2985 2978 2973 2970 2984 2974 2977 2964 2957 2952 2951 2949 2946 2949 2952 2952 2957 2956 2956 2960 2964 2973 2988 2991 2996 2994 2977 2970 2951 2947 2951 2942 2934 2934 2924 2918 2928 2934 2937 2927 2929 2939 2941 2944 2943
2969 2970 2970 2968 2970 2980 2992 2990 2983 2992 3003 2996 3001 2999 2995 2982 2984 2990 2985 2983 2979 2969 2958 2961 2957 2947 2947 2961 2972 2991 2995 3002 2993 2977 2970 2979 2988 2983 2977 2972 2970 2976 2969 2967 2964 2965 2959 2954 2951 2950 2952 2956 2957 2960 2960 2962 2964 2965 2970 2975 2979 2986 2998 2984 2974 2968 2960 2965 2952 2940 2936 2922 2925 2930 2935 2930 2926 2937 2941 2942 2944 2942
2968 2969 2969 2967 2968 2970 2975 2971 2979 2987 2998 3000 2996 3003 3002 2993 2997 2996 2991 2997 2989 2985 2976 2980 2966 2946 2947 2970 2988 2999 3004 2996 2973 2970 2969 2975 2979 2978 2972 2967 2966 2968 2962 2961 2959 2953 2952 2949 2947 2943 2949 2955 2956 2960 2962 2961 2956 2960 2960 2960 2971 2976 2992 2993 2986 2979 2976 2976 2954 2939 2932 2928 2934 2927 2931 2928 2926 2937 2941 2942 2943 2941
2968 2968 2967 2967 2966 2969 2969 2968 2975 2987 2996 2987 2986 2995 2999 3003 3001 3003 3004 3005 3002 2997 2986 2990 2974 2957 2969 2982 2996 3002 2998 2986 2977 2980 2967 2967 2977 2977 2968 2965 2967 2965 2960 2955 2952 2948 2947 2937 2939 2945 2950 2951 2955 2959 2961 2955 2950 2953 2957 2955 2958 2964 2975 2993 2995 2991 2984 2973 2957 2950 2944 2939 2941 2937 2938 2938 2937 2939 2941 2941 2943 2943
2965 2965 2964 2964 2963 2968 2967 2973 2984 2991 2990 2981 2985 2989 2987 2985 2989 2997 2994 2991 2998 3004 3000 3000 2990 2977 2981 2994 3002 2997 2995 2998 2996 2980 2971 2968 2970 2971 2967 2964 2966 2961 2960 2952 2950 2946 2944 2933 2939 2937 2942 2952 2956 2958 2959 2953 2945 2948 2955 2953 2958 2964 2970 2984 2998 2993 2985 2972 2962 2963 2951 2948 2944 2936 2939 2936 2934 2941 2943 2943 2944 2946
