Capas/FUTURO/Eje_30s/ASC/bio_10.asc
ncols         993
nrows         433
xllcorner     -105.25566776747
yllcorner     17.599810932142
cellsize      0.0083333333
NODATA_value  -9999
[rows 72 to 107 of 433, columns 82 to 163 of 993]
2937 2935 2943 2942 2941 2959 2966 2962 2972 2986 2975 2967 2970 2971 2965 2959 2960 2960 2958 2960 2961 2962 2961 2961 2961 2958 2952 2951 2946 2942 2932 2935 2937 2940 2956 2970 2979 2992 2998 2997 2994 2994 2993 2992 2989 2987 2986 2984 2982 2976 2970 2968 2967 2964 2962 2957 2959 2958 2962 2971 2975 2976 2977 2977 2975 2968 2960 2950 2954 2943 2938 2953 2952 2967 2970 2969 2961 2960 2972 2983 2986 2991
2927 2929 2944 2951 2951 2961 2962 2962 2975 2982 2983 2969 2957 2966 2970 2964 2958 2956 2954 2959 2963 2963 2963 2963 2963 2959 2958 2954 2953 2946 2941 2933 2928 2936 2951 2958 2968 2984 2993 2996 2996 2994 2987 2983 2981 2981 2988 2989 2985 2982 2981 2978 2976 2972 2967 2970 2967 2965 2964 2970 2975 2979 2981 2982 2979 2977 2976 2971 2970 2961 2954 2964 2971 2975 2979 2978 2969 2974 2980 2985 2990 2991
2925 2932 2946 2953 2964 2967 2968 2969 2971 2971 2981 2980 2965 2974 2971 2965 2951 2941 2947 2957 2962 2965 2965 2965 2962 2960 2960 2958 2957 2952 2948 2944 2942 2939 2944 2955 2962 2973 2979 2987 2987 2986 2981 2981 2982 2984 2985 2988 2988 2988 2984 2982 2981 2978 2977 2976 2976 2975 2967 2974 2980 2984 2985 2984 2984 2984 2984 2984 2982 2978 2973 2976 2979 2983 2984 2984 2981 2983 2987 2991 2994 2994
2928 2941 2952 2956 2962 2967 2970 2968 2967 2968 2970 2981 2983 2985 2975 2968 2955 2936 2949 2959 2964 2966 2966 2965 2964 2963 2962 2960 2958 2957 2957 2955 2951 2950 2943 2946 2955 2963 2972 2976 2976 2979 2980 2983 2985 2984 2985 2987 2987 2988 2987 2986 2984 2984 2983 2983 2984 2982 2978 2979 2985 2987 2987 2987 2987 2988 2988 2988 2988 2988 2988 2986 2988 2989 2990 2989 2991 2993 2994 2995 2995 2995
2927 2938 2944 2949 2961 2966 2966 2965 2963 2963 2964 2969 2975 2986 2979 2970 2960 2950 2954 2964 2967 2967 2965 2964 2964 2963 2962 2961 2960 2962 2960 2958 2958 2957 2952 2942 2940 2954 2962 2968 2976 2979 2979 2978 2980 2983 2984 2985 2985 2986 2988 2988 2987 2986 2986 2986 2987 2987 2988 2987 2988 2988 2988 2988 2989 2990 2991 2991 2991 2991 2991 2991 2992 2992 2992 2993 2993 2994 2995 2995 2995 2996
2922 2931 2940 2947 2958 2965 2964 2962 2959 2958 2960 2967 2971 2982 2973 2967 2962 2957 2957 2965 2968 2966 2963 2959 2959 2964 2963 2963 2962 2963 2961 2961 2963 2958 2950 2942 2934 2945 2955 2969 2975 2976 2969 2968 2972 2978 2978 2979 2982 2984 2985 2987 2989 2988 2988 2988 2989 2990 2990 2990 2990 2989 2989 2990 2990 2991 2992 2992 2993 2993 2993 2993 2993 2993 2993 2994 2994 2995 2995 2995 2995 2995
2926 2927 2940 2943 2951 2963 2963 2962 2957 2955 2959 2966 2971 2984 2977 2970 2964 2964 2956 2963 2970 2969 2966 2962 2962 2965 2964 2965 2964 2965 2964 2964 2963 2961 2953 2946 2937 2944 2958 2969 2974 2970 2959 2962 2967 2971 2970 2972 2975 2983 2983 2985 2988 2989 2990 2990 2990 2990 2991 2991 2990 2990 2990 2991 2991 2992 2992 2992 2993 2993 2993 2993 2994 2994 2994 2994 2995 2995 2995 2995 2995 2995
2933 2938 2948 2951 2957 2966 2965 2965 2962 2960 2964 2969 2975 2981 2971 2970 2964 2967 2963 2965 2970 2970 2966 2967 2964 2963 2966 2967 2965 2967 2966 2964 2961 2959 2955 2953 2952 2952 2957 2967 2970 2962 2949 2958 2962 2966 2968 2968 2975 2979 2976 2982 2986 2987 2988 2989 2989 2989 2990 2990 2991 2991 2991 2991 2992 2992 2992 2992 2993 2993 2993 2993 2994 2994 2994 2994 2995 2995 2995 2995 2995 2995
2934 2949 2956 2961 2966 2969 2970 2969 2967 2966 2970 2973 2979 2975 2976 2971 2969 2971 2968 2967 2972 2970 2968 2968 2963 2966 2968 2968 2965 2968 2967 2964 2963 2961 2957 2953 2959 2960 2964 2966 2966 2959 2947 2954 2966 2972 2973 2977 2975 2968 2969 2976 2983 2986 2987 2987 2988 2988 2988 2989 2989 2991 2991 2991 2991 2992 2992 2992 2993 2993 2993 2993 2994 2994 2994 2994 2994 2994 2995 2995 2995 2995
2935 2945 2955 2956 2963 2969 2969 2971 2971 2972 2974 2977 2982 2981 2978 2978 2977 2974 2969 2969 2972 2971 2970 2971 2970 2970 2968 2970 2969 2968 2967 2966 2962 2960 2962 2956 2952 2961 2958 2958 2960 2960 2958 2962 2970 2975 2977 2976 2967 2963 2962 2972 2980 2984 2985 2985 2986 2987 2987 2987 2988 2990 2990 2991 2991 2991 2991 2992 2992 2993 2993 2993 2994 2994 2994 2994 2994 2994 2995 2995 2994 2994
2927 2934 2944 2955 2967 2968 2966 2971 2975 2976 2977 2982 2980 2978 2973 2971 2976 2970 2969 2970 2969 2970 2972 2971 2967 2967 2965 2967 2969 2968 2967 2966 2966 2965 2964 2959 2955 2950 2948 2951 2949 2952 2962 2970 2974 2974 2974 2974 2964 2962 2964 2973 2979 2982 2983 2983 2985 2986 2986 2986 2988 2989 2988 2989 2990 2990 2991 2991 2992 2993 2993 2993 2993 2994 2994 2994 2994 2994 2994 2995 2995 2994
2920 2925 2938 2958 2969 2970 2970 2974 2977 2979 2982 2984 2981 2974 2970 2969 2972 2974 2973 2969 2966 2965 2968 2966 2966 2963 2961 2965 2967 2969 2968 2966 2965 2963 2959 2954 2951 2947 2951 2951 2948 2950 2958 2966 2970 2969 2971 2972 2964 2967 2973 2974 2977 2981 2980 2982 2983 2984 2984 2985 2987 2988 2987 2987 2989 2989 2990 2991 2992 2992 2992 2993 2993 2993 2994 2994 2994 2994 2994 2994 2994 2994
2923 2924 2937 2955 2967 2971 2972 2972 2977 2980 2984 2984 2980 2973 2967 2969 2969 2968 2968 2966 2964 2961 2957 2957 2958 2956 2962 2966 2965 2967 2964 2968 2966 2965 2962 2953 2951 2945 2952 2956 2953 2956 2954 2962 2961 2960 2968 2969 2964 2958 2962 2967 2974 2978 2978 2980 2982 2983 2982 2983 2985 2987 2986 2988 2987 2987 2988 2989 2991 2991 2992 2992 2993 2993 2993 2993 2993 2994 2994 2994 2994 2994
2938 2935 2946 2960 2968 2970 2970 2971 2975 2978 2982 2981 2975 2971 2970 2971 2970 2969 2966 2965 2964 2964 2961 2953 2950 2956 2962 2961 2961 2967 2967 2967 2968 2966 2962 2960 2957 2956 2956 2955 2955 2957 2960 2962 2958 2951 2958 2963 2962 2952 2952 2958 2968 2973 2975 2978 2981 2981 2981 2982 2985 2985 2986 2987 2986 2987 2988 2990 2990 2991 2991 2991 2992 2992 2992 2993 2993 2993 2993 2993 2992 2992
2944 2953 2957 2961 2961 2962 2963 2967 2971 2976 2980 2980 2974 2972 2968 2968 2969 2967 2968 2965 2964 2963 2959 2951 2948 2954 2959 2949 2957 2964 2967 2963 2966 2966 2958 2956 2954 2954 2952 2953 2951 2949 2954 2955 2956 2950 2948 2955 2956 2947 2942 2952 2963 2969 2972 2975 2978 2978 2980 2982 2983 2984 2986 2985 2985 2986 2988 2989 2989 2991 2990 2991 2992 2992 2992 2992 2993 2993 2993 2993 2991 2992
2937 2951 2952 2954 2954 2957 2960 2960 2962 2970 2974 2976 2979 2975 2968 2967 2966 2964 2964 2963 2961 2959 2958 2954 2953 2957 2957 2952 2958 2964 2965 2964 2965 2963 2961 2954 2954 2951 2949 2951 2949 2947 2945 2946 2951 2946 2938 2947 2950 2939 2938 2950 2956 2960 2960 2968 2974 2976 2979 2981 2982 2985 2984 2984 2984 2985 2987 2988 2989 2990 2990 2991 2991 2991 2991 2992 2992 2992 2993 2993 2993 2993
2933 2946 2946 2948 2948 2954 2959 2961 2964 2971 2969 2976 2980 2971 2969 2971 2968 2964 2962 2962 2962 2957 2952 2951 2951 2949 2952 2951 2955 2962 2960 2961 2962 2958 2954 2950 2951 2944 2939 2948 2947 2945 2942 2941 2940 2939 2928 2931 2933 2936 2940 2948 2949 2953 2953 2964 2972 2974 2977 2979 2983 2983 2982 2982 2984 2986 2987 2988 2988 2989 2990 2990 2990 2991 2991 2992 2992 2992 2992 2992 2993 2993
2927 2940 2940 2942 2946 2952 2958 2964 2966 2968 2971 2976 2976 2972 2969 2968 2965 2965 2964 2964 2963 2961 2954 2952 2950 2946 2950 2954 2956 2959 2954 2953 2961 2956 2949 2940 2940 2937 2938 2943 2944 2940 2939 2941 2938 2931 2922 2912 2916 2931 2941 2951 2958 2962 2965 2967 2969 2974 2977 2979 2981 2980 2980 2982 2984 2985 2986 2987 2987 2988 2988 2989 2990 2990 2991 2991 2991 2992 2992 2992 2992 2993
2921 2931 2941 2951 2951 2953 2959 2966 2973 2973 2973 2976 2975 2969 2969 2967 2964 2966 2966 2965 2964 2960 2951 2948 2942 2940 2943 2942 2946 2947 2948 2944 2957 2956 2952 2943 2944 2942 2942 2945 2947 2942 2942 2939 2938 2926 2910 2903 2911 2934 2946 2953 2957 2960 2963 2966 2969 2973 2972 2976 2980 2978 2978 2978 2981 2984 2985 2986 2986 2987 2987 2987 2989 2990 2990 2990 2991 2991 2991 2992 2992 2992
2929 2939 2948 2953 2955 2959 2963 2969 2974 2978 2980 2980 2977 2976 2975 2970 2964 2967 2966 2965 2963 2961 2960 2955 2943 2937 2938 2938 2939 2939 2941 2948 2949 2940 2949 2948 2952 2955 2953 2951 2954 2947 2940 2941 2942 2931 2921 2910 2912 2931 2943 2948 2950 2956 2958 2962 2966 2972 2975 2976 2977 2977 2975 2976 2980 2982 2982 2983 2984 2984 2985 2986 2988 2989 2990 2990 2990 2991 2991 2991 2992 2992
2923 2934 2940 2950 2957 2961 2968 2973 2976 2979 2980 2976 2975 2975 2971 2967 2967 2967 2966 2965 2963 2961 2959 2946 2941 2937 2936 2935 2934 2936 2937 2938 2943 2935 2935 2936 2944 2954 2959 2955 2957 2951 2946 2951 2946 2942 2936 2928 2925 2925 2933 2928 2941 2952 2957 2960 2967 2971 2971 2975 2976 2974 2972 2974 2977 2978 2977 2977 2976 2979 2983 2984 2986 2988 2989 2989 2990 2990 2991 2991 2991 2992
2914 2923 2936 2945 2958 2965 2968 2973 2976 2978 2980 2981 2978 2976 2971 2970 2968 2967 2966 2965 2962 2960 2957 2948 2943 2936 2937 2936 2934 2937 2937 2935 2936 2928 2926 2935 2945 2947 2957 2959 2960 2957 2954 2954 2951 2950 2945 2943 2937 2924 2916 2922 2936 2939 2945 2950 2958 2964 2969 2971 2974 2974 2966 2966 2965 2969 2969 2967 2966 2975 2980 2980 2983 2987 2987 2988 2989 2990 2990 2991 2991 2992
2921 2928 2940 2946 2955 2966 2973 2975 2978 2980 2981 2977 2978 2975 2973 2970 2968 2966 2965 2964 2961 2957 2958 2955 2946 2939 2935 2935 2934 2937 2939 2933 2929 2923 2922 2935 2949 2957 2960 2961 2961 2961 2959 2956 2955 2953 2949 2947 2942 2925 2920 2923 2923 2932 2934 2937 2947 2955 2965 2961 2970 2973 2961 2949 2946 2953 2949 2952 2960 2971 2974 2977 2983 2986 2986 2983 2987 2989 2989 2990 2991 2991
2926 2932 2945 2952 2960 2969 2972 2974 2975 2981 2982 2976 2973 2976 2973 2969 2968 2968 2960 2960 2960 2960 2956 2950 2940 2938 2933 2937 2935 2934 2940 2934 2933 2937 2937 2941 2944 2949 2954 2961 2962 2961 2954 2948 2948 2947 2946 2949 2950 2937 2929 2931 2928 2929 2936 2937 2939 2946 2957 2959 2966 2970 2966 2948 2942 2942 2940 2945 2955 2967 2974 2979 2983 2984 2984 2983 2987 2988 2987 2990 2991 2991
2935 2941 2949 2958 2965 2968 2971 2974 2977 2981 2979 2974 2968 2970 2974 2969 2970 2968 2964 2963 2963 2960 2953 2942 2936 2934 2933 2941 2946 2944 2943 2938 2944 2945 2950 2950 2951 2956 2956 2960 2964 2963 2962 2957 2954 2944 2943 2951 2951 2945 2939 2932 2935 2937 2937 2939 2941 2943 2950 2957 2957 2962 2968 2956 2945 2944 2942 2947 2958 2969 2976 2980 2983 2984 2985 2987 2988 2987 2988 2989 2990 2990
2943 2952 2959 2963 2965 2969 2973 2976 2980 2981 2977 2970 2965 2960 2967 2971 2969 2968 2966 2966 2965 2962 2955 2943 2937 2941 2942 2938 2947 2942 2943 2947 2948 2945 2954 2959 2959 2963 2962 2960 2964 2966 2964 2962 2958 2953 2954 2955 2950 2949 2938 2934 2933 2939 2938 2939 2941 2941 2944 2948 2950 2960 2959 2961 2955 2957 2958 2964 2969 2975 2977 2980 2984 2985 2986 2987 2987 2987 2987 2988 2989 2990
2943 2953 2963 2966 2967 2969 2971 2976 2979 2977 2977 2974 2971 2965 2965 2968 2968 2968 2967 2965 2959 2949 2942 2934 2932 2932 2939 2947 2951 2948 2952 2949 2940 2944 2954 2960 2962 2963 2963 2961 2963 2966 2966 2962 2963 2958 2960 2959 2955 2953 2941 2932 2939 2941 2940 2942 2942 2939 2943 2946 2950 2957 2952 2958 2955 2963 2967 2968 2969 2971 2975 2979 2982 2983 2984 2985 2986 2985 2987 2988 2989 2989
2938 2956 2963 2966 2970 2972 2973 2975 2978 2973 2975 2976 2973 2969 2967 2965 2965 2964 2960 2957 2954 2944 2933 2926 2928 2931 2937 2944 2951 2955 2954 2949 2941 2949 2960 2961 2963 2966 2966 2961 2961 2965 2967 2965 2965 2961 2961 2962 2960 2956 2945 2937 2941 2943 2943 2945 2943 2940 2942 2944 2948 2948 2952 2953 2955 2959 2962 2961 2958 2966 2969 2975 2978 2982 2982 2983 2984 2985 2986 2987 2988 2988
2947 2958 2960 2966 2970 2972 2968 2970 2976 2973 2971 2971 2973 2973 2971 2966 2960 2958 2958 2954 2948 2937 2925 2922 2924 2932 2941 2948 2953 2958 2957 2954 2951 2958 2964 2965 2964 2964 2967 2962 2961 2965 2967 2966 2966 2963 2964 2964 2960 2958 2952 2946 2942 2945 2946 2943 2943 2943 2942 2943 2945 2949 2951 2949 2947 2954 2953 2950 2949 2957 2964 2969 2973 2980 2980 2981 2982 2983 2985 2986 2987 2987
2958 2961 2963 2967 2971 2971 2969 2971 2974 2972 2971 2968 2967 2970 2967 2964 2963 2959 2955 2954 2942 2929 2929 2926 2922 2932 2943 2952 2955 2957 2960 2956 2956 2960 2963 2964 2966 2965 2968 2964 2961 2965 2967 2966 2965 2960 2959 2963 2962 2956 2948 2945 2943 2943 2948 2942 2942 2943 2943 2943 2943 2947 2947 2948 2946 2946 2948 2948 2951 2952 2958 2967 2977 2974 2971 2979 2980 2983 2984 2984 2986 2985
2961 2964 2966 2969 2971 2969 2968 2970 2969 2970 2968 2961 2965 2961 2956 2958 2961 2958 2957 2952 2941 2928 2930 2931 2927 2932 2944 2954 2958 2960 2962 2962 2960 2959 2959 2961 2963 2967 2969 2967 2966 2968 2965 2959 2959 2957 2953 2961 2961 2955 2948 2950 2951 2948 2946 2942 2940 2942 2944 2943 2943 2944 2943 2944 2945 2946 2942 2944 2950 2950 2959 2965 2971 2970 2970 2971 2975 2981 2982 2983 2984 2983
2964 2967 2968 2969 2970 2970 2970 2969 2964 2965 2965 2963 2963 2957 2953 2957 2960 2956 2953 2945 2928 2928 2933 2932 2926 2925 2942 2954 2959 2961 2962 2960 2965 2965 2965 2965 2966 2966 2969 2969 2970 2965 2956 2955 2956 2952 2952 2958 2959 2955 2954 2952 2945 2942 2942 2940 2939 2941 2942 2942 2943 2940 2942 2939 2942 2943 2939 2942 2945 2944 2946 2958 2966 2959 2967 2961 2970 2976 2978 2978 2980 2978
2966 2967 2968 2968 2970 2970 2968 2966 2965 2964 2965 2965 2963 2953 2950 2948 2954 2957 2949 2935 2930 2932 2934 2931 2918 2920 2935 2947 2955 2962 2958 2957 2959 2960 2961 2964 2964 2965 2967 2969 2967 2960 2953 2956 2959 2951 2950 2953 2958 2957 2956 2948 2945 2942 2938 2936 2939 2940 2941 2941 2942 2942 2938 2935 2939 2938 2936 2937 2940 2941 2946 2959 2959 2958 2965 2961 2962 2967 2971 2973 2975 2975
2960 2965 2965 2965 2967 2968 2967 2966 2967 2966 2965 2963 2961 2956 2950 2944 2949 2955 2947 2938 2928 2933 2935 2929 2921 2926 2936 2949 2957 2959 2958 2955 2955 2958 2959 2961 2961 2963 2965 2965 2962 2962 2962 2960 2958 2954 2952 2955 2956 2958 2956 2950 2943 2942 2938 2931 2937 2939 2940 2939 2939 2938 2935 2929 2930 2929 2928 2929 2933 2937 2937 2948 2952 2960 2954 2954 2950 2955 2962 2965 2970 2972
2959 2963 2960 2965 2967 2970 2970 2969 2969 2969 2966 2962 2953 2943 2943 2943 2944 2946 2935 2934 2929 2933 2935 2926 2928 2934 2942 2953 2956 2958 2954 2952 2954 2956 2958 2959 2960 2962 2966 2962 2960 2965 2962 2963 2960 2957 2952 2954 2955 2960 2956 2947 2945 2943 2936 2936 2937 2938 2939 2939 2936 2933 2933 2927 2925 2923 2919 2918 2926 2930 2931 2931 2944 2957 2951 2949 2947 2950 2956 2961 2964 2967
2961 2964 2966 2966 2969 2969 2969 2970 2969 2968 2962 2952 2947 2945 2946 2946 2945 2942 2927 2924 2931 2934 2937 2934 2937 2945 2949 2953 2955 2956 2951 2951 2956 2956 2957 2959 2960 2963 2964 2967 2968 2965 2963 2962 2959 2956 2955 2954 2954 2958 2956 2953 2951 2947 2946 2942 2939 2936 2938 2937 2936 2934 2929 2928 2927 2924 2917 2913 2922 2925 2922 2925 2941 2949 2947 2943 2947 2950 2954 2957 2960 2962
