Capas/FUTURO/Eje_30s/ASC/bio_10.asc
ncols         993
nrows         433
xllcorner     -105.25566776747
yllcorner     17.599810932142
cellsize      0.0083333333
NODATA_value  -9999
[rows 252 to 287 of 433, columns 656 to 737 of 993]
2854 2846 2835 2838 2841 2844 2848 2853 2858 2866 2873 2876 2881 2884 2886 2891 2893 2895 2894 2895 2894 2895 2898 2902 2905 2906 2906 2902 2898 2900 2903 2906 2905 2906 2904 2901 2898 2896 2897 2899 2900 2897 2895 2898 2900 2899 2897 2890 2882 2875 2872 2863 2857 2858 2857 2859 2862 2867 2872 2871 2879 2880 2886 2884 2883 2882 2888 2888 2887 2886 2885 2886 2884 2884 2883 2882 2882 2880 2880 2881 2884 2884
2857 2850 2844 2843 2847 2845 2856 2858 2858 2864 2875 2878 2881 2884 2887 2890 2894 2895 2894 2894 2894 2897 2900 2903 2905 2905 2905 2903 2896 2898 2903 2904 2904 2903 2902 2900 2895 2893 2895 2898 2899 2896 2894 2894 2896 2898 2897 2889 2878 2877 2875 2868 2863 2860 2860 2866 2863 2866 2873 2878 2882 2884 2886 2881 2885 2888 2889 2884 2882 2886 2885 2884 2882 2881 2883 2882 2879 2874 2872 2876 2882 2886
2859 2855 2854 2853 2855 2853 2856 2863 2868 2872 2876 2880 2882 2884 2887 2888 2893 2895 2895 2895 2897 2898 2902 2904 2904 2902 2903 2897 2891 2890 2895 2900 2900 2900 2900 2898 2894 2892 2895 2898 2899 2897 2894 2897 2897 2896 2897 2894 2888 2883 2870 2874 2871 2865 2868 2874 2874 2878 2877 2880 2885 2886 2887 2883 2884 2888 2890 2889 2888 2887 2886 2884 2881 2879 2882 2881 2876 2872 2868 2875 2881 2885
2863 2860 2861 2860 2861 2862 2862 2864 2867 2870 2876 2876 2881 2885 2887 2890 2893 2894 2893 2895 2898 2899 2900 2903 2901 2893 2895 2894 2892 2892 2894 2898 2896 2897 2900 2898 2895 2893 2896 2899 2899 2897 2895 2898 2896 2896 2896 2895 2890 2885 2879 2881 2880 2876 2875 2879 2885 2883 2883 2886 2886 2890 2890 2888 2888 2891 2892 2888 2885 2887 2889 2887 2885 2885 2885 2882 2879 2876 2875 2878 2882 2885
2870 2868 2868 2867 2863 2864 2868 2864 2867 2870 2873 2879 2877 2886 2889 2892 2894 2894 2892 2894 2898 2902 2903 2901 2894 2886 2880 2888 2899 2899 2898 2896 2894 2894 2897 2898 2897 2897 2898 2900 2899 2897 2897 2896 2894 2894 2895 2897 2896 2891 2886 2880 2877 2876 2876 2876 2884 2886 2886 2890 2890 2893 2894 2892 2893 2894 2893 2887 2879 2881 2889 2889 2888 2889 2889 2885 2882 2881 2879 2880 2882 2884
2875 2876 2870 2865 2865 2864 2873 2868 2866 2871 2879 2885 2885 2886 2889 2894 2896 2897 2893 2893 2897 2902 2904 2902 2895 2882 2879 2887 2898 2903 2903 2897 2894 2895 2902 2902 2900 2902 2902 2902 2902 2900 2898 2896 2894 2893 2893 2896 2897 2895 2890 2880 2876 2868 2875 2881 2889 2891 2885 2891 2899 2897 2897 2896 2896 2896 2894 2887 2879 2876 2887 2891 2892 2893 2892 2890 2886 2885 2885 2884 2881 2880
2883 2877 2873 2870 2869 2867 2877 2872 2870 2870 2882 2889 2893 2886 2888 2895 2900 2900 2895 2894 2895 2898 2904 2904 2902 2895 2887 2888 2899 2906 2906 2904 2899 2899 2904 2903 2904 2904 2905 2905 2904 2901 2899 2896 2891 2892 2894 2894 2895 2897 2893 2883 2877 2869 2867 2880 2892 2893 2884 2887 2897 2899 2899 2894 2892 2896 2896 2891 2888 2887 2891 2893 2896 2897 2896 2894 2892 2891 2889 2887 2885 2885
2888 2883 2882 2876 2872 2873 2882 2877 2871 2870 2877 2885 2894 2897 2899 2899 2903 2898 2896 2895 2895 2896 2904 2905 2906 2905 2902 2902 2905 2904 2906 2907 2902 2902 2907 2907 2908 2908 2907 2906 2906 2904 2902 2898 2894 2896 2896 2896 2897 2897 2890 2880 2866 2861 2876 2884 2888 2887 2889 2887 2890 2900 2902 2900 2898 2899 2900 2897 2893 2894 2897 2899 2900 2901 2901 2899 2898 2897 2895 2893 2890 2889
2890 2890 2886 2881 2880 2878 2890 2886 2881 2884 2890 2891 2898 2903 2903 2903 2905 2898 2896 2896 2896 2898 2905 2905 2907 2910 2910 2910 2909 2907 2908 2905 2904 2906 2908 2908 2908 2907 2906 2902 2907 2906 2905 2902 2900 2900 2898 2899 2902 2900 2894 2883 2869 2862 2873 2876 2881 2883 2886 2892 2892 2897 2906 2906 2905 2904 2905 2903 2899 2901 2904 2904 2905 2906 2907 2906 2905 2905 2903 2901 2898 2896
2892 2895 2892 2886 2891 2886 2893 2896 2893 2895 2898 2898 2903 2905 2907 2904 2909 2904 2900 2899 2903 2906 2906 2901 2902 2906 2910 2914 2914 2913 2913 2911 2909 2903 2904 2908 2907 2911 2909 2908 2910 2910 2910 2908 2906 2905 2903 2903 2904 2902 2894 2886 2879 2875 2872 2882 2895 2897 2888 2894 2900 2901 2912 2913 2912 2911 2910 2908 2907 2909 2910 2910 2911 2914 2915 2913 2913 2914 2914 2911 2908 2907
2895 2897 2898 2895 2897 2894 2894 2902 2899 2899 2903 2904 2909 2910 2911 2909 2912 2912 2905 2904 2905 2910 2907 2905 2906 2912 2912 2915 2917 2918 2916 2915 2916 2908 2911 2914 2915 2916 2912 2913 2913 2914 2915 2913 2911 2910 2908 2908 2907 2904 2899 2894 2884 2878 2874 2882 2890 2903 2902 2904 2910 2911 2916 2919 2919 2918 2917 2915 2915 2916 2917 2917 2920 2923 2924 2923 2923 2926 2928 2925 2923 2926
2899 2899 2902 2901 2902 2900 2899 2906 2905 2905 2907 2911 2915 2914 2914 2914 2914 2915 2910 2914 2913 2913 2910 2913 2917 2921 2916 2917 2917 2919 2920 2921 2916 2916 2916 2917 2923 2924 2916 2917 2917 2917 2918 2917 2915 2914 2913 2912 2910 2908 2903 2895 2892 2891 2889 2895 2903 2909 2917 2917 2918 2918 2923 2926 2927 2926 2925 2923 2923 2924 2926 2929 2930 2933 2935 2936 2937 2941 2942 2940 2940 2939
2901 2902 2904 2905 2906 2907 2907 2908 2910 2911 2912 2914 2916 2917 2917 2917 2918 2918 2918 2919 2918 2918 2916 2919 2923 2924 2922 2921 2917 2919 2923 2925 2921 2921 2919 2921 2931 2931 2926 2924 2922 2921 2921 2921 2920 2916 2916 2915 2912 2909 2905 2904 2901 2904 2902 2910 2915 2916 2920 2926 2925 2921 2927 2933 2934 2935 2933 2931 2930 2931 2935 2938 2942 2944 2945 2947 2950 2952 2952 2951 2949 2945
2904 2905 2907 2908 2909 2911 2911 2909 2913 2913 2917 2916 2918 2920 2920 2919 2920 2920 2922 2920 2920 2919 2918 2926 2927 2926 2927 2926 2923 2923 2929 2925 2926 2922 2921 2929 2935 2935 2936 2933 2929 2924 2923 2924 2924 2923 2921 2919 2916 2913 2911 2910 2910 2915 2913 2919 2926 2922 2924 2927 2933 2931 2935 2939 2942 2944 2942 2940 2938 2939 2943 2946 2950 2952 2953 2955 2958 2960 2959 2957 2954 2953
2906 2909 2910 2909 2911 2913 2914 2913 2915 2915 2920 2921 2921 2921 2923 2922 2923 2923 2925 2923 2922 2919 2921 2927 2931 2929 2931 2927 2927 2928 2935 2934 2927 2921 2922 2929 2937 2938 2938 2937 2932 2925 2927 2928 2928 2924 2922 2920 2918 2917 2916 2915 2917 2919 2924 2925 2930 2929 2926 2933 2937 2940 2941 2944 2949 2951 2951 2950 2948 2948 2951 2952 2955 2959 2960 2962 2964 2964 2964 2962 2959 2959
2909 2909 2912 2913 2913 2914 2917 2917 2919 2918 2921 2923 2925 2924 2925 2925 2925 2926 2928 2930 2931 2925 2931 2932 2934 2935 2934 2933 2931 2929 2937 2937 2929 2923 2926 2938 2941 2941 2938 2937 2928 2924 2932 2931 2926 2926 2922 2921 2921 2920 2919 2918 2919 2923 2929 2935 2934 2938 2932 2937 2941 2945 2949 2950 2954 2956 2957 2957 2957 2957 2957 2957 2960 2965 2967 2968 2970 2968 2968 2967 2964 2960
2912 2912 2913 2915 2915 2916 2917 2921 2922 2923 2923 2924 2927 2927 2927 2928 2927 2929 2931 2933 2935 2935 2936 2932 2937 2938 2938 2937 2934 2934 2938 2937 2928 2930 2935 2945 2945 2943 2938 2935 2927 2926 2936 2938 2927 2928 2925 2921 2924 2924 2922 2921 2920 2927 2931 2940 2943 2940 2938 2940 2944 2948 2953 2957 2959 2961 2961 2961 2962 2964 2964 2964 2967 2969 2970 2972 2974 2974 2973 2972 2968 2965
2915 2915 2916 2916 2916 2916 2918 2919 2923 2925 2926 2927 2929 2930 2929 2930 2930 2931 2932 2935 2937 2936 2939 2938 2939 2940 2940 2940 2939 2939 2939 2936 2935 2936 2946 2950 2949 2947 2946 2943 2928 2920 2924 2941 2941 2938 2928 2924 2924 2928 2924 2925 2935 2943 2944 2941 2949 2942 2944 2947 2949 2953 2956 2960 2963 2965 2965 2965 2966 2968 2969 2970 2972 2972 2972 -9999 -9999 -9999 -9999 -9999 -9999 -9999
2918 2918 2919 2919 2917 2918 2922 2925 2927 2927 2929 2930 2932 2932 2932 2933 2933 2934 2934 2936 2938 2940 2938 2940 2941 2940 2940 2940 2940 2940 2940 2940 2937 2940 2950 2955 2954 2954 2953 2946 2934 2923 2931 2947 2950 2936 2924 2928 2934 2937 2932 2930 2946 2954 2955 2953 2949 2947 2950 2951 2954 2957 2961 2964 2967 2969 2970 2970 2971 2972 2973 -9999 -9999 -9999 -9999 -9999 -9999 -9999 -9999 -9999 -9999 -9999
2920 2921 2922 2923 2919 2920 2922 2924 2925 2931 2932 2932 2934 2934 2935 2935 2935 2936 2937 2938 2942 2938 2938 2939 2936 2939 2941 2941 2941 2940 2936 2936 2931 2942 2955 2960 2960 2958 2948 2943 2938 2933 2942 2954 2954 2943 2933 2938 2943 2938 2933 2932 2948 2954 2957 2954 2953 2953 2954 2957 2959 2961 2965 2968 2970 2972 2973 2974 -9999 -9999 -9999 -9999 -9999 -9999 -9999 -9999 -9999 -9999 -9999 -9999 -9999 -9999
2923 2924 2924 2926 2924 2921 2921 2920 2921 2927 2930 2935 2936 2937 2938 2937 2938 2939 2940 2941 2942 2938 2937 2937 2936 2939 2942 2942 2942 2939 2932 2945 2945 2947 2960 2962 2963 2956 2949 2947 2944 2950 2957 2958 2958 2955 2947 2947 2940 2932 2939 2945 2943 2949 2961 2959 2958 2958 2959 2962 2964 2966 2968 2971 2973 -9999 -9999 -9999 -9999 -9999 -9999 -9999 -9999 -9999 -9999 -9999 -9999 -9999 -9999 -9999 -9999 -9999
-9999 2926 2927 2928 2928 2926 2922 2920 2921 2922 2926 2934 2938 2940 2940 2940 2941 2942 2942 2943 2946 2941 2939 2938 2939 2941 2942 2938 2938 2939 2936 2951 2959 2955 2964 2966 2967 2966 2959 2955 2958 2964 2967 2963 2955 2952 2953 2946 2935 2939 2952 2953 2950 2959 2964 2963 2963 2963 2964 2967 2969 2970 -9999 -9999 -9999 -9999 -9999 -9999 -9999 -9999 -9999 -9999 -9999 -9999 -9999 -9999 -9999 -9999 -9999 -9999 -9999 -9999
-9999 -9999 -9999 2930 2931 2930 2924 2922 2922 2924 2931 2938 2940 2942 2944 2943 2943 2944 2945 2946 2947 2944 2939 2936 2936 2941 2939 2930 2927 2932 2945 2957 2964 2965 2967 2969 2971 2970 2968 2967 2971 2973 2971 2959 2948 2941 2945 2946 2942 2947 2956 2966 2965 2967 2967 2966 2968 2968 2969 2971 -9999 -9999 -9999 -9999 -9999 -9999 -9999 -9999 -9999 -9999 -9999 -9999 -9999 -9999 -9999 -9999 -9999 -9999 -9999 -9999 -9999 -9999
-9999 -9999 -9999 -9999 -9999 2933 2931 2924 2922 2926 2935 2940 2943 2944 2946 2945 2945 2945 2947 2948 2949 2949 2948 2946 2940 2936 2931 2925 2927 2938 2951 2958 2964 2971 2972 2974 2975 2974 2974 2975 2977 -9999 -9999 -9999 -9999 2935 2935 2941 2952 2961 2967 2971 2970 2970 2970 2970 2972 -9999 -9999 -9999 -9999 -9999 -9999 -9999 -9999 -9999 -9999 -9999 -9999 -9999 -9999 -9999 -9999 -9999 -9999 -9999 -9999 -9999 -9999 -9999 -9999 -9999
-9999 -9999 -9999 -9999 -9999 -9999 -9999 -9999 2923 2929 2938 2943 2945 2946 2948 2948 2948 2947 2949 2951 2952 2952 2953 2952 2948 2937 2930 2929 2927 2941 2951 2958 2965 2969 2969 2977 2978 2978 -9999 -9999 -9999 -9999 -9999 -9999 -9999 -9999 2932 2945 2959 2968 2974 2976 2973 2973 2974 -9999 -9999 -9999 -9999 -9999 -9999 -9999 -9999 -9999 -9999 -9999 -9999 -9999 -9999 -9999 -9999 -9999 -9999 -9999 -9999 -9999 -9999 -9999 -9999 -9999 -9999 -9999
-9999 -9999 -9999 -9999 -9999 -9999 -9999 -9999 -9999 -9999 2934 2942 2947 2948 2949 2951 2951 2950 2952 2953 2955 2955 2956 2954 2950 2944 2930 2927 2932 2947 2956 2960 2962 2959 2960 -9999 -9999 -9999 -9999 -9999 -9999 -9999 -9999 -9999 -9999 -9999 -9999 -9999 2964 2972 2979 2980 2977 2975 -9999 -9999 -9999 -9999 -9999 -9999 -9999 -9999 -9999 -9999 -9999 -9999 -9999 -9999 -9999 -9999 -9999 -9999 -9999 -9999 -9999 -9999 -9999 -9999 -9999 -9999 -9999 -9999
-9999 -9999 -9999 -9999 -9999 -9999 -9999 -9999 -9999 -9999 -9999 -9999 -9999 -9999 2951 2952 2954 2954 2955 2956 2956 2958 2958 2958 2955 2947 2937 2930 2938 2946 2950 2953 -9999 -9999 -9999 -9999 -9999 -9999 -9999 -9999 -9999 -9999 -9999 -9999 -9999 -9999 -9999 -9999 -9999 -9999 -9999 2984 2980 2979 -9999 -9999 -9999 -9999 -9999 -9999 -9999 -9999 -9999 -9999 -9999 -9999 -9999 -9999 -9999 -9999 -9999 -9999 -9999 -9999 -9999 -9999 -9999 -9999 -9999 -9999 -9999 -9999
-9999 -9999 -9999 -9999 -9999 -9999 -9999 -9999 -9999 -9999 -9999 -9999 -9999 -9999 -9999 -9999 -9999 -9999 -9999 2958 2958 2961 2960 2961 2959 2954 2945 2939 2945 2950 -9999 -9999 -9999 -9999 -9999 -9999 -9999 -9999 -9999 -9999 -9999 -9999 -9999 -9999 -9999 -9999 -9999 -9999 -9999 -9999 -9999 -9999 -9999 -9999 -9999 -9999 -9999 -9999 -9999 -9999 -9999 -9999 -9999 -9999 -9999 -9999 -9999 -9999 -9999 -9999 -9999 -9999 -9999 -9999 -9999 -9999 -9999 -9999 -9999 -9999 -9999 -9999
-9999 -9999 -9999 -9999 -9999 -9999 -9999 -9999 -9999 -9999 -9999 -9999 -9999 -9999 -9999 -9999 -9999 -9999 -9999 -9999 -9999 -9999 -9999 -9999 2963 2960 2953 2944 -9999 -9999 -9999 -9999 -9999 -9999 -9999 -9999 -9999 -9999 -9999 -9999 -9999 -9999 -9999 -9999 -9999 -9999 -9999 -9999 -9999 -9999 -9999 -9999 -9999 -9999 -9999 -9999 -9999 -9999 -9999 -9999 -9999 -9999 -9999 -9999 -9999 -9999 -9999 -9999 -9999 -9999 -9999 -9999 -9999 -9999 -9999 -9999 -9999 -9999 -9999 -9999 -9999 -9999
-9999 -9999 -9999 -9999 -9999 -9999 -9999 -9999 -9999 -9999 -9999 -9999 -9999 -9999 -9999 -9999 -9999 -9999 -9999 -9999 -9999 -9999 -9999 -9999 -9999 -9999 -9999 -9999 -9999 -9999 -9999 -9999 -9999 -9999 -9999 -9999 -9999 -9999 -9999 -9999 -9999 -9999 -9999 -9999 -9999 -9999 -9999 -9999 -9999 -9999 -9999 -9999 -9999 -9999 -9999 -9999 -9999 -9999 -9999 -9999 -9999 -9999 -9999 -9999 -9999 -9999 -9999 -9999 -9999 -9999 -9999 -9999 -9999 -9999 -9999 -9999 -9999 -9999 -9999 -9999 -9999 -9999
-9999 -9999 -9999 -9999 -9999 -9999 -9999 -9999 -9999 -9999 -9999 -9999 -9999 -9999 -9999 -9999 -9999 -9999 -9999 -9999 -9999 -9999 -9999 -9999 -9999 -9999 -9999 -9999 -9999 -9999 -9999 -9999 -9999 -9999 -9999 -9999 -9999 -9999 -9999 -9999 -9999 -9999 -9999 -9999 -9999 -9999 -9999 -9999 -9999 -9999 -9999 -9999 -9999 -9999 -9999 -9999 -9999 -9999 -9999 -9999 -9999 -9999 -9999 -9999 -9999 -9999 -9999 -9999 -9999 -9999 -9999 -9999 -9999 -9999 -9999 -9999 -9999 -9999 -9999 -9999 -9999 -9999
-9999 -9999 -9999 -9999 -9999 -9999 -9999 -9999 -9999 -9999 -9999 -9999 -9999 -9999 -9999 -9999 -9999 -9999 -9999 -9999 -9999 -9999 -9999 -9999 -9999 -9999 -9999 -9999 -9999 -9999 -9999 -9999 -9999 -9999 -9999 -9999 -9999 -9999 -9999 -9999 -9999 -9999 -9999 -9999 -9999 -9999 -9999 -9999 -9999 -9999 -9999 -9999 -9999 -9999 -9999 -9999 -9999 -9999 -9999 -9999 -9999 -9999 -9999 -9999 -9999 -9999 -9999 -9999 -9999 -9999 -9999 -9999 -9999 -9999 -9999 -9999 -9999 -9999 -9999 -9999 -9999 -9999
-9999 -9999 -9999 -9999 -9999 -9999 -9999 -9999 -9999 -9999 -9999 -9999 -9999 -9999 -9999 -9999 -9999 -9999 -9999 -9999 -9999 -9999 -9999 -9999 -9999 -9999 -9999 -9999 -9999 -9999 -9999 -9999 -9999 -9999 -9999 -9999 -9999 -9999 -9999 -9999 -9999 -9999 -9999 -9999 -9999 -9999 -9999 -9999 -9999 -9999 -9999 -9999 -9999 -9999 -9999 -9999 -9999 -9999 -9999 -9999 -9999 -9999 -9999 -9999 -9999 -9999 -9999 -9999 -9999 -9999 -9999 -9999 -9999 -9999 -9999 -9999 -9999 -9999 -9999 -9999 -9999 -9999
-9999 -9999 -9999 -9999 -9999 -9999 -9999 -9999 -9999 -9999 -9999 -9999 -9999 -9999 -9999 -9999 -9999 -9999 -9999 -9999 -9999 -9999 -9999 -9999 -9999 -9999 -9999 -9999 -9999 -9999 -9999 -9999 -9999 -9999 -9999 -9999 -9999 -9999 -9999 -9999 -9999 -9999 -9999 -9999 -9999 -9999 -9999 -9999 -9999 -9999 -9999 -9999 -9999 -9999 -9999 -9999 -9999 -9999 -9999 -9999 -9999 -9999 -9999 -9999 -9999 -9999 -9999 -9999 -9999 -9999 -9999 -9999 -9999 -9999 -9999 -9999 -9999 -9999 -9999 -9999 -9999 -9999
-9999 -9999 -9999 -9999 -9999 -9999 -9999 -9999 -9999 -9999 -9999 -9999 -9999 -9999 -9999 -9999 -9999 -9999 -9999 -9999 -9999 -9999 -9999 -9999 -9999 -9999 -9999 -9999 -9999 -9999 -9999 -9999 -9999 -9999 -9999 -9999 -9999 -9999 -9999 -9999 -9999 -9999 -9999 -9999 -9999 -9999 -9999 -9999 -9999 -9999 -9999 -9999 -9999 -9999 -9999 -9999 -9999 -9999 -9999 -9999 -9999 -9999 -9999 -9999 -9999 -9999 -9999 -9999 -9999 -9999 -9999 -9999 -9999 -9999 -9999 -9999 -9999 -9999 -9999 -9999 -9999 -9999
-9999 -9999 -9999 -9999 -9999 -9999 -9999 -9999 -9999 -9999 -9999 -9999 -9999 -9999 -9999 -9999 -9999 -9999 -9999 -9999 -9999 -9999 -9999 -9999 -9999 -9999 -9999 -9999 -9999 -9999 -9999 -9999 -9999 -9999 -9999 -9999 -9999 -9999 -9999 -9999 -9999 -9999 -9999 -9999 -9999 -9999 -9999 -9999 -9999 -9999 -9999 -9999 -9999 -9999 -9999 -9999 -9999 -9999 -9999 -9999 -9999 -9999 -9999 -9999 -9999 -9999 -9999 -9999 -9999 -9999 -9999 -9999 -9999 -9999 -9999 -9999 -9999 -9999 -9999 -9999 -9999 -9999
