Capas/PRESENTE/Eje_30s/ASC/bio_17.asc
ncols         993
nrows         433
xllcorner     -105.25566776747
yllcorner     17.599810932142
cellsize      0.0083333333
NODATA_value  -9999
[rows 312 to 350 of 433, columns 880 to 967 of 993]
292 296 300 305 310 315 318 317 317 320 323 330 334 340 346 352 360 367 373 380 382 383 383 380 376 370 362 354 344 331 320 310 301 292 284 277 271 266 261 257 253 249 248 248 251 253 254 256 257 258 260 263 270 275 281 286 293 297 302 307 313 313 318 329 340 350 360 -9999 -9999 -9999 -9999 -9999 -9999 -9999 -9999 -9999 -9999 -9999 -9999 -9999 -9999 -9999 -9999 -9999 -9999 -9999 -9999 -9999
292 296 302 308 312 315 317 318 314 314 317 325 330 335 339 344 351 357 364 370 375 380 382 381 378 375 368 362 352 341 330 321 311 302 293 286 281 274 268 263 257 252 249 248 248 251 251 251 248 247 250 255 261 268 272 277 282 289 296 301 306 307 315 325 336 344 354 -9999 -9999 -9999 -9999 -9999 -9999 -9999 -9999 -9999 -9999 -9999 -9999 -9999 -9999 -9999 -9999 -9999 -9999 -9999 -9999 -9999
293 299 305 308 312 315 315 317 314 313 317 322 325 328 332 335 340 346 354 358 364 370 376 377 377 376 373 367 359 349 339 329 321 311 302 296 290 284 277 270 263 257 252 249 248 248 248 248 244 242 245 247 253 261 266 271 276 282 289 294 297 301 310 319 330 336 346 -9999 -9999 -9999 -9999 -9999 -9999 -9999 -9999 -9999 -9999 -9999 -9999 -9999 -9999 -9999 -9999 -9999 -9999 -9999 -9999 -9999
296 302 305 309 312 313 315 315 314 313 317 319 320 322 325 328 332 335 340 347 352 357 363 370 373 373 371 367 362 354 346 337 330 322 313 305 298 292 284 278 270 263 256 251 248 246 245 243 240 240 240 242 247 256 261 265 270 278 283 286 290 296 306 313 321 327 337 -9999 -9999 -9999 -9999 -9999 -9999 -9999 -9999 -9999 -9999 -9999 -9999 -9999 -9999 -9999 -9999 -9999 -9999 -9999 -9999 -9999
301 304 308 310 312 312 314 314 311 311 313 314 316 317 319 321 322 323 329 334 339 345 350 358 364 367 367 366 360 356 349 343 336 330 322 315 308 300 292 286 278 269 261 254 250 246 243 241 239 239 240 240 244 249 256 260 265 271 277 282 285 290 298 305 313 319 328 -9999 -9999 -9999 -9999 -9999 -9999 -9999 -9999 -9999 -9999 -9999 -9999 -9999 -9999 -9999 -9999 -9999 -9999 -9999 -9999 -9999
301 305 308 309 311 312 312 312 311 310 310 311 311 311 313 314 312 314 320 324 328 333 338 346 352 355 359 358 357 354 351 347 341 336 330 323 316 309 301 295 286 276 267 259 253 249 245 242 240 240 241 241 241 245 250 255 258 264 270 275 279 284 290 296 303 311 317 324 -9999 -9999 -9999 -9999 377 -9999 -9999 -9999 -9999 -9999 -9999 -9999 -9999 -9999 -9999 -9999 -9999 -9999 -9999 -9999
301 304 307 308 309 309 309 309 309 308 308 308 308 305 306 308 308 309 313 315 318 322 326 332 338 343 347 349 350 351 351 348 345 341 336 330 324 317 310 302 292 283 273 266 259 253 248 245 242 242 239 239 239 241 245 249 252 256 262 266 271 276 283 288 296 303 309 314 -9999 -9999 -9999 352 365 379 -9999 -9999 -9999 -9999 -9999 -9999 -9999 -9999 -9999 -9999 -9999 -9999 -9999 -9999
300 304 305 305 306 306 306 305 305 306 305 305 305 305 305 307 307 307 305 307 309 312 317 321 325 330 334 339 342 345 348 349 346 344 341 337 331 325 318 310 301 290 281 273 264 259 253 248 245 242 241 239 239 239 242 245 248 250 253 258 263 268 274 280 286 292 298 305 310 -9999 328 340 353 366 -9999 -9999 -9999 -9999 -9999 -9999 -9999 -9999 -9999 -9999 -9999 -9999 -9999 -9999
298 301 302 302 303 303 302 301 301 302 302 302 302 302 304 305 305 305 301 303 305 306 308 311 316 319 324 328 332 337 340 345 346 346 344 341 337 332 325 317 308 298 288 280 271 265 259 253 249 246 243 241 240 239 240 241 243 245 247 250 254 260 264 270 276 281 287 294 300 308 317 329 341 355 -9999 -9999 -9999 -9999 -9999 -9999 -9999 -9999 -9999 -9999 -9999 -9999 -9999 -9999
294 295 298 299 299 298 298 297 296 298 299 299 299 299 301 302 304 303 301 303 303 303 305 305 306 310 315 318 324 329 334 339 343 346 346 346 342 338 332 324 316 307 297 288 280 272 266 260 255 251 247 244 241 240 240 240 240 241 242 244 245 250 256 261 267 270 276 283 289 297 307 318 331 346 362 -9999 -9999 -9999 -9999 -9999 -9999 -9999 -9999 -9999 -9999 -9999 -9999 -9999
289 292 293 294 294 294 295 295 294 295 296 296 296 296 298 299 301 301 301 300 300 300 301 302 303 303 307 312 315 321 326 333 339 344 348 348 346 343 338 332 324 316 305 297 287 279 272 266 261 257 252 249 244 241 240 238 237 237 237 238 239 242 248 253 257 261 265 270 276 286 298 310 325 339 354 -9999 -9999 -9999 -9999 -9999 -9999 -9999 -9999 -9999 -9999 -9999 -9999 -9999
286 286 288 290 291 291 291 291 292 292 292 292 292 293 294 296 298 298 298 298 297 297 299 299 299 300 304 307 312 317 323 330 336 343 347 349 348 346 341 335 329 321 312 303 294 286 279 273 268 262 258 252 248 244 241 238 237 234 234 232 232 235 240 245 249 253 256 259 266 276 289 302 317 333 346 -9999 -9999 -9999 -9999 -9999 -9999 -9999 -9999 -9999 -9999 -9999 -9999 -9999
280 281 284 286 287 286 287 288 288 287 287 287 288 289 290 291 292 294 293 293 294 294 295 295 296 299 301 305 309 315 323 329 336 342 347 350 350 348 342 335 330 323 315 307 301 292 285 279 273 268 262 257 252 247 243 239 236 233 231 230 229 230 233 238 242 246 249 251 259 268 284 296 311 326 340 -9999 -9999 -9999 -9999 -9999 -9999 -9999 -9999 -9999 -9999 -9999 -9999 -9999
274 277 279 281 283 282 282 283 283 283 283 283 283 284 286 287 288 289 289 287 289 290 291 292 293 296 300 304 309 317 323 330 338 342 347 349 348 347 343 336 330 323 317 312 305 297 289 282 277 272 267 261 255 249 245 240 236 233 230 229 227 227 228 232 236 240 243 246 253 264 276 291 303 317 332 345 -9999 -9999 -9999 -9999 -9999 -9999 -9999 -9999 -9999 -9999 -9999 -9999
269 273 275 278 279 279 279 279 280 280 280 278 280 280 280 282 282 283 283 280 284 285 286 289 290 293 298 302 308 315 323 330 336 341 347 347 347 344 340 335 329 323 319 314 307 299 293 286 282 276 271 265 259 253 248 244 239 236 233 230 227 225 225 228 230 233 236 240 249 260 271 283 295 308 321 335 353 -9999 -9999 -9999 -9999 -9999 -9999 -9999 -9999 -9999 -9999 -9999
265 269 272 274 276 277 276 276 276 276 274 274 274 274 275 276 278 278 278 277 277 280 281 283 286 288 293 299 306 312 320 327 335 340 344 345 344 342 338 334 327 321 317 315 309 302 296 290 285 279 274 268 263 259 253 248 244 241 236 232 228 227 225 225 226 228 230 235 245 254 264 275 285 297 310 324 344 360 379 399 -9999 444 467 493 520 546 574 600
261 264 267 270 272 274 274 273 273 271 271 270 268 268 270 271 272 273 273 274 273 274 275 277 280 283 288 293 300 308 316 324 330 336 339 342 342 339 336 328 325 323 320 316 312 307 301 295 289 284 279 273 268 263 259 255 251 247 241 237 233 229 228 225 225 224 227 233 241 249 258 267 276 286 299 315 332 350 368 390 410 432 456 482 509 536 562 588
256 258 263 266 269 271 271 271 270 270 268 268 265 264 265 265 266 267 269 269 268 267 269 272 274 277 282 288 295 302 309 317 324 330 335 338 339 336 334 328 328 326 323 320 315 309 306 301 296 290 284 279 273 270 265 261 257 252 248 242 237 234 231 228 226 224 225 229 236 243 250 258 266 276 289 305 322 338 358 378 399 421 445 470 498 524 550 574
250 255 258 262 265 268 268 270 268 267 265 265 262 260 259 259 262 262 263 264 264 264 264 266 268 271 275 281 287 294 300 309 316 322 328 333 334 333 331 330 328 328 323 321 317 314 309 306 301 295 291 286 281 276 272 268 264 259 254 248 242 237 234 230 227 225 225 226 231 237 242 248 258 268 281 295 310 327 346 364 386 409 433 458 485 510 536 560
244 249 253 258 261 264 265 267 266 264 262 261 259 256 256 256 256 257 257 258 258 258 258 260 261 265 268 273 279 285 292 300 307 316 322 326 330 330 329 328 329 328 326 324 320 317 313 309 304 300 295 291 286 282 278 273 268 265 259 252 246 241 238 233 230 227 225 225 228 232 235 242 250 261 273 286 299 314 332 352 374 396 421 445 472 496 519 543
240 243 248 253 258 261 262 265 264 261 260 259 256 254 253 253 253 253 253 254 254 253 252 254 255 257 260 265 271 276 283 292 300 309 316 320 324 325 327 328 328 328 328 325 322 318 314 311 307 303 300 295 290 287 282 278 273 269 263 256 250 245 241 236 233 230 226 225 226 228 231 237 245 253 265 278 289 303 319 339 360 381 407 431 456 481 504 526
234 238 243 248 253 257 259 262 262 260 258 256 253 253 250 250 250 250 250 250 250 248 248 249 249 251 254 257 262 269 276 283 292 302 310 316 319 322 324 325 325 325 326 324 321 318 316 313 308 305 302 297 293 289 284 281 276 271 266 260 254 249 244 238 235 232 228 226 226 227 229 234 240 248 258 269 280 291 306 323 343 367 391 417 441 465 488 509
229 233 239 244 249 253 256 259 259 258 256 254 253 250 250 248 247 247 247 247 247 243 242 242 243 246 247 251 256 262 269 277 286 296 304 310 316 319 320 322 321 321 320 319 317 316 313 312 310 307 303 299 295 290 286 281 278 274 269 263 257 252 246 241 237 233 231 228 226 227 229 232 237 244 254 263 273 283 295 311 329 353 376 400 424 448 472 493
224 229 233 239 245 249 253 256 256 256 254 252 250 250 248 247 247 247 247 247 244 240 238 238 238 239 242 245 251 256 263 272 280 289 299 305 310 314 316 316 315 313 312 310 309 308 307 307 307 305 302 299 295 292 287 283 278 274 270 265 260 252 247 244 239 236 233 230 229 228 229 232 236 243 250 258 265 274 285 300 317 339 363 386 410 434 456 479
221 224 230 235 239 245 248 250 253 253 251 251 248 248 247 247 247 247 247 246 244 238 235 234 234 234 235 240 245 251 257 266 275 283 292 300 305 308 308 308 305 302 299 299 298 299 299 299 299 299 298 296 294 292 288 283 279 273 268 265 260 254 249 244 241 238 235 233 231 230 231 232 236 242 249 255 262 269 279 292 307 325 348 371 394 418 441 465
216 221 225 230 235 239 243 246 247 248 248 248 247 245 245 246 246 247 246 246 242 238 233 231 230 229 232 235 240 245 251 261 269 278 286 293 298 299 298 295 292 288 285 284 285 286 288 290 290 292 293 293 292 290 286 283 277 270 265 263 258 255 250 246 242 239 237 234 233 233 232 233 236 241 248 252 258 264 274 285 299 314 333 356 378 404 428 453
213 216 220 225 230 234 237 240 242 243 244 244 242 242 244 245 245 247 246 246 243 238 232 230 227 227 228 230 235 240 246 254 262 272 278 284 287 288 286 281 278 274 270 269 270 272 275 276 279 282 284 286 286 286 283 280 275 267 261 257 255 252 250 247 244 240 237 236 235 233 233 234 237 241 248 251 256 262 271 279 291 306 322 342 363 387 413 441
208 211 216 219 223 228 231 234 236 237 239 239 239 239 239 242 243 245 245 245 243 238 232 229 226 224 225 226 229 234 240 248 255 263 269 274 275 275 273 270 263 258 257 255 255 256 258 261 264 268 271 275 276 278 277 275 271 264 257 252 252 249 247 246 244 242 238 236 235 234 233 235 237 241 246 249 253 259 267 276 286 299 314 332 352 375 400 430
205 207 210 214 218 221 224 226 228 230 231 232 233 233 236 236 239 242 244 244 243 238 232 227 224 224 223 224 226 230 235 240 248 254 260 262 264 263 258 253 249 245 243 241 240 241 242 244 247 251 254 260 264 266 267 267 264 259 252 248 245 244 244 244 242 242 239 236 234 234 233 235 237 241 245 248 252 258 264 272 283 293 308 324 343 366 392 422
200 203 206 209 212 214 217 220 221 223 225 226 226 228 229 232 234 237 239 240 239 236 229 226 224 221 221 221 223 226 230 235 240 246 251 251 251 250 246 240 235 232 229 228 228 228 228 229 231 235 238 243 249 252 253 253 253 250 246 244 241 239 239 239 240 240 238 235 233 233 232 235 237 241 245 247 252 256 263 270 279 289 303 318 336 357 382 413
196 197 198 201 204 207 210 212 214 217 218 219 219 220 222 225 227 230 233 235 235 231 226 223 220 218 218 218 219 223 225 229 234 237 240 243 242 240 238 232 226 221 218 216 216 216 214 214 214 218 223 227 231 235 237 239 240 237 237 237 236 234 232 234 234 235 235 233 231 231 232 233 237 239 243 245 249 256 261 268 276 285 297 313 329 350 374 403
189 189 191 193 196 198 201 204 209 210 212 212 212 212 214 216 219 222 225 228 228 225 221 218 217 215 215 215 217 219 222 225 227 230 232 233 233 232 229 226 219 213 210 207 206 206 204 201 201 204 207 211 214 218 221 222 222 223 224 229 229 230 228 229 229 230 230 230 229 229 230 233 235 239 242 245 249 253 260 265 273 283 293 308 324 343 366 395
183 185 187 188 190 193 196 201 203 205 206 207 207 207 207 208 211 215 218 221 222 219 216 214 214 213 213 214 214 216 219 219 222 223 225 225 225 224 221 218 213 208 205 202 201 200 196 193 193 193 193 195 197 200 203 206 207 210 214 221 223 226 226 226 227 227 228 228 228 229 230 231 235 238 241 245 249 253 259 265 272 280 291 303 318 336 360 387
182 184 185 186 189 192 196 198 199 201 202 202 201 201 201 203 204 207 210 212 214 211 211 211 211 211 213 214 214 215 216 217 218 218 217 216 215 214 213 210 208 205 202 200 198 196 191 188 187 185 185 185 187 189 192 195 199 203 207 213 219 222 223 225 226 227 228 228 228 228 229 232 235 238 241 245 247 252 256 263 268 277 286 298 312 330 352 379
182 185 187 186 187 190 193 195 196 197 197 194 193 194 196 198 198 199 201 204 206 206 206 209 211 212 214 214 214 214 214 214 214 214 211 210 208 208 208 208 208 205 204 201 199 193 190 188 183 182 180 180 182 186 190 193 196 200 204 209 214 220 223 226 226 228 230 229 230 230 231 232 235 239 242 243 247 251 256 260 267 275 283 294 308 324 345 369
181 182 185 187 188 189 192 192 193 194 194 190 187 188 190 193 193 193 193 196 200 203 205 208 208 211 211 214 214 214 213 211 211 211 208 207 206 206 207 210 213 212 209 205 202 196 191 188 185 183 180 180 182 186 193 196 199 201 205 210 216 220 224 227 229 231 233 233 233 232 233 235 237 239 242 243 247 250 254 259 265 272 280 290 303 319 337 361
178 181 183 185 186 188 189 189 189 190 188 186 183 183 185 187 188 188 188 190 194 199 201 203 206 208 211 211 212 212 211 209 209 209 208 206 206 206 210 216 216 217 216 211 206 201 196 192 189 186 183 183 184 189 196 202 205 206 209 214 222 228 229 232 233 235 236 237 236 236 237 238 240 243 243 245 247 250 254 258 263 270 278 288 299 314 330 350
175 178 181 183 184 186 186 186 187 186 184 183 180 179 179 181 182 182 185 187 190 194 198 200 203 205 208 209 210 211 209 206 206 206 206 206 206 209 214 218 221 222 222 215 210 206 202 197 194 191 189 187 189 195 202 208 213 216 216 221 229 232 235 236 238 239 240 240 240 240 240 242 244 246 247 248 249 250 254 258 263 269 276 285 296 309 324 343
172 175 178 181 182 182 183 182 181 181 179 178 175 175 175 175 177 179 182 185 187 190 193 196 199 201 204 206 207 207 206 203 204 206 206 206 209 212 216 221 224 227 226 221 216 212 208 203 200 197 195 192 195 201 208 214 219 222 225 228 235 238 241 244 242 243 243 244 244 245 246 247 248 250 250 251 252 253 256 260 264 269 276 284 294 306 319 335
