Capas/PRESENTE/Eje_30s/ASC/bio_06.asc
ncols         993
nrows         433
xllcorner     -105.25566776747
yllcorner     17.599810932142
cellsize      0.0083333333
NODATA_value  -9999
[rows 72 to 107 of 433, columns 246 to 327 of 993]
2833 2832 2831 2835 2838 2841 2843 2846 2844 2844 2846 2845 2844 2844 2844 2843 2843 2843 2840 2834 2828 2827 2828 2829 2830 2830 2828 2826 2826 2826 2826 2826 2826 2824 2823 2821 2821 2822 2822 2822 2823 2824 2822 2822 2820 2816 2820 2825 2829 2829 2828 2829 2828 2828 2833 2829 2829 2831 2823 2824 2824 2825 2824 2823 2821 2822 2823 2821 2817 2815 2813 2812 2810 2809 2808 2806 2805 2803 2801 2800 2800 2801
2834 2832 2833 2837 2841 2844 2848 2851 2848 2847 2845 2845 2845 2844 2843 2843 2843 2843 2842 2839 2835 2832 2829 2828 2828 2829 2828 2826 2822 2822 2822 2822 2821 2820 2820 2821 2821 2822 2824 2824 2824 2824 2823 2818 2811 2812 2815 2816 2820 2821 2824 2827 2832 2832 2833 2835 2832 2831 2829 2828 2827 2826 2826 2824 2825 2824 2821 2817 2814 2812 2811 2810 2808 2807 2806 2804 2803 2802 2799 2798 2799 2800
2831 2830 2832 2834 2838 2843 2847 2851 2849 2849 2848 2848 2847 2845 2844 2844 2844 2842 2840 2837 2834 2829 2827 2826 2825 2827 2824 2822 2820 2820 2820 2821 2821 2822 2823 2824 2823 2822 2822 2820 2820 2820 2822 2820 2817 2819 2823 2820 2818 2819 2823 2828 2829 2829 2835 2834 2826 2824 2822 2822 2822 2822 2822 2821 2820 2818 2816 2815 2815 2813 2810 2809 2808 2806 2806 2805 2803 2801 2799 2798 2798 2800
2831 2833 2837 2836 2838 2841 2845 2849 2849 2849 2849 2849 2849 2848 2848 2844 2840 2837 2836 2834 2834 2833 2833 2827 2823 2822 2822 2820 2820 2821 2822 2823 2824 2824 2825 2825 2824 2822 2821 2816 2814 2817 2819 2821 2822 2825 2828 2831 2827 2828 2832 2836 2834 2834 2837 2836 2835 2834 2832 2831 2828 2826 2824 2823 2821 2820 2818 2816 2816 2814 2813 2811 2809 2808 2805 2804 2803 2802 2800 2800 2800 2800
2836 2838 2840 2842 2844 2845 2846 2848 2848 2848 2850 2849 2850 2850 2850 2848 2843 2841 2843 2842 2841 2840 2838 2834 2831 2825 2825 2826 2825 2825 2825 2825 2825 2824 2824 2825 2825 2824 2823 2820 2817 2818 2820 2821 2824 2828 2831 2833 2830 2834 2837 2838 2838 2838 2837 2837 2837 2836 2835 2833 2833 2831 2828 2825 2822 2817 2814 2813 2813 2812 2811 2810 2808 2806 2804 2803 2803 2801 2800 2801 2804 2807
2838 2839 2841 2842 2845 2847 2848 2849 2849 2848 2849 2850 2850 2851 2851 2850 2850 2849 2848 2847 2846 2844 2840 2838 2836 2835 2835 2830 2828 2825 2825 2824 2824 2824 2824 2824 2824 2823 2824 2824 2825 2827 2828 2829 2832 2835 2836 2838 2837 2839 2839 2839 2838 2838 2838 2838 2837 2837 2836 2836 2836 2835 2834 2832 2832 2826 2819 2814 2810 2811 2812 2821 2820 2817 2813 2811 2807 2803 2799 2796 2803 2803
2837 2839 2841 2842 2845 2848 2848 2848 2848 2848 2848 2849 2850 2851 2851 2851 2851 2850 2849 2848 2848 2847 2847 2847 2844 2840 2837 2835 2833 2831 2829 2827 2825 2826 2826 2819 2819 2821 2823 2824 2826 2829 2832 2836 2838 2840 2840 2840 2840 2840 2840 2839 2839 2839 2838 2838 2838 2837 2837 2837 2836 2835 2834 2834 2833 2831 2827 2820 2819 2823 2824 2826 2821 2819 2815 2813 2812 2807 2806 2801 2804 2807
2837 2840 2842 2843 2845 2849 2846 2846 2846 2847 2847 2848 2849 2851 2852 2852 2852 2852 2852 2851 2849 2850 2848 2847 2845 2841 2839 2839 2837 2835 2833 2831 2829 2825 2824 2823 2817 2818 2822 2825 2828 2831 2834 2837 2839 2841 2841 2841 2841 2841 2840 2840 2839 2839 2839 2838 2838 2838 2837 2837 2836 2836 2835 2834 2833 2828 2827 2829 2829 2829 2829 2828 2827 2827 2825 2824 2824 2822 2820 2819 2819 2822
2838 2841 2843 2844 2846 2847 2845 2845 2845 2845 2845 2847 2849 2850 2852 2853 2853 2852 2852 2850 2848 2849 2849 2848 2846 2845 2842 2837 2835 2836 2834 2830 2828 2828 2827 2826 2824 2822 2820 2819 2821 2825 2829 2832 2836 2837 2839 2842 2841 2841 2841 2840 2840 2840 2839 2839 2838 2838 2837 2837 2836 2836 2835 2835 2834 2830 2829 2831 2832 2831 2830 2829 2828 2828 2827 2827 2826 2825 2824 2824 2824 2824
2839 2840 2842 2842 2845 2845 2845 2844 2842 2842 2842 2844 2847 2849 2852 2853 2853 2852 2850 2849 2846 2843 2844 2845 2844 2842 2839 2834 2833 2830 2827 2827 2827 2830 2831 2830 2827 2826 2826 2823 2822 2823 2825 2831 2834 2837 2839 2841 2841 2841 2841 2841 2840 2840 2839 2839 2838 2838 2838 2837 2837 2836 2836 2835 2834 2832 2833 2832 2832 2831 2830 2829 2829 2828 2828 2827 2826 2825 2825 2825 2824 2822
2840 2840 2842 2843 2846 2843 2844 2843 2839 2838 2838 2840 2843 2847 2850 2851 2852 2850 2848 2844 2839 2836 2836 2836 2840 2845 2843 2840 2837 2833 2834 2832 2832 2836 2835 2835 2836 2835 2829 2825 2825 2819 2819 2824 2828 2833 2834 2838 2838 2841 2841 2841 2840 2840 2840 2839 2839 2838 2838 2837 2837 2836 2836 2835 2834 2833 2832 2831 2832 2831 2830 2829 2829 2828 2827 2827 2826 2826 2825 2825 2824 2824
2842 2843 2844 2845 2846 2844 2844 2842 2837 2834 2834 2836 2841 2845 2848 2850 2849 2847 2843 2838 2829 2829 2832 2834 2839 2839 2840 2837 2840 2843 2844 2841 2842 2845 2845 2844 2843 2842 2840 2837 2835 2830 2827 2828 2830 2832 2832 2833 2838 2838 2839 2839 2839 2840 2839 2839 2839 2839 2838 2837 2837 2836 2836 2835 2832 2829 2827 2830 2831 2830 2829 2829 2828 2828 2827 2826 2826 2825 2825 2824 2824 2824
2844 2844 2845 2846 2845 2844 2844 2841 2836 2831 2828 2833 2839 2843 2847 2848 2847 2839 2833 2824 2821 2819 2825 2832 2841 2845 2845 2836 2835 2840 2846 2849 2848 2847 2842 2840 2841 2841 2836 2832 2832 2833 2831 2831 2830 2829 2828 2828 2829 2829 2830 2830 2834 2838 2838 2840 2839 2839 2838 2838 2837 2836 2836 2835 2834 2833 2832 2830 2826 2824 2828 2827 2826 2825 2823 2822 2819 2820 2820 2822 2823 2823
2844 2845 2845 2846 2846 2845 2844 2841 2837 2833 2829 2831 2836 2841 2845 2846 2844 2839 2828 2810 2806 2816 2827 2833 2839 2844 2848 2844 2839 2841 2840 2847 2844 2839 2836 2836 2837 2831 2824 2821 2827 2833 2834 2837 2833 2834 2831 2835 2839 2837 2837 2838 2840 2840 2840 2840 2839 2839 2838 2838 2837 2837 2836 2835 2834 2834 2832 2826 2819 2823 2827 2827 2826 2823 2822 2818 2814 2809 2806 2808 2818 2823
2844 2845 2845 2846 2846 2846 2845 2842 2838 2835 2834 2833 2835 2839 2842 2844 2840 2834 2824 2813 2806 2813 2825 2834 2838 2847 2849 2848 2846 2842 2844 2849 2843 2834 2832 2832 2837 2827 2838 2836 2838 2838 2835 2842 2841 2841 2841 2841 2842 2841 2839 2840 2839 2841 2841 2840 2839 2839 2838 2838 2837 2837 2836 2835 2834 2833 2832 2830 2828 2828 2828 2828 2827 2826 2825 2823 2821 2821 2820 2820 2822 2823
2844 2845 2845 2846 2845 2844 2842 2842 2840 2837 2835 2834 2835 2837 2838 2840 2838 2834 2827 2820 2819 2822 2831 2838 2842 2846 2850 2848 2844 2843 2847 2851 2847 2841 2837 2836 2844 2843 2846 2845 2846 2846 2846 2845 2845 2845 2844 2844 2843 2841 2840 2841 2841 2841 2841 2840 2840 2839 2839 2838 2837 2837 2835 2834 2832 2832 2832 2831 2830 2829 2828 2827 2826 2825 2825 2824 2821 2817 2817 2820 2822 2823
2845 2844 2844 2845 2843 2839 2837 2837 2837 2836 2832 2827 2828 2829 2830 2832 2835 2834 2830 2828 2831 2833 2835 2839 2843 2847 2850 2851 2849 2844 2846 2849 2850 2846 2848 2848 2849 2849 2848 2848 2848 2847 2847 2846 2846 2845 2845 2844 2844 2843 2841 2841 2842 2841 2841 2840 2840 2839 2839 2838 2837 2837 2835 2834 2833 2833 2832 2831 2830 2829 2828 2826 2826 2824 2823 2822 2817 2803 2802 2815 2821 2821
2845 2845 2843 2843 2841 2844 2847 2847 2845 2842 2838 2833 2827 2821 2819 2823 2829 2833 2834 2835 2839 2839 2834 2834 2841 2846 2847 2847 2851 2851 2852 2852 2852 2852 2852 2851 2851 2850 2849 2849 2848 2848 2847 2846 2846 2846 2845 2845 2844 2843 2843 2842 2842 2841 2841 2840 2840 2839 2839 2838 2837 2836 2835 2834 2834 2833 2832 2831 2830 2828 2826 2825 2824 2822 2822 2820 2817 2810 2800 2814 2817 2810
2844 2845 2846 2847 2847 2848 2849 2849 2849 2850 2849 2848 2844 2836 2828 2827 2831 2837 2840 2839 2842 2843 2838 2838 2841 2843 2842 2845 2852 2854 2854 2853 2853 2852 2852 2852 2851 2850 2849 2849 2849 2848 2848 2847 2846 2846 2845 2845 2844 2844 2843 2842 2842 2842 2841 2841 2840 2840 2839 2838 2837 2835 2832 2833 2834 2833 2832 2831 2829 2821 2815 2820 2820 2819 2819 2816 2816 2815 2812 2812 2810 2801
2844 2845 2846 2847 2848 2848 2849 2849 2850 2850 2850 2848 2841 2824 2823 2833 2839 2845 2850 2847 2847 2850 2847 2847 2849 2850 2850 2852 2854 2854 2854 2854 2853 2853 2852 2852 2852 2851 2850 2850 2849 2849 2848 2846 2845 2844 2845 2845 2844 2844 2843 2843 2842 2842 2841 2841 2840 2839 2838 2835 2832 2831 2833 2835 2834 2833 2831 2830 2827 2820 2809 2812 2807 2812 2812 2812 2804 2804 2807 2811 2803 2793
2844 2845 2846 2847 2847 2848 2849 2850 2850 2850 2850 2847 2838 2824 2816 2823 2831 2845 2853 2854 2854 2854 2854 2854 2855 2855 2855 2855 2855 2855 2854 2854 2854 2853 2852 2852 2852 2851 2850 2850 2849 2848 2846 2843 2841 2839 2839 2839 2840 2841 2842 2842 2842 2842 2841 2841 2840 2838 2834 2826 2829 2835 2835 2835 2834 2831 2824 2824 2825 2820 2806 2798 2801 2801 2806 2805 2800 2808 2815 2816 2815 2806
2844 2845 2846 2846 2847 2848 2849 2850 2850 2850 2848 2846 2838 2824 2818 2825 2837 2849 2854 2855 2855 2855 2856 2856 2856 2856 2856 2856 2855 2855 2855 2855 2854 2854 2853 2853 2852 2851 2851 2850 2849 2847 2843 2839 2835 2835 2834 2834 2833 2835 2836 2839 2840 2842 2841 2841 2840 2839 2838 2834 2835 2836 2836 2835 2833 2831 2829 2827 2820 2812 2798 2792 2792 2797 2799 2801 2809 2812 2807 2813 2819 2819
2844 2845 2846 2846 2847 2848 2849 2850 2851 2850 2845 2844 2841 2836 2833 2834 2843 2851 2855 2855 2856 2856 2856 2856 2856 2856 2856 2856 2856 2856 2855 2855 2854 2853 2852 2852 2852 2852 2851 2850 2845 2841 2838 2832 2829 2831 2829 2827 2826 2829 2831 2832 2834 2839 2840 2841 2840 2840 2839 2838 2837 2837 2836 2835 2834 2832 2830 2825 2821 2817 2805 2789 2785 2787 2784 2792 2798 2798 2798 2810 2820 2821
2844 2845 2846 2847 2848 2848 2849 2850 2851 2851 2849 2848 2846 2845 2846 2844 2848 2854 2855 2856 2856 2856 2856 2856 2857 2856 2856 2856 2856 2856 2855 2855 2855 2854 2851 2851 2851 2852 2851 2848 2842 2833 2833 2832 2831 2829 2826 2823 2822 2825 2827 2830 2828 2826 2830 2836 2840 2839 2839 2838 2837 2836 2836 2835 2834 2833 2831 2829 2827 2824 2818 2810 2801 2802 2800 2806 2812 2814 2817 2820 2821 2821
2844 2845 2846 2846 2847 2847 2849 2850 2851 2851 2852 2852 2852 2852 2852 2853 2854 2855 2855 2855 2855 2856 2856 2856 2857 2857 2857 2856 2856 2856 2856 2855 2855 2855 2853 2852 2851 2849 2845 2839 2833 2835 2841 2843 2844 2842 2841 2839 2836 2831 2835 2839 2835 2830 2828 2834 2838 2840 2839 2837 2836 2836 2836 2834 2834 2833 2832 2831 2829 2827 2824 2818 2812 2817 2818 2819 2820 2821 2822 2822 2822 2822
2844 2844 2845 2846 2846 2846 2848 2849 2850 2851 2851 2851 2851 2851 2851 2851 2851 2853 2854 2853 2852 2853 2855 2854 2855 2857 2857 2857 2856 2856 2856 2856 2855 2855 2853 2852 2847 2841 2843 2846 2847 2848 2849 2849 2848 2847 2846 2846 2845 2844 2843 2843 2842 2841 2840 2840 2840 2840 2839 2837 2837 2836 2835 2834 2834 2833 2832 2831 2830 2829 2827 2825 2824 2823 2823 2823 2823 2823 2823 2823 2822 2822
2842 2843 2843 2845 2845 2845 2846 2847 2847 2850 2851 2850 2848 2843 2838 2835 2837 2840 2840 2843 2846 2848 2849 2850 2852 2854 2855 2855 2856 2856 2855 2855 2855 2855 2854 2853 2851 2850 2851 2851 2851 2850 2850 2849 2848 2847 2847 2846 2845 2845 2844 2843 2843 2842 2841 2841 2840 2840 2839 2838 2837 2836 2835 2835 2834 2833 2832 2831 2830 2829 2829 2828 2826 2825 2825 2825 2824 2824 2823 2823 2823 2822
2838 2840 2838 2841 2839 2842 2843 2844 2845 2847 2849 2849 2846 2840 2831 2823 2821 2828 2833 2838 2839 2835 2837 2841 2842 2845 2849 2852 2853 2855 2855 2855 2855 2854 2854 2854 2853 2853 2852 2851 2851 2850 2849 2849 2848 2847 2847 2846 2846 2845 2844 2843 2843 2842 2841 2841 2840 2839 2838 2838 2837 2836 2835 2835 2834 2833 2832 2831 2830 2829 2829 2828 2827 2826 2826 2825 2824 2824 2824 2823 2823 2822
2838 2836 2837 2838 2838 2839 2838 2837 2839 2844 2847 2848 2846 2845 2841 2839 2834 2832 2833 2835 2834 2826 2827 2822 2825 2833 2842 2848 2851 2853 2853 2853 2854 2854 2853 2853 2853 2852 2852 2851 2851 2850 2849 2848 2848 2847 2846 2846 2845 2845 2844 2843 2843 2842 2842 2841 2840 2840 2839 2838 2837 2835 2834 2834 2834 2833 2832 2831 2830 2830 2829 2828 2828 2827 2826 2825 2825 2824 2824 2823 2823 2823
2839 2837 2839 2837 2839 2840 2839 2833 2829 2836 2843 2845 2845 2844 2844 2840 2837 2834 2834 2835 2832 2826 2817 2812 2811 2824 2836 2845 2850 2852 2851 2853 2852 2853 2853 2852 2852 2852 2852 2851 2850 2849 2849 2848 2847 2844 2843 2842 2845 2845 2844 2843 2842 2842 2841 2841 2840 2839 2838 2837 2836 2834 2833 2834 2833 2832 2832 2831 2830 2830 2829 2829 2828 2827 2826 2826 2825 2825 2824 2824 2823 2823
2839 2840 2842 2842 2843 2844 2842 2837 2830 2837 2838 2840 2845 2844 2844 2840 2837 2833 2831 2833 2831 2824 2823 2821 2814 2822 2830 2841 2849 2848 2848 2849 2850 2852 2850 2850 2849 2849 2850 2850 2849 2847 2847 2847 2844 2839 2836 2837 2843 2844 2844 2843 2842 2842 2841 2841 2840 2839 2838 2837 2834 2832 2830 2831 2832 2832 2832 2831 2830 2830 2829 2829 2828 2827 2827 2826 2825 2825 2824 2823 2823 2822
2834 2839 2839 2838 2840 2843 2846 2846 2844 2842 2841 2839 2842 2845 2847 2846 2846 2841 2836 2830 2829 2836 2841 2838 2838 2831 2834 2844 2847 2846 2845 2847 2846 2849 2848 2846 2847 2847 2848 2849 2848 2844 2843 2840 2837 2830 2833 2834 2836 2838 2842 2843 2842 2842 2841 2841 2840 2839 2838 2835 2830 2827 2824 2827 2830 2832 2831 2831 2830 2830 2829 2828 2827 2827 2827 2826 2825 2824 2824 2823 2823 2822
2822 2828 2833 2833 2834 2842 2847 2848 2847 2848 2848 2847 2847 2847 2851 2853 2853 2850 2846 2843 2848 2852 2855 2854 2852 2855 2847 2841 2843 2842 2844 2844 2844 2846 2845 2842 2843 2844 2845 2845 2844 2842 2837 2834 2832 2830 2834 2831 2835 2840 2843 2843 2842 2842 2841 2840 2840 2839 2835 2828 2819 2813 2816 2823 2828 2830 2832 2831 2830 2830 2829 2828 2828 2827 2826 2826 2825 2825 2824 2823 2823 2823
2833 2836 2833 2839 2840 2846 2848 2849 2849 2850 2850 2851 2851 2852 2854 2855 2855 2856 2856 2856 2857 2857 2857 2857 2857 2858 2857 2852 2843 2838 2837 2837 2837 2842 2843 2839 2838 2840 2842 2836 2831 2833 2835 2836 2838 2841 2840 2837 2839 2842 2844 2843 2842 2842 2841 2840 2839 2838 2835 2824 2813 2809 2817 2826 2831 2832 2831 2831 2831 2829 2829 2828 2827 2827 2826 2826 2825 2825 2824 2824 2823 2823
2836 2840 2842 2842 2845 2847 2848 2849 2850 2851 2852 2852 2853 2854 2854 2855 2855 2856 2856 2857 2857 2857 2857 2857 2857 2858 2857 2857 2857 2856 2851 2840 2838 2839 2839 2835 2829 2836 2838 2827 2817 2820 2832 2839 2842 2842 2841 2840 2840 2843 2844 2843 2842 2842 2841 2840 2838 2838 2833 2823 2814 2808 2816 2825 2830 2832 2831 2831 2831 2830 2829 2828 2828 2827 2826 2826 2826 2825 2824 2824 2823 2823
2839 2841 2843 2845 2847 2848 2848 2849 2850 2851 2852 2852 2853 2854 2854 2855 2855 2856 2856 2856 2857 2857 2857 2857 2857 2858 2857 2857 2857 2857 2856 2855 2854 2851 2848 2843 2834 2840 2841 2835 2832 2829 2832 2835 2838 2840 2840 2839 2843 2844 2844 2843 2842 2841 2840 2838 2835 2834 2832 2825 2819 2819 2826 2831 2833 2832 2832 2831 2831 2830 2830 2829 2828 2827 2826 2826 2826 2825 2824 2824 2823 2823
