Capas/PRESENTE/Eje_30s/ASC/bio_08.asc
ncols         993
nrows         433
xllcorner     -105.25566776747
yllcorner     17.599810932142
cellsize      0.0083333333
NODATA_value  -9999
[rows 108 to 143 of 433, columns 164 to 245 of 993]
2917 2909 2907 2909 2915 2921 2929 2932 2942 2940 2936 2938 2947 2947 2947 2946 2946 2946 2946 2946 2945 2942 2944 2946 2947 2952 2953 2955 2956 2956 2957 2957 2958 2958 2959 2959 2959 2959 2959 2959 2960 2960 2960 2959 2950 2927 2920 2925 2933 2938 2944 2944 2941 2935 2929 2925 2923 2928 2931 2930 2933 2928 2919 2919 2920 2914 2913 2917 2928 2935 2940 2940 2944 2946 2947 2946 2948 2948 2947 2945 2945 2947
2916 2909 2912 2912 2913 2911 2924 2930 2937 2932 2936 2942 2946 2941 2943 2944 2943 2942 2942 2943 2943 2937 2932 2941 2943 2949 2951 2954 2955 2955 2956 2956 2957 2958 2958 2959 2959 2959 2959 2959 2960 2960 2960 2959 2954 2939 2919 2915 2922 2930 2938 2943 2942 2940 2938 2936 2936 2941 2946 2947 2948 2947 2945 2944 2944 2942 2940 2938 2938 2947 2948 2949 2951 2952 2952 2952 2952 2952 2951 2949 2948 2946
2923 2918 2921 2920 2916 2909 2916 2928 2932 2921 2931 2938 2942 2937 2940 2939 2939 2936 2937 2938 2939 2932 2927 2938 2944 2946 2950 2952 2953 2954 2955 2956 2957 2957 2958 2958 2959 2959 2959 2959 2959 2960 2960 2958 2953 2941 2924 2924 2924 2925 2930 2940 2945 2947 2948 2948 2949 2950 2950 2950 2951 2951 2951 2951 2951 2951 2950 2948 2949 2951 2952 2952 2952 2952 2953 2953 2953 2953 2953 2953 2953 2953
2927 2925 2924 2917 2914 2907 2908 2921 2925 2917 2921 2932 2937 2935 2935 2932 2933 2929 2929 2933 2936 2934 2928 2929 2934 2941 2948 2950 2951 2953 2954 2955 2956 2957 2958 2958 2959 2959 2959 2959 2959 2960 2960 2959 2951 2935 2921 2928 2931 2929 2926 2932 2943 2947 2948 2949 2950 2951 2951 2951 2951 2951 2951 2951 2951 2952 2952 2952 2952 2952 2952 2952 2952 2952 2952 2953 2953 2953 2953 2953 2953 2953
2928 2921 2922 2917 2909 2907 2905 2906 2913 2905 2912 2925 2932 2926 2923 2920 2917 2924 2924 2928 2927 2934 2929 2920 2925 2938 2946 2949 2950 2951 2953 2954 2956 2957 2958 2958 2958 2959 2959 2958 2959 2959 2960 2959 2954 2938 2912 2916 2927 2931 2937 2942 2946 2948 2949 2949 2950 2951 2951 2951 2951 2951 2951 2951 2951 2951 2952 2952 2952 2952 2952 2952 2952 2952 2952 2953 2953 2953 2953 2953 2953 2953
2927 2918 2916 2914 2912 2912 2907 2906 2907 2905 2908 2920 2922 2922 2918 2913 2914 2912 2915 2918 2915 2927 2929 2923 2934 2941 2944 2946 2947 2950 2952 2954 2955 2956 2957 2958 2958 2959 2959 2952 2959 2959 2960 2959 2954 2938 2913 2906 2913 2922 2931 2938 2943 2947 2949 2949 2950 2951 2951 2951 2951 2951 2951 2951 2951 2951 2951 2952 2952 2952 2952 2952 2952 2952 2952 2952 2952 2953 2953 2953 2953 2953
2928 2925 2917 2909 2913 2916 2913 2913 2909 2908 2904 2907 2908 2912 2913 2916 2914 2908 2902 2903 2910 2924 2926 2929 2935 2933 2938 2944 2946 2946 2950 2953 2954 2956 2957 2958 2959 2959 2959 2958 2957 2959 2959 2960 2957 2944 2933 2931 2919 2910 2916 2927 2935 2943 2948 2949 2950 2950 2951 2951 2951 2951 2951 2951 2951 2951 2951 2951 2951 2952 2952 2952 2952 2952 2952 2952 2952 2952 2953 2953 2953 2953
2930 2924 2908 2905 2914 2919 2920 2912 2914 2911 2911 2912 2911 2915 2917 2914 2910 2909 2902 2905 2917 2922 2925 2932 2926 2928 2932 2941 2944 2941 2948 2951 2954 2956 2957 2958 2958 2959 2959 2959 2959 2959 2959 2959 2958 2954 2949 2947 2943 2930 2911 2914 2924 2935 2945 2949 2950 2950 2950 2951 2951 2951 2951 2951 2951 2951 2951 2951 2951 2952 2952 2952 2952 2952 2952 2952 2952 2952 2952 2953 2953 2953
2938 2929 2911 2902 2905 2915 2923 2919 2921 2913 2918 2910 2918 2921 2914 2910 2909 2911 2911 2909 2911 2917 2927 2925 2922 2927 2937 2941 2939 2943 2940 2945 2951 2953 2955 2955 2958 2958 2959 2959 2959 2959 2959 2959 2959 2956 2949 2949 2948 2939 2921 2918 2928 2933 2941 2948 2949 2950 2950 2950 2951 2951 2951 2951 2951 2951 2951 2951 2951 2951 2951 2952 2952 2952 2952 2952 2952 2952 2952 2952 2952 2952
2940 2931 2918 2905 2912 2921 2923 2921 2925 2918 2924 2914 2914 2923 2920 2910 2913 2912 2912 2910 2912 2919 2923 2913 2912 2916 2925 2937 2933 2938 2937 2936 2942 2945 2950 2949 2952 2958 2958 2958 2958 2959 2959 2958 2959 2959 2956 2953 2953 2946 2931 2920 2923 2923 2927 2940 2947 2949 2950 2950 2950 2950 2950 2951 2951 2951 2951 2951 2951 2951 2951 2951 2952 2952 2952 2952 2952 2952 2952 2952 2952 2952
2942 2934 2926 2916 2920 2929 2922 2923 2927 2925 2927 2923 2923 2915 2918 2916 2913 2912 2910 2908 2910 2915 2909 2905 2907 2912 2928 2935 2930 2936 2927 2934 2935 2933 2941 2948 2955 2957 2957 2958 2958 2958 2958 2958 2958 2954 2953 2951 2953 2951 2946 2934 2919 2914 2915 2927 2939 2946 2948 2949 2948 2949 2948 2949 2950 2951 2951 2951 2951 2951 2951 2951 2951 2952 2952 2952 2952 2952 2952 2952 2952 2952
2942 2938 2936 2935 2932 2928 2917 2923 2930 2930 2930 2927 2917 2917 2910 2911 2906 2904 2904 2903 2900 2907 2907 2904 2907 2911 2920 2927 2925 2931 2928 2922 2929 2932 2932 2941 2950 2956 2957 2956 2957 2957 2958 2959 2956 2943 2945 2951 2955 2953 2951 2947 2931 2912 2917 2923 2926 2933 2941 2944 2945 2944 2944 2944 2947 2947 2948 2950 2951 2951 2951 2951 2951 2951 2951 2951 2952 2952 2952 2952 2952 2952
2936 2943 2942 2941 2936 2929 2924 2925 2930 2933 2929 2926 2920 2918 2912 2907 2905 2902 2902 2899 2897 2900 2903 2899 2902 2906 2911 2915 2917 2923 2920 2917 2915 2923 2926 2931 2945 2953 2954 2955 2956 2957 2958 2958 2956 2943 2941 2946 2952 2954 2952 2945 2940 2925 2917 2923 2926 2927 2932 2937 2939 2939 2937 2933 2936 2935 2939 2945 2947 2950 2951 2951 2951 2951 2951 2951 2951 2951 2951 2951 2951 2951
2943 2941 2933 2935 2928 2927 2928 2930 2933 2933 2928 2927 2922 2914 2906 2902 2906 2901 2899 2899 2898 2897 2896 2892 2892 2897 2900 2901 2906 2914 2913 2909 2910 2912 2923 2920 2937 2945 2948 2953 2955 2956 2957 2958 2957 2948 2938 2944 2946 2948 2945 2932 2934 2930 2921 2925 2926 2924 2927 2932 2933 2935 2934 2927 2918 2916 2925 2936 2942 2946 2949 2950 2950 2949 2950 2950 2951 2951 2951 2951 2951 2951
2938 2939 2935 2928 2919 2917 2920 2929 2934 2933 2929 2924 2920 2913 2901 2895 2903 2900 2898 2899 2897 2893 2892 2889 2888 2893 2895 2897 2900 2907 2910 2908 2904 2906 2919 2926 2933 2944 2950 2952 2955 2955 2955 2959 2959 2958 2952 2948 2949 2952 2950 2943 2939 2936 2926 2923 2928 2929 2928 2929 2930 2932 2930 2922 2907 2897 2913 2927 2935 2938 2943 2946 2945 2944 2942 2944 2947 2950 2951 2951 2951 2951
2932 2931 2921 2922 2920 2916 2922 2931 2936 2932 2927 2920 2913 2907 2896 2897 2900 2901 2900 2900 2898 2893 2888 2886 2885 2889 2885 2889 2896 2903 2906 2907 2907 2912 2918 2926 2933 2941 2948 2948 2952 2954 2956 2958 2959 2959 2959 2958 2957 2958 2957 2950 2940 2941 2939 2932 2936 2935 2926 2925 2928 2929 2924 2916 2900 2887 2897 2913 2921 2922 2926 2928 2931 2931 2928 2930 2934 2942 2947 2949 2950 2951
2937 2923 2918 2920 2929 2924 2927 2937 2937 2931 2922 2909 2895 2895 2896 2898 2899 2900 2900 2899 2898 2895 2891 2888 2882 2882 2884 2884 2891 2902 2905 2906 2909 2914 2921 2929 2932 2939 2945 2948 2949 2952 2954 2953 2958 2959 2959 2960 2960 2959 2959 2959 2951 2940 2951 2948 2947 2937 2933 2926 2925 2923 2917 2908 2892 2877 2886 2901 2908 2913 2915 2917 2919 2912 2906 2909 2917 2928 2936 2941 2946 2949
2944 2933 2921 2928 2939 2932 2937 2935 2933 2923 2910 2898 2889 2883 2887 2894 2897 2898 2899 2899 2897 2893 2890 2887 2882 2878 2882 2889 2893 2901 2904 2907 2910 2918 2923 2930 2936 2938 2943 2946 2947 2951 2951 2950 2953 2958 2959 2959 2960 2959 2959 2960 2960 2960 2960 2960 2958 2953 2947 2945 2936 2927 2920 2913 2895 2891 2892 2900 2909 2914 2918 2920 2920 2909 2910 2911 2916 2920 2923 2928 2937 2943
2947 2937 2933 2935 2943 2942 2937 2936 2931 2922 2908 2898 2888 2878 2879 2885 2891 2895 2896 2898 2896 2894 2891 2888 2880 2874 2876 2884 2893 2899 2904 2906 2914 2923 2925 2927 2930 2934 2940 2940 2945 2949 2950 2950 2953 2958 2959 2959 2959 2959 2960 2960 2960 2960 2960 2960 2960 2960 2958 2954 2946 2936 2933 2920 2909 2907 2908 2912 2922 2926 2929 2932 2925 2918 2912 2912 2916 2920 2922 2925 2933 2938
2943 2946 2945 2942 2939 2939 2933 2934 2929 2916 2907 2894 2884 2877 2875 2882 2887 2891 2894 2893 2894 2892 2891 2888 2881 2870 2872 2881 2890 2894 2901 2906 2912 2912 2911 2914 2920 2926 2935 2940 2941 2948 2951 2955 2956 2959 2959 2959 2959 2959 2959 2959 2960 2960 2960 2960 2960 2960 2959 2957 2954 2949 2938 2930 2929 2922 2923 2927 2932 2936 2938 2941 2936 2932 2930 2917 2914 2916 2921 2922 2922 2927
2930 2930 2929 2926 2927 2936 2930 2928 2931 2925 2915 2894 2884 2880 2875 2878 2884 2889 2891 2888 2887 2888 2890 2888 2881 2876 2874 2878 2880 2887 2892 2896 2901 2904 2905 2906 2911 2920 2928 2935 2936 2945 2955 2958 2958 2959 2959 2959 2959 2959 2959 2959 2959 2959 2959 2960 2960 2960 2959 2959 2958 2957 2954 2948 2944 2940 2937 2937 2941 2945 2948 2950 2948 2946 2937 2929 2917 2914 2914 2920 2926 2926
2925 2922 2922 2922 2927 2933 2932 2929 2925 2917 2907 2894 2880 2881 2875 2875 2878 2884 2886 2886 2885 2886 2884 2885 2881 2876 2873 2871 2871 2877 2885 2893 2896 2897 2901 2902 2906 2915 2924 2928 2932 2945 2957 2958 2958 2959 2959 2959 2959 2959 2959 2959 2959 2959 2959 2959 2959 2959 2959 2959 2959 2959 2958 2956 2953 2952 2951 2952 2954 2954 2955 2956 2955 2954 2951 2949 2941 2931 2928 2936 2938 2939
2926 2922 2922 2924 2927 2927 2935 2935 2929 2915 2896 2885 2877 2876 2874 2871 2875 2879 2880 2882 2885 2885 2883 2881 2879 2872 2870 2865 2868 2874 2881 2887 2888 2890 2894 2898 2904 2911 2916 2922 2936 2953 2958 2958 2958 2958 2958 2959 2959 2959 2959 2959 2959 2959 2959 2959 2959 2959 2959 2959 2959 2959 2959 2959 2958 2957 2957 2958 2957 2956 2956 2957 2957 2957 2957 2957 2953 2947 2944 2941 2940 2941
2926 2924 2924 2926 2925 2928 2930 2929 2932 2921 2905 2896 2889 2884 2874 2873 2875 2878 2879 2881 2883 2882 2879 2881 2881 2875 2872 2867 2870 2871 2872 2877 2880 2882 2887 2892 2900 2906 2915 2931 2947 2956 2958 2958 2958 2958 2958 2959 2959 2959 2959 2959 2959 2959 2959 2959 2959 2959 2959 2959 2959 2958 2958 2956 2956 2958 2958 2958 2958 2957 2957 2957 2957 2957 2957 2957 2956 2953 2947 2943 2942 2940
2926 2926 2926 2927 2926 2925 2922 2918 2923 2928 2915 2906 2897 2886 2872 2877 2877 2880 2882 2881 2883 2880 2876 2878 2879 2878 2871 2870 2872 2870 2868 2870 2872 2875 2879 2887 2896 2903 2923 2940 2950 2956 2958 2958 2958 2958 2958 2958 2958 2959 2959 2959 2959 2959 2959 2959 2959 2959 2959 2959 2958 2958 2955 2950 2951 2955 2958 2957 2957 2957 2956 2956 2956 2956 2956 2956 2953 2949 2946 2937 2932 2933
2927 2927 2927 2927 2927 2924 2919 2916 2914 2924 2920 2907 2902 2888 2880 2881 2882 2882 2884 2884 2884 2881 2878 2880 2877 2877 2874 2871 2871 2870 2865 2865 2868 2869 2870 2880 2894 2910 2929 2944 2951 2955 2957 2958 2958 2958 2958 2958 2958 2959 2959 2959 2959 2959 2958 2958 2958 2957 2958 2957 2957 2957 2955 2952 2952 2953 2953 2953 2954 2953 2951 2949 2950 2951 2952 2952 2950 2943 2940 2928 2923 2924
2928 2928 2926 2925 2924 2921 2915 2911 2909 2913 2917 2915 2908 2898 2891 2894 2887 2885 2886 2886 2884 2883 2881 2878 2876 2875 2871 2866 2869 2870 2868 2864 2865 2863 2867 2880 2902 2920 2935 2944 2950 2955 2957 2958 2958 2958 2958 2958 2958 2958 2958 2958 2959 2958 2958 2957 2955 2953 2954 2953 2954 2955 2953 2951 2949 2947 2942 2947 2949 2948 2946 2941 2937 2939 2942 2946 2944 2939 2936 2929 2920 2916
2925 2926 2924 2924 2922 2920 2914 2911 2910 2910 2914 2913 2912 2907 2897 2899 2892 2886 2887 2884 2883 2880 2879 2876 2873 2872 2867 2860 2864 2863 2867 2865 2861 2862 2868 2883 2905 2924 2936 2944 2951 2955 2957 2958 2958 2958 2958 2958 2958 2958 2958 2958 2958 2958 2957 2953 2951 2949 2949 2947 2950 2952 2950 2946 2945 2938 2928 2928 2935 2938 2938 2927 2922 2925 2930 2936 2937 2937 2931 2931 2921 2910
2923 2926 2926 2927 2925 2920 2918 2916 2914 2912 2910 2907 2909 2909 2905 2902 2894 2892 2888 2885 2882 2879 2879 2876 2874 2869 2863 2857 2859 2860 2866 2864 2861 2860 2870 2893 2913 2927 2940 2946 2951 2955 2957 2958 2958 2958 2958 2958 2958 2958 2958 2958 2954 2953 2952 2950 2947 2944 2942 2943 2946 2946 2946 2938 2936 2928 2928 2919 2925 2929 2930 2924 2916 2922 2927 2926 2925 2927 2923 2924 2920 2912
2924 2930 2928 2928 2924 2921 2920 2918 2914 2908 2899 2899 2903 2901 2903 2901 2897 2895 2889 2885 2886 2883 2878 2874 2871 2869 2866 2862 2857 2862 2864 2865 2864 2877 2890 2904 2918 2931 2941 2948 2952 2955 2957 2957 2958 2958 2958 2958 2958 2958 2958 2956 2948 2948 2948 2945 2943 2942 2943 2942 2939 2941 2941 2935 2933 2933 2930 2924 2926 2925 2925 2926 2921 2924 2922 2922 2923 2925 2925 2923 2919 2913
2932 2931 2925 2926 2924 2922 2921 2920 2914 2900 2888 2892 2898 2894 2893 2894 2892 2886 2884 2881 2884 2883 2879 2875 2871 2869 2866 2856 2857 2857 2862 2867 2875 2888 2903 2914 2926 2935 2943 2949 2954 2956 2957 2957 2957 2958 2958 2958 2958 2957 2956 2950 2946 2946 2943 2943 2941 2941 2938 2933 2934 2935 2935 2933 2933 2933 2931 2928 2927 2924 2923 2923 2921 2920 2920 2922 2922 2924 2925 2925 2923 2920
2932 2919 2923 2927 2922 2917 2920 2920 2914 2907 2897 2884 2884 2888 2891 2887 2887 2881 2881 2881 2883 2881 2875 2875 2871 2871 2866 2858 2863 2864 2867 2888 2896 2906 2919 2925 2932 2939 2945 2952 2955 2956 2957 2957 2957 2957 2958 2957 2955 2950 2949 2945 2944 2942 2936 2941 2941 2937 2933 2930 2931 2930 2930 2929 2929 2928 2928 2927 2926 2924 2924 2924 2922 2921 2921 2923 2922 2922 2923 2924 2923 2921
2923 2916 2921 2926 2921 2915 2915 2917 2912 2901 2891 2875 2878 2881 2891 2892 2888 2882 2880 2880 2878 2877 2875 2874 2875 2871 2870 2864 2866 2878 2892 2905 2917 2925 2933 2934 2938 2943 2949 2953 2955 2957 2957 2957 2957 2957 2957 2955 2952 2947 2945 2944 2942 2937 2927 2936 2939 2934 2931 2929 2927 2925 2921 2922 2922 2921 2921 2922 2921 2923 2923 2924 2923 2923 2923 2923 2922 2923 2923 2923 2922 2920
2913 2915 2921 2924 2921 2915 2910 2910 2909 2899 2881 2870 2875 2885 2891 2893 2891 2886 2884 2880 2876 2875 2873 2874 2876 2875 2871 2866 2876 2893 2904 2918 2927 2934 2940 2942 2943 2948 2952 2954 2956 2956 2957 2957 2957 2957 2956 2955 2952 2948 2948 2945 2940 2941 2937 2934 2935 2931 2928 2927 2922 2918 2917 2911 2913 2913 2912 2917 2918 2921 2922 2922 2920 2916 2919 2920 2922 2922 2922 2921 2919 2919
2912 2910 2917 2921 2918 2911 2909 2905 2902 2897 2886 2871 2877 2889 2893 2894 2892 2890 2887 2882 2878 2877 2874 2872 2875 2875 2872 2872 2890 2907 2917 2925 2932 2939 2944 2947 2947 2952 2955 2955 2956 2956 2956 2956 2956 2956 2956 2956 2953 2949 2946 2941 2943 2942 2939 2934 2934 2925 2925 2921 2913 2914 2910 2900 2901 2908 2910 2916 2917 2916 2917 2921 2919 2916 2917 2917 2919 2919 2920 2918 2915 2915
2908 2909 2916 2918 2916 2908 2906 2901 2899 2884 2880 2884 2882 2891 2894 2894 2894 2892 2889 2885 2883 2881 2874 2872 2874 2874 2874 2880 2904 2915 2924 2934 2939 2942 2947 2950 2952 2955 2955 2956 2956 2956 2956 2956 2956 2956 2956 2955 2953 2948 2943 2938 2936 2935 2937 2936 2933 2929 2924 2920 2917 2914 2907 2899 2899 2907 2911 2913 2908 2907 2910 2916 2917 2914 2914 2914 2912 2913 2917 2914 2913 2911
