Capas/PRESENTE/Eje_30s/ASC/bio_18.asc
ncols         993
nrows         433
xllcorner     -105.25566776747
yllcorner     17.599810932142
cellsize      0.0083333333
NODATA_value  -9999
[rows 180 to 215 of 433, columns 902 to 983 of 993]
2901 2861 2813 2753 2687 2563 2471 2415 2392 2395 2417 2463 2554 2647 2756 2867 2964 3034 3083 3112 3117 3113 3105 3105 3111 3134 3165 3201 3235 3262 3277 3281 3275 3269 3268 3272 3283 3302 3327 3356 3385 3413 3437 3458 3474 3484 3491 3497 3507 3525 3553 3588 3629 4849 4913 4973 5025 5069 5108 5146 5182 5223 5274 5333 5405 5476 5534 5564 5571 5566 5561 5553 5519 -9999 -9999 -9999 -9999 -9999 -9999 -9999 -9999 -9999
2857 2807 2747 2690 2612 2499 2422 2377 2359 2364 2385 2425 2492 2577 2678 2778 2867 2939 2989 3014 3018 3013 3006 3004 3014 3038 3070 3107 3142 3172 3189 3196 3195 3189 3188 3192 3201 3219 3242 3270 3295 3320 3342 3366 3386 3402 3414 3425 3439 3460 3487 3521 3559 3602 4801 4856 4903 4944 4980 5016 5054 5101 5160 5228 5306 5384 5451 5497 5520 5528 5519 5492 5511 5546 -9999 -9999 -9999 -9999 -9999 -9999 -9999 -9999
2788 2746 2683 2628 2519 2439 2390 2353 2329 2327 2356 2392 2447 2527 2613 2703 2784 2852 2896 2917 2920 2913 2907 2904 2914 2938 2973 3010 3044 3073 3092 3102 3103 3103 3103 3109 3119 3135 3160 3186 3208 3229 3250 3275 3299 3321 3339 3356 3375 3398 3429 3462 3497 3535 4697 4745 3628 4824 4860 4896 4938 4990 5056 5131 5215 5300 5376 5430 5469 5491 5458 5464 5520 5538 5559 -9999 -9999 -9999 -9999 -9999 -9999 -9999
2697 2632 2571 2503 2439 2402 2380 2353 2320 2306 2325 2378 2421 2486 2561 2642 2713 2772 2809 2825 2824 2815 2807 2803 2813 2838 2872 2908 2939 2967 2988 3000 3006 3011 3015 3025 3037 3056 3080 3103 3125 3144 3164 3190 3217 3244 3268 3290 3315 3344 3376 3409 3442 3473 3501 4644 4681 4715 4750 4788 3681 3736 3804 5049 5138 5224 5303 5371 5424 5454 5436 5442 5500 5516 5534 5549 -9999 -9999 -9999 -9999 -9999 -9999
2602 2525 2469 2426 2393 2385 2390 2378 2339 2312 2311 2354 2410 2458 2522 2591 2651 2699 2729 2738 2733 2720 2711 2708 2717 2740 2771 2804 2834 2861 2880 2895 2905 2917 2927 2940 2957 2978 3002 3025 3044 3064 3085 3111 3140 3171 3199 3228 3259 3292 3325 3360 3390 3416 3440 3462 3483 3507 3536 3572 3617 3675 4885 4974 5065 5153 5236 5307 5366 5409 5424 5413 5443 5479 5490 5506 -9999 -9999 -9999 -9999 -9999 -9999
2500 2446 2417 2395 2385 2390 2411 2397 2385 2347 2333 2351 2411 2446 2492 2548 2596 2633 2654 2655 2646 2632 2621 2620 2627 2648 2676 2707 2733 2757 2776 2791 2805 2820 2838 2856 2877 2901 2926 2949 2969 2989 3011 3039 3069 3103 3136 3169 3203 3240 3276 3310 3337 3359 3378 3397 3418 3442 3472 3511 3559 3621 3695 4902 3849 3921 5165 5236 5296 5345 5375 5397 5404 5423 5432 5448 5468 -9999 -9999 -9999 -9999 -9999
2398 2382 2395 2417 2418 2416 2418 2410 2406 2400 2373 2382 2414 2437 2466 2507 2543 2570 2581 2577 2565 2548 2537 2534 2541 2561 2587 2615 2639 2660 2678 2694 2709 2726 2749 2773 2798 2824 2849 2874 2897 2918 2943 2972 3005 3041 3075 3112 3150 3187 3225 3258 3282 3302 3317 3336 3355 3381 3413 3454 3504 3567 3639 3715 3789 5004 5084 5154 5211 5254 5285 5316 5330 5348 5366 5389 5422 -9999 -9999 -9999 -9999 -9999
2319 2335 2393 2390 2407 2422 2434 2429 2424 2421 2414 2406 2409 2418 2439 2467 2489 2505 2509 2500 2485 2469 2458 2456 2462 2479 2504 2528 2551 2572 2588 2605 2620 2638 2664 2690 2717 2745 2774 2800 2825 2850 2879 2909 2944 2983 3020 3056 3093 3132 3169 3200 3224 3241 3258 3275 3297 3324 3358 3401 3452 3513 3581 3654 3725 3792 3850 3896 5118 5159 5190 5215 5237 5263 5295 5333 5379 -9999 -9999 -9999 -9999 -9999
2253 2309 2353 2366 2393 2418 2437 2440 2437 2426 2415 2400 2392 2388 2397 2413 2425 2431 2431 2421 2405 2392 2382 2380 2387 2403 2425 2449 2471 2490 2506 2523 2540 2558 2582 2611 2640 2668 2697 2726 2756 2786 2815 2848 2885 2925 2961 2998 3034 3071 3107 3136 3159 3179 3196 3216 3240 3269 3304 3349 3400 3459 3524 3591 3658 3720 3777 3823 3858 3885 5098 5123 5154 5190 5233 5285 5341 -9999 -9999 -9999 -9999 -9999
2202 2281 2315 2343 2375 2405 2430 2437 2435 2418 2397 2375 2360 2343 2338 2344 2347 2347 2345 2337 2325 2315 2309 2310 2318 2333 2354 2376 2397 2416 2434 2451 2467 2485 2510 2536 2563 2590 2619 2653 2686 2720 2754 2791 2829 2866 2900 2933 2968 3002 3035 3067 3091 3113 3134 3158 3184 3216 3254 3298 3349 3405 3467 3529 3592 3651 3705 3750 3789 3820 3845 3869 5088 5132 5184 5242 5305 -9999 -9999 -9999 -9999 -9999
2174 2247 2284 2327 2367 2401 2425 2433 2424 2405 2377 2345 2317 2294 2275 2268 2263 2261 2258 2252 2245 2241 2240 2243 2253 2268 2288 2310 2329 2349 2368 2385 2403 2421 2440 2464 2489 2515 2545 2579 2615 2654 2696 2734 2771 2803 2834 2865 2897 2928 2960 2991 3019 3044 3069 3097 3128 3163 3204 3250 3300 3355 3412 3471 3529 3586 3638 3684 3725 3760 3796 4991 5037 5090 5148 5211 5277 -9999 -9999 -9999 -9999 -9999
2176 2222 2271 2320 2366 2403 2425 2428 2415 2386 2343 2303 2271 2243 2215 2198 2186 2180 2176 2174 2171 2171 2175 2182 2193 2208 2228 2247 2267 2287 2304 2322 2340 2358 2377 2397 2420 2445 2473 2508 2549 2592 2632 2668 2703 2734 2763 2792 2820 2852 2883 2915 2946 2975 3005 3038 3074 3113 3155 3203 3253 3305 3359 3416 3470 3525 3577 3624 3666 3709 3753 3794 5000 3879 5122 5186 5250 -9999 -9999 -9999 -9999 -9999
2181 2226 2276 2331 2376 2415 2433 2433 2413 2382 2330 2268 2220 2189 2165 2138 2120 2110 2106 2105 2106 2111 2118 2127 2138 2154 2171 2189 2209 2227 2245 2263 2281 2299 2317 2336 2358 2382 2410 2443 2481 2522 2561 2596 2628 2657 2686 2713 2742 2772 2805 2838 2871 2905 2941 2978 3019 3063 3109 3158 3207 3258 3312 3365 3419 3472 3523 3573 3618 3663 3714 3765 3814 5033 5100 5167 5229 -9999 -9999 -9999 -9999 -9999
2201 2246 2299 2354 2398 2435 2450 2444 2420 2380 2332 2265 2200 2154 2123 2093 2070 2056 2049 2048 2052 2059 2067 2077 2090 2104 2120 2137 2154 2172 2190 2208 2224 2242 2259 2277 2297 2321 2348 2379 2413 2451 2486 2518 2548 2578 2607 2635 2663 2695 2728 2763 2800 2838 2879 2922 2967 3014 3064 3113 3165 3216 3268 3320 3374 3427 3480 3530 3579 3628 3685 3742 3796 3848 5089 5161 5224 -9999 -9999 -9999 -9999 -9999
2240 2282 2332 2385 2428 2460 2469 2460 2427 2383 2327 2267 2193 2136 2091 2059 2034 2017 2008 2006 2009 2016 2025 2034 2046 2059 2073 2089 2105 2122 2139 2156 2172 2190 2205 2222 2242 2265 2290 2318 2349 2384 2417 2446 2475 2504 2533 2562 2593 2624 2659 2696 2736 2777 2821 2868 2918 2969 3020 3072 3125 3177 3228 3280 3332 3388 3442 3496 3548 3606 3666 3729 3786 3843 3897 3952 5239 -9999 -9999 -9999 -9999 -9999
2291 2328 2373 2418 2459 2486 2492 2478 2439 2386 2326 2262 2190 2128 2074 2035 2014 1994 1983 1979 1980 1983 1990 1997 2007 2019 2031 2046 2062 2078 2094 2109 2124 2140 2155 2171 2190 2211 2235 2262 2292 2323 2353 2382 2411 2441 2470 2500 2531 2564 2600 2639 2681 2723 2772 2821 2873 2926 2980 3034 3088 3140 3192 3245 3296 3352 3411 3471 3529 3593 3659 3725 3784 3846 3902 3959 5260 -9999 -9999 -9999 -9999 -9999
2349 2379 2413 2452 2488 2513 2515 2490 2442 2383 2320 2254 2185 2124 2067 2028 2005 1982 1969 1961 1958 1959 1961 1966 1972 1982 1995 2008 2023 2037 2050 2065 2080 2095 2109 2124 2142 2162 2186 2213 2241 2270 2299 2328 2356 2386 2416 2448 2481 2514 2550 2589 2631 2677 2726 2778 2832 2887 2942 2997 3052 3104 3156 3209 3264 3321 3386 3452 3517 3588 3658 3726 3791 3859 3924 3985 4050 -9999 -9999 -9999 -9999 -9999
2405 2429 2455 2484 2515 2534 2529 2496 2444 2380 2312 2243 2177 2122 2073 2032 2000 1976 1961 1951 1943 1939 1937 1937 1940 1949 1958 1970 1983 1998 2011 2024 2037 2053 2067 2083 2102 2123 2147 2172 2199 2228 2255 2284 2312 2342 2372 2404 2436 2470 2506 2547 2590 2637 2687 2739 2795 2850 2907 2962 3017 3070 3119 3170 3231 3293 3365 3440 3512 3588 3661 3735 3808 3879 3950 4022 -9999 -9999 -9999 -9999 -9999 -9999
2454 2470 2490 2511 2532 2542 2530 2493 2436 2369 2299 2227 2163 2112 2064 2026 1995 1972 1955 1942 1930 1921 1914 1910 1911 1916 1925 1933 1945 1959 1972 1985 1998 2013 2029 2046 2068 2092 2117 2144 2170 2197 2223 2249 2276 2304 2332 2365 2397 2433 2469 2509 2553 2601 2651 2705 2761 2817 2873 2928 2983 3035 3084 3136 3200 3270 3348 3431 3508 3589 3670 3750 3829 3907 3986 4066 -9999 -9999 -9999 -9999 -9999 -9999
2493 2502 2515 2527 2538 2538 2520 2477 2417 2349 2279 2210 2148 2095 2050 2014 1986 1965 1942 1924 1913 1905 1893 1886 1884 1886 1893 1901 1912 1922 1935 1947 1960 1975 1994 2016 2040 2068 2097 2124 2150 2174 2198 2221 2244 2271 2299 2329 2361 2396 2433 2474 2517 2566 2618 2672 2729 2786 2841 2894 2948 2998 3050 3107 3169 3248 3334 3423 3507 3592 3684 3770 3856 3945 4032 -9999 -9999 -9999 -9999 -9999 -9999 -9999
2522 2524 2527 2532 2533 2523 2498 2452 2390 2321 2250 2181 2120 2070 2028 1994 1968 1944 1919 1904 1893 1885 1874 1866 1861 1861 1866 1874 1883 1892 1902 1913 1926 1942 1964 1990 2019 2051 2082 2110 2135 2157 2176 2197 2217 2241 2266 2295 2327 2362 2398 2439 2483 2533 2585 2640 2697 2753 2808 2860 2911 2962 3013 3074 3145 3227 3320 3415 3507 3603 3704 3800 3895 3995 4092 -9999 -9999 -9999 -9999 -9999 -9999 -9999
2539 2531 2526 2522 2513 2495 2464 2415 2352 2282 2211 2143 2083 2033 1994 1963 1939 1913 1893 1881 1873 1863 1853 1847 1843 1843 1848 1853 1860 1867 1874 1882 1895 1912 1938 1969 2003 2037 2071 2099 2122 2140 2156 2173 2190 2210 2234 2262 2293 2326 2363 2403 2448 2497 2551 2606 2663 2720 2771 2820 2869 2918 2970 3034 3114 3207 3305 3405 3509 3617 3732 3840 3948 4058 -9999 -9999 -9999 -9999 -9999 -9999 -9999 -9999
2548 2531 2514 2502 2484 2461 2423 2368 2304 2234 2164 2098 2039 1992 1954 1925 1898 1881 1867 1856 1847 1840 1833 1828 1831 1833 1836 1841 1844 1847 1851 1857 1866 1884 1911 1945 1983 2019 2053 2083 2105 2120 2133 2147 2160 2178 2202 2228 2259 2293 2328 2367 2411 2461 2516 2572 2629 2685 2737 2782 2826 2874 2928 2996 3079 3181 3286 3398 3513 3637 3766 3889 4011 4132 -9999 -9999 -9999 -9999 -9999 -9999 -9999 -9999
2556 2529 2502 2473 2447 2422 2375 2318 2251 2171 2103 2038 1983 1944 1914 1884 1863 1850 1840 1830 1823 1818 1812 1813 1824 1830 1833 1835 1835 1834 1833 1833 1839 1854 1881 1914 1948 1988 2027 2057 2079 2092 2103 2115 2130 2148 2170 2198 2230 2260 2294 2332 2377 2424 2479 2535 2593 2650 2701 2749 2794 2843 2899 2969 3055 3158 3269 3394 3527 3663 3806 3943 4075 -9999 -9999 -9999 -9999 -9999 -9999 -9999 -9999 -9999
2565 2529 2489 2447 2411 2372 2321 2258 2192 2110 2047 1991 1943 1906 1876 1853 1837 1827 1817 1807 1800 1798 1797 1809 1827 1831 1835 1836 1831 1825 1817 1812 1812 1823 1845 1877 1909 1949 1988 2019 2030 2055 2067 2081 2094 2113 2143 2173 2203 2234 2265 2301 2343 2386 2442 2499 2559 2617 2668 2716 2763 2813 2876 2948 3034 3132 3248 3386 3543 3703 3855 4003 -9999 -9999 -9999 -9999 -9999 -9999 -9999 -9999 -9999 -9999
2580 2530 2478 2425 2376 2323 2266 2206 2131 2064 2010 1961 1917 1883 1856 1835 1821 1811 1801 1791 1785 1787 1802 1822 1831 1839 1842 1838 1829 1818 1804 1781 1766 1775 1807 1836 1869 1905 1940 1964 1975 1998 2018 2032 2050 2076 2111 2147 2179 2207 2236 2266 2311 2359 2407 2466 2527 2587 2640 2688 2738 2792 2855 2929 3013 3113 3236 3384 3558 3744 3908 4059 -9999 -9999 -9999 -9999 -9999 -9999 -9999 -9999 -9999 -9999
2607 2545 2482 2421 2357 2294 2230 2160 2094 2036 1986 1941 1901 1870 1845 1827 1812 1802 1792 1781 1777 1789 1811 1826 1842 1847 1845 1837 1824 1801 1775 1752 1738 1738 1758 1795 1825 1859 1886 1903 1925 1948 1968 1993 2026 2070 2108 2144 2168 2192 2216 2242 2280 2336 2383 2440 2503 2562 2618 2670 2720 2776 2840 2915 3001 3104 3235 3395 3578 3767 3948 -9999 -9999 -9999 -9999 -9999 -9999 -9999 -9999 -9999 -9999 -9999
2640 2577 2504 2434 2365 2293 2219 2146 2081 2025 1977 1934 1897 1868 1845 1827 1812 1799 1786 1778 1783 1801 1813 1830 1840 1843 1839 1821 1795 1775 1755 1736 1723 1717 1726 1746 1772 1802 1831 1859 1888 1912 1936 1969 2025 2059 2099 2141 2172 2188 2214 2243 2282 2325 2371 2421 2485 2546 2603 2656 2709 2766 2832 2909 2999 3112 3248 3410 3594 3791 3977 -9999 -9999 -9999 -9999 -9999 -9999 -9999 -9999 -9999 -9999 -9999
2669 2606 2537 2464 2385 2308 2228 2155 2088 2032 1983 1941 1907 1878 1855 1835 1818 1802 1790 1787 1799 1806 1819 1826 1834 1834 1817 1800 1785 1769 1751 1733 1720 1711 1714 1726 1746 1771 1801 1833 1860 1886 1916 1969 2013 2052 2097 2144 2180 2196 2224 2256 2284 2320 2362 2407 2466 2532 2590 2647 2702 2762 2831 2913 3014 3132 3271 3432 3615 3813 -9999 -9999 -9999 -9999 -9999 -9999 -9999 -9999 -9999 -9999 -9999 -9999
2681 2625 2559 2489 2413 2335 2252 2176 2109 2051 2001 1960 1926 1897 1873 1851 1830 1811 1799 1808 1810 1820 1823 1825 1827 1814 1805 1799 1787 1771 1755 1738 1724 1717 1716 1724 1739 1761 1787 1816 1842 1869 1906 1959 1999 2046 2098 2146 2187 2209 2237 2260 2286 2314 2355 2400 2446 2515 2574 2633 2695 2760 2834 2924 3031 3157 3302 3466 3648 3838 -9999 -9999 -9999 -9999 -9999 -9999 -9999 -9999 -9999 -9999 -9999 -9999
2664 2623 2570 2506 2439 2365 2286 2208 2138 2079 2029 1987 1950 1920 1895 1871 1851 1831 1815 1818 1818 1822 1823 1824 1813 1811 1811 1807 1797 1782 1766 1751 1739 1731 1730 1734 1743 1761 1783 1807 1832 1857 1891 1949 1990 2039 2091 2141 2185 2216 2240 2261 2285 2314 2343 2386 2436 2498 2556 2617 2682 2756 2841 2940 3060 3194 3346 3515 3698 -9999 -9999 -9999 -9999 -9999 -9999 -9999 -9999 -9999 -9999 -9999 -9999 -9999
2629 2610 2567 2513 2457 2392 2320 2244 2175 2115 2067 2022 1985 1950 1924 1902 1880 1860 1838 1819 1820 1825 1822 1817 1819 1824 1827 1826 1815 1802 1788 1775 1762 1754 1750 1750 1757 1769 1789 1809 1829 1852 1880 1940 1980 2027 2076 2127 2173 2208 2232 2255 2277 2303 2336 2373 2429 2483 2537 2599 2670 2752 2850 2964 3093 3238 3396 3572 3762 -9999 -9999 -9999 -9999 -9999 -9999 -9999 -9999 -9999 -9999 -9999 -9999 -9999
2571 2587 2555 2514 2470 2416 2349 2283 2218 2160 2110 2065 2026 1990 1964 1939 1911 1889 1863 1833 1822 1823 1829 1836 1843 1853 1861 1862 1851 1834 1820 1808 1797 1785 1778 1774 1778 1788 1805 1822 1838 1854 1878 1929 1965 2005 2052 2104 2145 2186 2215 2237 2260 2284 2318 2361 2413 2466 2518 2583 2663 2756 2865 2992 3132 3287 3457 3641 -9999 -9999 -9999 -9999 -9999 -9999 -9999 -9999 -9999 -9999 -9999 -9999 -9999 -9999
2511 2538 2537 2511 2479 2438 2379 2326 2269 2213 2162 2117 2074 2035 2007 1980 1942 1911 1879 1856 1849 1856 1872 1885 1889 1898 1912 1913 1907 1889 1871 1856 1842 1828 1813 1805 1806 1816 1824 1838 1853 1864 1883 1912 1946 1978 2022 2067 2108 2150 2184 2211 2237 2264 2300 2344 2394 2450 2504 2571 2663 2767 2889 3028 3180 3348 3529 3720 3922 4134 4358 4584 4798 4988 5142 -9999 -9999 -9999 -9999 -9999 -9999 -9999
2459 2488 2522 2525 2485 2452 2412 2380 2331 2285 2235 2188 2137 2087 2048 2012 1971 1932 1904 1891 1894 1903 1915 1931 1941 1952 1961 1966 1963 1953 1940 1923 1902 1879 1856 1841 1841 1840 1843 1850 1860 1867 1882 1894 1922 1952 1986 2024 2063 2102 2144 2177 2208 2240 2281 2327 2379 2441 2508 2577 2674 2789 2925 3077 3243 3423 3612 3805 4006 4214 4430 4648 4852 5029 5169 5263 5299 -9999 -9999 -9999 -9999 -9999
2409 2448 2482 2493 2475 2458 2438 2418 2384 2350 2305 2268 2214 2151 2099 2054 2009 1967 1942 1937 1933 1937 1951 1969 1985 1997 2012 2019 2019 2014 2000 1983 1961 1930 1900 1878 1873 1868 1864 1865 1870 1867 1874 1878 1885 1908 1951 1985 2023 2061 2103 2140 2177 2219 2260 2312 2373 2443 2518 2598 2699 2825 2972 3136 3315 3507 3702 3896 4092 4288 4495 4701 4888 5052 5178 5260 7135 7140 7121 7103 -9999 -9999
