Capas/PRESENTE/Eje_30s/ASC/bio_13.asc
ncols         993
nrows         433
xllcorner     -105.25566776747
yllcorner     17.599810932142
cellsize      0.0083333333
NODATA_value  -9999
[rows 180 to 215 of 433, columns 820 to 901 of 993]
-9999 -9999 -9999 -9999 -9999 -9999 -9999 -9999 -9999 -9999 -9999 -9999 -9999 -9999 -9999 -9999 -9999 -9999 -9999 -9999 -9999 -9999 -9999 -9999 -9999 -9999 -9999 -9999 -9999 -9999 -9999 -9999 -9999 -9999 -9999 -9999 -9999 -9999 -9999 -9999 -9999 -9999 -9999 -9999 -9999 -9999 -9999 -9999 -9999 -9999 -9999 1464 1475 1486 1495 1503 1513 1517 1517 1516 1514 1512 1501 1514 1521 1534 1554 1583 1621 1667 1717 1769 1821 1872 1916 1957 1998 2033 2066 2101 2129 2144
-9999 -9999 -9999 -9999 -9999 -9999 -9999 -9999 -9999 -9999 -9999 -9999 -9999 -9999 -9999 -9999 -9999 -9999 -9999 -9999 -9999 -9999 -9999 -9999 -9999 -9999 -9999 -9999 -9999 -9999 -9999 -9999 -9999 -9999 -9999 -9999 -9999 -9999 -9999 -9999 -9999 -9999 -9999 -9999 -9999 -9999 -9999 -9999 -9999 -9999 1446 1459 1467 1474 1482 1485 1490 1492 1489 1486 1480 1475 1454 1449 1465 1472 1486 1510 1543 1585 1632 1684 1738 1791 1839 1884 1929 1973 2015 2051 2073 2084
-9999 -9999 -9999 -9999 -9999 -9999 -9999 -9999 -9999 -9999 -9999 -9999 -9999 -9999 -9999 -9999 -9999 -9999 -9999 -9999 -9999 -9999 -9999 -9999 -9999 -9999 -9999 -9999 -9999 -9999 -9999 -9999 -9999 -9999 -9999 -9999 -9999 -9999 -9999 -9999 -9999 -9999 -9999 -9999 -9999 -9999 -9999 -9999 1406 1423 1436 1450 1457 1463 1467 1467 1468 1467 1462 1455 1448 1438 1415 1399 1402 1411 1419 1437 1463 1500 1544 1594 1649 1703 1754 1805 1856 1904 1951 1992 2014 2019
-9999 -9999 -9999 -9999 -9999 -9999 -9999 -9999 -9999 -9999 -9999 -9999 -9999 -9999 -9999 -9999 -9999 -9999 -9999 -9999 -9999 -9999 -9999 -9999 -9999 -9999 -9999 -9999 -9999 -9999 -9999 -9999 -9999 -9999 -9999 -9999 -9999 -9999 -9999 -9999 -9999 -9999 -9999 -9999 -9999 -9999 1354 1371 1392 1412 1427 1438 1445 1446 1446 1445 1441 1439 1434 1426 1413 1394 1375 1357 1350 1345 1341 1356 1383 1410 1456 1505 1556 1610 1664 1720 1776 1830 1877 1916 1938 1946
-9999 -9999 -9999 -9999 -9999 -9999 -9999 -9999 -9999 -9999 -9999 -9999 -9999 -9999 -9999 -9999 -9999 -9999 -9999 -9999 -9999 -9999 -9999 -9999 -9999 -9999 -9999 -9999 -9999 -9999 -9999 -9999 -9999 -9999 -9999 -9999 -9999 -9999 -9999 -9999 -9999 -9999 -9999 -9999 -9999 1344 1346 1355 1376 1396 1412 1423 1430 1429 1425 1421 1416 1410 1404 1396 1385 1363 1340 1319 1306 1289 1277 1283 1300 1322 1372 1419 1469 1521 1577 1635 1693 1749 1796 1838 1858 1861
-9999 -9999 -9999 -9999 -9999 -9999 -9999 -9999 -9999 -9999 -9999 -9999 -9999 -9999 -9999 -9999 -9999 -9999 -9999 -9999 -9999 -9999 -9999 -9999 -9999 -9999 -9999 -9999 -9999 -9999 -9999 -9999 -9999 -9999 -9999 -9999 -9999 -9999 -9999 -9999 -9999 -9999 -9999 1319 1324 1330 1338 1346 1357 1378 1397 1409 1412 1411 1404 1397 1390 1383 1378 1371 1362 1348 1324 1300 1274 1249 1233 1230 1238 1257 1305 1351 1395 1443 1495 1553 1611 1664 1712 1751 1777 1772
-9999 -9999 -9999 -9999 -9999 -9999 -9999 -9999 -9999 -9999 -9999 -9999 -9999 -9999 -9999 -9999 -9999 -9999 -9999 -9999 -9999 -9999 -9999 -9999 -9999 -9999 -9999 -9999 -9999 -9999 -9999 -9999 -9999 -9999 -9999 -9999 -9999 -9999 1251 1265 1275 1284 1291 1300 1307 1316 1326 1339 1352 1362 1381 1392 1395 1393 1385 1376 1369 1363 1357 1350 1343 1333 1319 1300 1263 1229 1208 1201 1202 1214 1246 1292 1340 1381 1427 1477 1530 1581 1625 1661 1686 1664
-9999 -9999 -9999 -9999 -9999 -9999 -9999 -9999 -9999 -9999 -9999 -9999 -9999 -9999 -9999 -9999 -9999 -9999 -9999 -9999 -9999 -9999 -9999 -9999 -9999 -9999 -9999 -9999 -9999 -9999 -9999 1178 1172 1169 1169 1174 1185 1198 1213 1227 1241 1253 1265 1276 1286 1296 1310 1328 1345 1357 1364 1375 1379 1375 1367 1358 1350 1343 1339 1334 1327 1318 1306 1291 1258 1221 1201 1193 1191 1196 1213 1240 1279 1332 1374 1416 1459 1502 1542 1574 1602 1573
-9999 -9999 -9999 -9999 -9999 -9999 -9999 -9999 -9999 -9999 -9999 -9999 -9999 -9999 -9999 -9999 -9999 -9999 -9999 -9999 -9999 -9999 -9999 -9999 -9999 1164 1169 1169 1168 1159 1148 1137 1130 1126 1127 1133 1144 1157 1172 1189 1206 1221 1236 1249 1262 1277 1294 1315 1334 1348 1354 1358 1362 1359 1350 1341 1332 1326 1321 1317 1312 1306 1296 1275 1245 1222 1215 1214 1209 1207 1216 1230 1248 1281 1327 1370 1404 1436 1467 1495 1511 1491
-9999 -9999 -9999 -9999 -9999 -9999 -9999 -9999 -9999 -9999 -9999 -9999 -9999 -9999 -9999 -9999 -9999 -9999 -9999 1107 1113 1121 1128 1136 1144 1149 1148 1145 1140 1128 1115 1102 1093 1087 1089 1095 1105 1118 1135 1153 1172 1190 1207 1224 1242 1261 1281 1303 1324 1340 1348 1346 1345 1342 1334 1324 1316 1309 1304 1300 1297 1293 1277 1252 1234 1231 1246 1258 1256 1258 1267 1266 1262 1265 1289 1320 1348 1378 1406 1427 1420 1421
-9999 -9999 -9999 -9999 -9999 -9999 -9999 -9999 -9999 -9999 -9999 -9999 -9999 -9999 -9999 1084 1090 1094 1100 1106 1113 1121 1129 1136 1140 1140 1136 1130 1120 1104 1088 1073 1062 1056 1054 1056 1064 1082 1102 1121 1142 1161 1181 1201 1222 1245 1268 1292 1315 1332 1340 1341 1332 1326 1318 1308 1300 1293 1288 1284 1282 1280 1262 1238 1234 1250 1275 1281 1290 1299 1307 1313 1305 1285 1283 1290 1298 1307 1326 1339 1348 1368
-9999 -9999 -9999 -9999 -9999 -9999 -9999 -9999 -9999 -9999 -9999 -9999 1049 1061 1072 1081 1088 1091 1096 1105 1114 1124 1134 1141 1143 1141 1125 1116 1108 1090 1071 1052 1038 1028 1021 1023 1033 1053 1077 1097 1117 1138 1159 1181 1205 1231 1257 1283 1306 1324 1334 1336 1328 1313 1302 1292 1283 1276 1271 1267 1265 1265 1249 1234 1248 1282 1293 1306 1320 1332 1340 1344 1345 1327 1305 1289 1284 1281 1282 1290 1308 1343
-9999 -9999 -9999 -9999 -9999 -9999 -9999 -9999 1050 1046 1042 1044 1054 1063 1071 1079 1084 1085 1092 1101 1113 1126 1141 1148 1150 1147 1137 1122 1105 1083 1061 1040 1019 1007 1003 1006 1017 1038 1061 1080 1101 1122 1144 1167 1193 1221 1249 1276 1299 1317 1328 1330 1324 1309 1290 1271 1264 1258 1253 1250 1250 1245 1229 1238 1277 1295 1313 1331 1347 1361 1369 1371 1368 1361 1338 1314 1301 1288 1274 1275 1294 1338
1063 1067 1072 1077 1081 1083 1083 1079 1073 1067 1063 1060 1062 1066 1072 1075 1078 1082 1088 1096 1109 1128 1145 1154 1158 1157 1147 1132 1108 1083 1057 1031 1010 998 996 1002 1016 1036 1053 1071 1091 1112 1135 1159 1186 1215 1244 1270 1293 1310 1320 1323 1317 1303 1285 1250 1225 1216 1211 1207 1205 1208 1221 1253 1289 1310 1331 1352 1370 1384 1392 1393 1387 1377 1359 1342 1330 1309 1285 1278 1294 1338
1097 1101 1104 1109 1113 1114 1113 1107 1100 1093 1088 1082 1079 1078 1078 1078 1077 1079 1084 1092 1107 1127 1145 1158 1164 1162 1152 1136 1109 1079 1052 1025 1006 997 998 1010 1022 1035 1050 1068 1087 1108 1131 1156 1183 1211 1239 1264 1285 1301 1310 1312 1307 1295 1278 1243 1212 1197 1196 1198 1198 1212 1242 1276 1299 1323 1346 1368 1387 1401 1408 1407 1399 1389 1376 1357 1338 1318 1303 1298 1313 1357
1129 1138 1142 1146 1148 1149 1146 1139 1130 1121 1114 1106 1099 1095 1091 1086 1082 1082 1084 1092 1107 1127 1149 1162 1166 1163 1152 1125 1096 1071 1047 1023 1007 1000 1006 1017 1026 1038 1052 1069 1088 1108 1130 1155 1183 1210 1234 1256 1275 1288 1296 1298 1295 1284 1270 1248 1216 1212 1221 1218 1226 1242 1261 1285 1309 1333 1357 1378 1397 1411 1417 1415 1407 1396 1380 1359 1344 1339 1338 1342 1352 1373
1162 1174 1183 1189 1189 1187 1181 1173 1162 1150 1140 1132 1124 1117 1109 1100 1093 1089 1087 1093 1105 1124 1144 1155 1158 1156 1143 1112 1089 1067 1045 1025 1011 1007 1016 1024 1032 1044 1057 1073 1090 1110 1132 1157 1183 1209 1230 1247 1262 1274 1280 1282 1279 1271 1260 1249 1229 1232 1230 1234 1241 1252 1270 1293 1317 1339 1361 1381 1399 1413 1420 1418 1409 1399 1375 1368 1373 1371 1369 1371 1379 1392
1199 1212 1221 1226 1228 1225 1217 1207 1195 1182 1171 1164 1155 1145 1133 1119 1107 1099 1093 1093 1100 1115 1130 1140 1144 1143 1127 1105 1086 1066 1046 1029 1018 1016 1026 1032 1040 1051 1063 1077 1094 1113 1135 1160 1182 1202 1222 1237 1250 1259 1264 1266 1264 1258 1249 1242 1225 1234 1238 1247 1259 1274 1290 1307 1323 1339 1359 1377 1394 1407 1415 1415 1410 1397 1384 1390 1387 1384 1384 1387 1395 1406
1238 1251 1259 1262 1263 1259 1251 1239 1227 1215 1206 1196 1186 1174 1160 1143 1127 1114 1105 1099 1100 1108 1118 1127 1129 1129 1112 1100 1084 1067 1050 1036 1029 1032 1039 1042 1049 1058 1069 1081 1097 1114 1133 1156 1177 1194 1212 1228 1239 1246 1250 1252 1249 1241 1225 1212 1209 1229 1241 1253 1270 1288 1305 1321 1337 1350 1360 1368 1381 1396 1407 1412 1410 1406 1403 1400 1397 1396 1396 1399 1404 1412
1300 1300 1298 1294 1293 1288 1280 1270 1259 1248 1237 1227 1217 1204 1188 1171 1153 1137 1122 1111 1106 1106 1111 1115 1116 1110 1105 1098 1084 1070 1059 1050 1051 1051 1050 1053 1058 1065 1074 1085 1098 1114 1131 1149 1168 1186 1202 1217 1228 1235 1239 1236 1230 1220 1206 1200 1207 1231 1242 1257 1275 1293 1312 1329 1344 1357 1367 1375 1381 1389 1397 1405 1408 1409 1409 1408 1406 1405 1404 1406 1408 1412
1328 1328 1324 1326 1320 1312 1303 1296 1288 1278 1266 1256 1245 1231 1216 1198 1181 1162 1144 1130 1117 1113 1110 1110 1106 1101 1106 1098 1086 1076 1071 1066 1063 1062 1062 1064 1068 1074 1082 1090 1101 1114 1129 1145 1162 1178 1193 1207 1218 1225 1231 1226 1217 1209 1203 1206 1223 1232 1242 1258 1276 1297 1318 1334 1348 1361 1372 1381 1389 1397 1404 1406 1404 1408 1411 1412 1413 1411 1409 1407 1407 1408
1338 1338 1341 1345 1344 1337 1324 1318 1313 1305 1292 1281 1270 1257 1241 1226 1209 1189 1170 1152 1133 1127 1121 1113 1101 1097 1100 1094 1087 1081 1076 1072 1073 1071 1073 1074 1077 1083 1090 1095 1104 1115 1128 1143 1158 1173 1187 1200 1211 1220 1226 1222 1212 1212 1221 1225 1227 1235 1249 1263 1279 1300 1321 1338 1353 1366 1378 1388 1398 1406 1411 1415 1416 1414 1409 1408 1412 1411 1409 1405 1401 1399
1328 1352 1349 1353 1357 1354 1342 1339 1334 1331 1319 1305 1293 1280 1265 1253 1239 1218 1202 1183 1158 1145 1141 1127 1107 1097 1098 1093 1086 1081 1078 1077 1078 1078 1081 1083 1086 1091 1095 1100 1110 1119 1130 1144 1157 1170 1184 1197 1208 1217 1225 1225 1219 1230 1230 1229 1230 1238 1252 1266 1283 1301 1321 1340 1357 1371 1384 1394 1403 1411 1417 1420 1422 1422 1419 1416 1412 1405 1404 1401 1394 1389
1316 1348 1358 1357 1361 1362 1355 1351 1353 1361 1350 1330 1312 1299 1285 1276 1266 1249 1232 1214 1193 1169 1160 1145 1122 1106 1100 1096 1088 1083 1080 1080 1081 1083 1087 1090 1094 1096 1101 1106 1114 1124 1135 1149 1161 1172 1184 1196 1207 1216 1224 1228 1231 1231 1232 1231 1232 1237 1247 1265 1283 1302 1323 1345 1360 1374 1386 1399 1409 1416 1418 1421 1423 1425 1424 1424 1421 1413 1402 1393 1385 1377
1312 1335 1351 1358 1363 1364 1361 1361 1364 1364 1356 1340 1326 1314 1305 1298 1291 1277 1260 1245 1229 1207 1184 1164 1140 1120 1109 1102 1093 1086 1083 1084 1087 1090 1093 1096 1100 1103 1108 1115 1123 1134 1145 1157 1168 1178 1188 1198 1208 1218 1224 1230 1232 1231 1230 1230 1231 1234 1243 1259 1278 1300 1322 1345 1359 1373 1386 1402 1410 1413 1416 1419 1421 1421 1426 1428 1425 1419 1412 1399 1381 1365
1314 1330 1344 1354 1365 1367 1366 1368 1369 1361 1355 1345 1335 1326 1324 1322 1313 1303 1294 1280 1262 1243 1220 1189 1161 1140 1127 1115 1101 1092 1088 1089 1092 1096 1099 1101 1104 1109 1117 1126 1136 1148 1157 1168 1177 1186 1194 1202 1209 1216 1222 1229 1231 1229 1229 1228 1228 1230 1237 1251 1270 1294 1313 1336 1360 1373 1385 1395 1403 1408 1411 1412 1412 1412 1418 1423 1424 1422 1415 1404 1387 1365
1327 1336 1349 1356 1357 1363 1363 1366 1370 1364 1356 1349 1341 1340 1341 1340 1332 1326 1316 1304 1293 1275 1253 1221 1186 1165 1149 1128 1110 1099 1094 1093 1095 1098 1100 1104 1109 1115 1125 1138 1149 1160 1170 1179 1186 1193 1199 1206 1210 1214 1219 1223 1226 1226 1227 1226 1226 1226 1232 1242 1260 1282 1303 1330 1354 1372 1385 1391 1394 1399 1402 1400 1400 1403 1407 1406 1411 1418 1414 1406 1392 1373
1327 1338 1354 1365 1362 1361 1360 1361 1366 1366 1361 1356 1353 1356 1353 1348 1346 1342 1332 1322 1314 1294 1277 1243 1209 1189 1166 1141 1120 1106 1098 1095 1094 1095 1099 1104 1111 1120 1133 1148 1159 1170 1181 1188 1193 1197 1201 1204 1206 1210 1214 1217 1220 1222 1224 1225 1225 1225 1226 1234 1249 1268 1292 1316 1337 1359 1371 1381 1383 1379 1381 1382 1382 1383 1385 1384 1394 1405 1407 1403 1395 1381
1318 1331 1343 1355 1364 1365 1376 1370 1361 1366 1368 1371 1363 1362 1359 1352 1351 1352 1344 1340 1328 1311 1290 1256 1230 1207 1182 1155 1132 1114 1103 1096 1093 1093 1097 1104 1114 1123 1138 1151 1163 1175 1185 1192 1196 1198 1200 1201 1202 1205 1208 1210 1213 1217 1221 1225 1224 1223 1223 1229 1240 1255 1274 1294 1314 1334 1348 1353 1356 1355 1358 1356 1352 1355 1355 1356 1371 1383 1385 1392 1394 1387
1304 1315 1326 1338 1353 1365 1374 1378 1372 1361 1369 1371 1366 1363 1362 1355 1357 1350 1349 1346 1336 1323 1301 1281 1252 1223 1199 1171 1145 1125 1111 1101 1095 1093 1097 1104 1113 1124 1136 1149 1162 1174 1185 1192 1194 1189 1189 1196 1197 1199 1201 1202 1205 1210 1217 1222 1221 1220 1220 1224 1232 1242 1257 1274 1290 1306 1320 1322 1326 1325 1321 1315 1313 1317 1318 1321 1333 1345 1352 1368 1379 1382
1280 1299 1307 1325 1341 1345 1352 1366 1373 1370 1365 1371 1366 1368 1365 1363 1358 1352 1353 1354 1347 1331 1317 1302 1275 1244 1218 1189 1162 1140 1123 1106 1093 1089 1097 1105 1116 1127 1135 1146 1158 1171 1182 1188 1185 1180 1181 1191 1191 1191 1192 1193 1197 1204 1211 1215 1216 1216 1215 1218 1223 1233 1245 1254 1265 1277 1287 1293 1296 1289 1282 1277 1277 1278 1278 1282 1290 1299 1312 1331 1347 1354
1255 1271 1282 1304 1319 1316 1324 1339 1358 1369 1365 1369 1372 1371 1369 1367 1358 1353 1353 1353 1351 1340 1331 1322 1297 1264 1238 1210 1179 1155 1138 1122 1104 1097 1104 1110 1117 1124 1133 1138 1148 1166 1176 1182 1183 1182 1180 1186 1186 1186 1186 1188 1192 1198 1205 1208 1210 1210 1211 1212 1216 1223 1230 1233 1245 1259 1266 1266 1263 1256 1248 1243 1242 1240 1241 1243 1250 1258 1270 1288 1309 1323
1235 1246 1260 1275 1287 1295 1303 1319 1340 1361 1370 1371 1376 1378 1378 1374 1361 1355 1348 1360 1354 1344 1336 1327 1308 1282 1258 1230 1198 1173 1157 1140 1126 1110 1112 1117 1119 1119 1124 1131 1140 1154 1167 1176 1185 1188 1187 1182 1181 1183 1184 1186 1190 1194 1199 1201 1202 1203 1204 1206 1207 1209 1212 1216 1225 1234 1239 1238 1233 1226 1219 1215 1212 1210 1210 1211 1216 1223 1234 1250 1269 1288
1220 1231 1242 1253 1267 1274 1291 1323 1337 1357 1374 1388 1390 1386 1387 1381 1363 1350 1359 1363 1359 1350 1344 1334 1319 1297 1277 1253 1225 1197 1177 1158 1143 1123 1117 1120 1119 1118 1124 1132 1140 1151 1161 1174 1188 1193 1193 1187 1182 1180 1183 1189 1190 1192 1194 1195 1195 1195 1198 1198 1195 1195 1191 1200 1209 1213 1215 1215 1209 1203 1198 1195 1193 1191 1190 1190 1193 1198 1206 1219 1235 1256
1207 1223 1245 1251 1253 1260 1288 1311 1328 1350 1366 1395 1399 1398 1398 1395 1376 1349 1363 1366 1365 1361 1359 1352 1336 1316 1299 1277 1248 1218 1191 1172 1153 1136 1126 1122 1121 1125 1132 1139 1149 1158 1167 1178 1195 1201 1203 1201 1193 1190 1192 1197 1195 1194 1192 1189 1188 1188 1188 1185 1181 1175 1178 1189 1194 1195 1196 1194 1190 1189 1187 1183 1181 1180 1179 1180 1180 1184 1187 1196 1209 1226
1186 1214 1236 1244 1248 1252 1281 1295 1314 1342 1356 1386 1404 1405 1400 1400 1387 1365 1356 1367 1372 1371 1373 1365 1349 1331 1311 1290 1263 1233 1195 1172 1161 1153 1143 1132 1131 1140 1151 1158 1166 1174 1181 1191 1208 1216 1220 1222 1218 1215 1216 1212 1206 1201 1194 1187 1186 1182 1178 1173 1169 1154 1166 1172 1179 1179 1180 1179 1176 1177 1176 1175 1176 1176 1176 1176 1176 1178 1179 1181 1189 1201
