Capas/PRESENTE/Eje_30s/ASC/bio_04.asc
ncols         993
nrows         433
xllcorner     -105.25566776747
yllcorner     17.599810932142
cellsize      0.0083333333
NODATA_value  -9999
[rows 252 to 287 of 433, columns 902 to 983 of 993]
1760 1727 1700 1657 1621 1620 1582 1538 1538 1524 1533 1548 1586 1594 1537 1514 1509 1523 1508 1509 1496 1480 1471 1453 1453 1471 1471 1486 1499 1491 1491 1491 1491 1491 1490 1510 1533 1513 1529 1523 1546 1551 1567 1636 1676 1669 1674 1690 1711 1749 1842 1808 1863 1947 1982 1963 2006 1942 1893 1823 1791 1818 1768 1790 1783 1776 1789 1794 1807 1847 1838 1816 1813 1820 1841 1821 1852 -9999 -9999 -9999 -9999 -9999
1747 1657 1723 1694 1652 1651 1615 1568 1539 1540 1540 1548 1537 1533 1522 1523 1499 1499 1496 1484 1484 1490 1480 1456 1471 1466 1499 1511 1511 1471 1466 1480 1495 1515 1504 1495 1524 1533 1537 1536 1555 1557 1567 1600 1609 1662 1677 1706 1750 1813 1908 1900 1905 1973 2047 2025 2008 1944 1944 1861 1875 1844 1806 1806 1849 1836 1836 1833 1837 1849 1838 1835 1820 1828 1841 1836 1861 -9999 -9999 -9999 -9999 -9999
1700 1615 1641 1648 1651 1592 1583 1562 1562 1562 1548 1532 1525 1515 1506 1505 1506 1501 1486 1476 1489 1476 1459 1463 1460 1471 1501 1503 1505 1471 1490 1496 1490 1524 1524 1523 1503 1538 1526 1534 1538 1568 1593 1598 1630 1641 1668 1711 1711 1783 1851 1885 1950 1927 1963 1974 2007 1997 1960 1917 1918 1858 1872 1865 1867 1910 1878 1828 1794 1790 1810 1816 1822 1853 1847 1850 -9999 -9999 -9999 -9999 -9999 -9999
1641 1649 1582 1582 1636 1615 1571 1578 1586 1603 1572 1540 1542 1534 1506 1500 1500 1500 1486 1471 1471 1471 1460 1463 1463 1472 1490 1480 1491 1471 1490 1490 1490 1481 1495 1529 1523 1523 1523 1538 1555 1593 1576 1609 1614 1636 1673 1704 1712 1765 1810 1873 1927 2016 2016 2020 2016 2030 1965 2001 1951 1918 1955 1916 1831 1813 1857 1863 1843 1823 1819 1807 1822 1808 1817 1871 -9999 -9999 -9999 -9999 -9999 -9999
1590 1599 1590 1582 1600 1562 1600 1622 1623 1641 1617 1575 1550 1546 1534 1506 1491 1500 1497 1471 1480 1476 1469 1463 1471 1480 1460 1453 1471 1471 1471 1484 1504 1495 1508 1523 1523 1523 1538 1555 1565 1593 1598 1598 1636 1660 1678 1704 1733 1769 1814 1893 1963 2025 2068 2077 2071 2053 2017 2032 2003 1993 1962 1945 1882 1815 1794 1799 1800 1829 1810 1825 1813 1819 1835 1845 -9999 -9999 -9999 -9999 -9999 -9999
1553 1562 1568 1568 1553 1555 1568 1562 1571 1586 1633 1627 1594 1567 1567 1542 1500 1491 1490 1471 1504 1484 1469 1471 1471 1465 1466 1467 1471 1471 1471 1480 1504 1495 1508 1504 1538 1551 1556 1556 1556 1598 1598 1630 1648 1656 1683 1712 1737 1789 1835 1920 1995 2034 2071 2129 2145 2063 2066 2041 2076 2085 2009 1975 1954 1888 1829 1779 1776 1801 1792 1795 1813 1810 1811 1818 -9999 -9999 -9999 -9999 -9999 -9999
1545 1545 1553 1552 1531 1534 1540 1549 1548 1565 1580 1656 1613 1567 1567 1561 1499 1500 1495 1484 1474 1471 1471 1471 1459 1465 1459 1467 1471 1480 1471 1480 1497 1496 1508 1523 1532 1532 1538 1571 1580 1598 1614 1624 1645 1656 1683 1718 1754 1822 1873 1921 1995 2072 2122 2176 2200 2214 2149 2104 2056 1999 1977 1955 1904 1852 1828 1788 1808 1810 1795 1807 1817 1819 1832 -9999 -9999 -9999 -9999 -9999 -9999 -9999
1547 1553 1532 1524 1519 1540 1533 1540 1542 1548 1594 1628 1630 1567 1590 1612 1524 1485 1495 1471 1476 1466 1459 1465 1474 1452 1467 1467 1471 1480 1490 1490 1480 1483 1504 1508 1534 1532 1565 1566 1593 1571 1614 1629 1661 1676 1692 1732 1779 1809 1888 1963 2029 2071 2135 2243 2349 2323 2244 2108 2046 1987 1970 1933 1902 -9999 -9999 -9999 -9999 -9999 -9999 1795 1813 1814 1847 -9999 -9999 -9999 -9999 -9999 -9999 -9999
1544 1534 1531 1519 1520 1509 1531 1516 1527 1543 1551 1612 1635 1606 1575 1622 1587 1509 1507 1466 1471 1471 1459 1466 1465 1458 1471 1466 1489 1489 1489 1496 1496 1508 1504 1528 1534 1538 1549 1557 1575 1586 1607 1636 1641 1674 1693 1746 1780 1822 1923 1991 2039 2114 2235 2357 2471 2401 2268 2172 2091 2022 1986 1954 1887 -9999 -9999 -9999 -9999 -9999 -9999 -9999 -9999 -9999 -9999 -9999 -9999 -9999 -9999 -9999 -9999 -9999
1522 1524 1531 1520 1524 1519 1507 1511 1503 1519 1513 1564 1569 1603 1575 1537 1593 1537 1537 1503 1479 1480 1471 1466 1452 1471 1466 1474 1474 1474 1465 1465 1489 1496 1496 1518 1532 1556 1532 1571 1576 1599 1599 1641 1661 1684 1711 1745 1822 1884 1963 2039 2071 2155 2259 2415 2556 2471 2292 2178 2092 1987 1902 1895 1843 1837 -9999 -9999 -9999 -9999 -9999 -9999 -9999 -9999 -9999 -9999 -9999 -9999 -9999 -9999 -9999 -9999
1524 1528 1509 1515 1509 1515 1506 1509 1485 1491 1494 1513 1529 1592 1569 1537 1592 1612 1579 1535 1472 1474 1472 1465 1467 1471 1474 1452 1468 1477 1496 1496 1496 1484 1513 1496 1528 1538 1553 1564 1571 1629 1618 1641 1656 1692 1727 1769 1843 1939 2025 2093 2122 2157 2281 2343 2384 2361 2214 2143 2036 1939 1874 1799 1843 -9999 -9999 -9999 -9999 -9999 -9999 -9999 -9999 -9999 -9999 -9999 -9999 -9999 -9999 -9999 -9999 -9999
1516 1533 1509 1515 1509 1506 1494 1496 1496 1490 1506 1491 1500 1525 1507 1516 1569 1592 1609 1593 1535 1500 1472 1459 1466 1465 1452 1477 1479 1489 1474 1474 1496 1495 1502 1496 1524 1562 1584 1569 1599 1599 1628 1641 1669 1703 1748 1780 1861 1963 2037 2102 2176 2172 2191 2252 2281 2257 2139 2091 2014 1964 1918 1828 1793 -9999 -9999 -9999 -9999 -9999 -9999 -9999 -9999 -9999 -9999 -9999 -9999 -9999 -9999 -9999 -9999 -9999
1516 1528 1501 1506 1501 1515 1494 1481 1481 1490 1494 1491 1491 1500 1500 1516 1561 1537 1563 1565 1603 1548 1480 1471 1471 1465 1472 1471 1489 1460 1472 1472 1481 1494 1494 1528 1524 1532 1575 1571 1571 1599 1628 1641 1684 1711 1770 1822 1877 1982 2025 2059 2110 2107 2138 2172 2187 2147 2083 2053 2039 1964 1933 1843 -9999 -9999 -9999 -9999 -9999 -9999 -9999 -9999 -9999 -9999 -9999 -9999 -9999 -9999 -9999 -9999 -9999 -9999
1509 1528 1494 1515 1494 1515 1490 1490 1490 1485 1491 1490 1476 1476 1491 1499 1509 1503 1522 1556 1616 1599 1514 1480 1480 1460 1471 1489 1453 1472 1486 1496 1496 1496 1496 1508 1532 1539 1555 1564 1586 1641 1642 1657 1675 1726 1742 1788 1877 1997 2068 2106 2114 2077 2106 2106 2135 2121 2076 2030 2015 1954 1909 1871 -9999 -9999 -9999 -9999 -9999 -9999 -9999 -9999 -9999 -9999 -9999 -9999 -9999 -9999 -9999 -9999 -9999 -9999
1524 1528 1501 1515 1494 1497 1491 1490 1490 1485 1476 1476 1490 1528 1537 1507 1485 1518 1548 1569 1610 1620 1584 1497 1480 1468 1489 1466 1465 1489 1489 1485 1509 1489 1496 1517 1532 1538 1562 1574 1599 1599 1640 1661 1642 1684 1718 1780 1877 2009 2149 2219 2138 2044 2037 2058 2087 2065 2016 1962 1955 1932 1859 -9999 -9999 -9999 -9999 -9999 -9999 -9999 -9999 -9999 -9999 -9999 -9999 -9999 -9999 -9999 -9999 -9999 -9999 -9999
1522 1518 1510 1520 1505 1489 1506 1497 1506 1485 1491 1500 1507 1509 1533 1554 1537 1533 1548 1580 1620 1620 1641 1556 1480 1468 1489 1495 1489 1497 1542 1519 1524 1532 1509 1528 1534 1538 1547 1564 1585 1607 1642 1641 1641 1684 1708 1770 1849 1983 2110 2134 2115 2044 1989 1989 2003 1967 1956 1918 1889 1852 1812 -9999 -9999 -9999 -9999 -9999 -9999 -9999 -9999 -9999 -9999 -9999 -9999 -9999 -9999 -9999 -9999 -9999 -9999 -9999
1506 1518 1506 1509 1506 1485 1490 1494 1483 1485 1483 1522 1509 1506 1561 1621 1621 1603 1588 1592 1642 1616 1620 1584 1503 1497 1513 1504 1500 1497 1524 1504 1514 1528 1532 1556 1540 1564 1537 1562 1581 1592 1622 1629 1629 1665 1686 1727 1798 1877 1963 1999 2016 1955 1927 1908 1918 1901 1896 1865 1822 1822 -9999 -9999 -9999 -9999 -9999 -9999 -9999 -9999 -9999 -9999 -9999 -9999 -9999 -9999 -9999 -9999 -9999 -9999 -9999 -9999
1520 1524 1506 1510 1501 1509 1498 1485 1494 1492 1481 1506 1476 1485 1524 1516 1533 1603 1593 1582 1594 1599 1556 1612 1556 1497 1532 1514 1497 1515 1496 1515 1528 1540 1551 1560 1564 1562 1557 1561 1607 1636 1629 1607 1613 1642 1676 1709 1763 1849 1893 1873 1894 1863 1870 1861 1825 1844 1848 1815 1770 -9999 -9999 -9999 -9999 -9999 -9999 -9999 -9999 -9999 -9999 -9999 -9999 -9999 -9999 -9999 -9999 -9999 -9999 -9999 -9999 -9999
1518 1513 1518 1520 1506 1485 1494 1507 1485 1481 1482 1490 1476 1479 1500 1500 1537 1518 1504 1569 1593 1582 1535 1588 1550 1532 1520 1520 1515 1497 1504 1504 1509 1528 1543 1562 1585 1575 1537 1569 1636 1599 1600 1604 1623 1633 1642 1684 1718 1768 1798 1821 1828 1840 1838 1814 1776 1786 1797 1793 -9999 -9999 -9999 -9999 -9999 -9999 -9999 -9999 -9999 -9999 -9999 -9999 -9999 -9999 -9999 -9999 -9999 -9999 -9999 -9999 -9999 -9999
1529 1519 1520 1524 1509 1511 1506 1490 1498 1490 1476 1476 1485 1485 1490 1485 1479 1496 1593 1635 1641 1582 1532 1566 1556 1532 1532 1505 1517 1524 1519 1504 1519 1532 1547 1540 1564 1556 1544 1590 1599 1599 1615 1604 1642 1634 1642 1670 1686 1714 1746 1767 1805 1777 1803 1780 1762 1786 1755 -9999 -9999 -9999 -9999 -9999 -9999 -9999 -9999 -9999 -9999 -9999 -9999 -9999 -9999 -9999 -9999 -9999 -9999 -9999 -9999 -9999 -9999 -9999
1528 1513 1533 1534 1520 1513 1518 1498 1502 1492 1477 1492 1491 1478 1476 1485 1476 1505 1540 1547 1592 1593 1516 1523 1575 1542 1523 1504 1515 1498 1509 1509 1510 1554 1540 1539 1546 1537 1542 1544 1572 1571 1581 1614 1642 1635 1640 1649 1684 1691 1720 1735 1767 1781 1778 1771 1756 1733 -9999 -9999 -9999 -9999 -9999 -9999 -9999 -9999 -9999 -9999 -9999 -9999 -9999 -9999 -9999 -9999 -9999 -9999 -9999 -9999 -9999 -9999 -9999 -9999
1534 1542 1533 1534 1534 1508 1511 1513 1498 1485 1502 1498 1485 1490 1485 1485 1500 1507 1496 1540 1620 1620 1556 1505 1556 1556 1515 1504 1511 1509 1504 1509 1509 1509 1509 1532 1537 1547 1539 1567 1544 1548 1581 1581 1588 1609 1618 1640 1666 1685 1720 1720 1744 1756 1754 1759 1756 -9999 -9999 -9999 -9999 -9999 -9999 -9999 -9999 -9999 -9999 -9999 -9999 -9999 -9999 -9999 -9999 -9999 -9999 -9999 -9999 -9999 -9999 -9999 -9999 -9999
1528 1537 1548 1534 1534 1537 1519 1519 1508 1512 1492 1498 1498 1492 1500 1485 1485 1507 1514 1607 1616 1588 1593 1507 1504 1549 1532 1515 1515 1504 1515 1505 1504 1509 1509 1524 1537 1532 1544 1567 1572 1572 1553 1581 1581 1610 1612 1633 1678 1685 1700 1726 1719 1734 1736 1763 -9999 -9999 -9999 -9999 -9999 -9999 -9999 -9999 -9999 -9999 -9999 -9999 -9999 -9999 -9999 -9999 -9999 -9999 -9999 -9999 -9999 -9999 -9999 -9999 -9999 -9999
1542 1556 1561 1556 1536 1544 1536 1528 1527 1511 1514 1498 1507 1509 1487 1487 1487 1507 1524 1556 1555 1555 1589 1540 1496 1523 1556 1523 1503 1515 1505 1509 1524 1532 1532 1532 1532 1552 1538 1557 1572 1560 1557 1581 1581 1581 1610 1652 1652 1666 1666 1697 1697 1720 1736 -9999 -9999 -9999 -9999 -9999 -9999 -9999 -9999 -9999 -9999 -9999 -9999 -9999 -9999 -9999 -9999 -9999 -9999 -9999 -9999 -9999 -9999 -9999 -9999 -9999 -9999 -9999
1565 1591 1573 1542 1542 1537 1534 1528 1534 1528 1512 1498 1514 1493 1507 1499 1507 1514 1518 1509 1514 1496 1505 1593 1494 1504 1556 1532 1520 1517 1519 1515 1532 1517 1522 1529 1529 1544 1544 1580 1572 1557 1544 1564 1572 1588 1600 1644 1622 1644 1654 1682 1704 1697 -9999 -9999 -9999 -9999 -9999 -9999 -9999 -9999 -9999 -9999 -9999 -9999 -9999 -9999 -9999 -9999 -9999 -9999 -9999 -9999 -9999 -9999 -9999 -9999 -9999 -9999 -9999 -9999
1557 1589 1557 1544 1551 1537 1544 1529 1528 1524 1513 1514 1507 1509 1492 1492 1506 1507 1500 1500 1498 1496 1507 1540 1496 1496 1536 1556 1532 1517 1523 1529 1539 1523 1532 1532 1537 1538 1557 1580 1538 1557 1572 1581 1572 1588 1588 1615 1624 1666 1653 1683 1696 1697 -9999 -9999 -9999 -9999 -9999 -9999 -9999 -9999 -9999 -9999 -9999 -9999 -9999 -9999 -9999 -9999 -9999 -9999 -9999 -9999 -9999 -9999 -9999 -9999 -9999 -9999 -9999 -9999
1552 1573 1551 1556 1573 1565 1557 1546 1544 1528 1542 1524 1513 1514 1529 1509 1492 1514 1504 1514 1496 1487 1496 1500 1490 1504 1523 1556 1536 1545 1539 1537 1532 1532 1539 1545 1538 1537 1537 1557 1567 1572 1581 1554 1572 1572 1588 1606 1622 1633 1666 1676 1706 1719 -9999 -9999 -9999 -9999 -9999 -9999 -9999 -9999 -9999 -9999 -9999 -9999 -9999 -9999 -9999 -9999 -9999 -9999 -9999 -9999 -9999 -9999 -9999 -9999 -9999 -9999 -9999 -9999
1567 1557 1557 1556 1603 1619 1613 1587 1570 1546 1542 1529 1542 1524 1508 1514 1524 1501 1492 1508 1514 1514 1507 1487 1500 1508 1527 1569 1593 1557 1562 1532 1554 1554 1537 1544 1552 1537 1544 1538 1548 1567 1573 1557 1572 1572 1588 1601 1629 1643 1701 1690 1720 -9999 -9999 -9999 -9999 -9999 -9999 -9999 -9999 -9999 -9999 -9999 -9999 -9999 -9999 -9999 -9999 -9999 -9999 -9999 -9999 -9999 -9999 -9999 -9999 -9999 -9999 -9999 -9999 -9999
1561 1553 1557 1573 1595 1666 1642 1660 1614 1587 1546 1542 1545 1527 1532 1537 1531 1524 1529 1514 1487 1492 1508 1507 1496 1523 1537 1523 1555 1562 1567 1547 1552 1554 1552 1546 1554 1552 1557 1565 1565 1565 1557 1572 1572 1581 1615 1614 1629 1691 1699 1690 1694 -9999 -9999 -9999 -9999 -9999 -9999 -9999 -9999 -9999 -9999 -9999 -9999 -9999 -9999 -9999 -9999 -9999 -9999 -9999 -9999 -9999 -9999 -9999 -9999 -9999 -9999 -9999 -9999 -9999
1575 1557 1560 1563 1580 1603 1603 1651 1650 1623 1581 1572 1551 1552 1537 1529 1538 1524 1529 1508 1529 1515 1496 1523 1508 1522 1524 1552 1545 1552 1575 1567 1547 1567 1552 1566 1565 1552 1554 1567 1572 1572 1595 1601 1601 1614 1614 1615 1637 1676 1706 1696 1666 -9999 -9999 -9999 -9999 -9999 -9999 -9999 -9999 -9999 -9999 -9999 -9999 -9999 -9999 -9999 -9999 -9999 -9999 -9999 -9999 -9999 -9999 -9999 -9999 -9999 -9999 -9999 -9999 -9999
1573 1570 1561 1575 1582 1582 1595 1634 1665 1704 1627 1600 1562 1570 1561 1537 1537 1532 1538 1524 1509 1524 1529 1514 1508 1522 1518 1523 1557 1549 1567 1562 1567 1555 1566 1560 1552 1558 1580 1565 1574 1581 1609 1580 1579 1588 1610 1624 1657 1657 1684 1687 1691 -9999 -9999 -9999 -9999 -9999 -9999 -9999 -9999 -9999 -9999 -9999 -9999 -9999 -9999 -9999 -9999 -9999 -9999 -9999 -9999 -9999 -9999 -9999 -9999 -9999 -9999 -9999 -9999 -9999
1576 1573 1575 1573 1582 1580 1595 1590 1623 1665 1674 1624 1585 1576 1572 1547 1547 1538 1538 1529 1532 1529 1518 1529 1529 1514 1514 1523 1537 1537 1562 1545 1556 1566 1575 1572 1575 1580 1554 1580 1580 1586 1610 1618 1615 1615 1614 1614 1614 1653 1687 1676 1701 -9999 -9999 -9999 -9999 -9999 -9999 -9999 -9999 -9999 -9999 -9999 -9999 -9999 -9999 -9999 -9999 -9999 -9999 -9999 -9999 -9999 -9999 -9999 -9999 -9999 -9999 -9999 -9999 -9999
1586 1576 1576 1573 1591 1595 1591 1595 1629 1644 1665 1689 1623 1657 1597 1589 1561 1561 1546 1537 1532 1538 1532 1529 1542 1523 1529 1536 1529 1542 1562 1552 1567 1566 1585 1566 1590 1575 1580 1581 1580 1580 1617 1639 1632 1652 1642 1643 1643 1643 1657 1676 1701 -9999 -9999 -9999 -9999 -9999 -9999 -9999 -9999 -9999 -9999 -9999 -9999 -9999 -9999 -9999 -9999 -9999 -9999 -9999 -9999 -9999 -9999 -9999 -9999 -9999 -9999 -9999 -9999 -9999
1591 1591 1591 1586 1575 1582 1589 1591 1615 1623 1644 1665 1691 1676 1624 1609 1600 1581 1561 1551 1538 1538 1542 1542 1536 1529 1539 1547 1529 1542 1543 1551 1552 1566 1599 1604 1585 1590 1594 1580 1596 1586 1616 1656 1670 1683 1676 1657 1657 1621 1636 1657 1626 -9999 -9999 -9999 -9999 -9999 -9999 -9999 -9999 -9999 -9999 -9999 -9999 -9999 -9999 -9999 -9999 -9999 -9999 -9999 -9999 -9999 -9999 -9999 -9999 -9999 -9999 -9999 -9999 -9999
1592 1591 1581 1591 1582 1591 1604 1604 1597 1628 1623 1644 1714 1684 1665 1646 1620 1609 1580 1570 1562 1551 1542 1562 1542 1546 1562 1567 1552 1567 1576 1567 1567 1585 1627 1657 1608 1595 1604 1596 1580 1580 1617 1662 1676 1676 1676 1676 1665 1654 1621 1593 1590 -9999 -9999 -9999 -9999 -9999 -9999 -9999 -9999 -9999 -9999 -9999 -9999 -9999 -9999 -9999 -9999 -9999 -9999 -9999 -9999 -9999 -9999 -9999 -9999 -9999 -9999 -9999 -9999 -9999
1604 1599 1591 1604 1597 1604 1589 1595 1604 1623 1653 1681 1661 1662 1685 1665 1650 1642 1585 1576 1576 1561 1568 1562 1551 1556 1567 1567 1552 1567 1562 1562 1600 1619 1636 1638 1644 1620 1617 1610 1608 1609 1617 1647 1684 1694 1676 1661 1657 1659 1657 1657 1583 -9999 -9999 -9999 -9999 -9999 -9999 -9999 -9999 -9999 -9999 -9999 -9999 -9999 -9999 -9999 -9999 -9999 -9999 -9999 -9999 -9999 -9999 -9999 -9999 -9999 -9999 -9999 -9999 -9999
