Capas/PRESENTE/Eje_30s/ASC/bio_01.asc
ncols         993
nrows         433
xllcorner     -105.25566776747
yllcorner     17.599810932142
cellsize      0.0083333333
NODATA_value  -9999
[rows 180 to 215 of 433, columns 902 to 983 of 993]
2852 2849 2858 2865 2876 2889 2892 2889 2883 2879 2874 2874 2873 2861 2859 2860 2863 2858 2853 2856 2855 2853 2847 2844 2840 2837 2833 2833 2840 2842 2841 2841 2838 2836 2835 2835 2833 2831 2829 2829 2831 2832 2834 2835 2840 2841 2843 2844 2844 2847 2850 2852 2856 2860 2863 2865 2867 2868 2867 2867 2860 2863 2865 2857 2855 2859 2872 2887 2892 2889 2884 2906 2917 -9999 -9999 -9999 -9999 -9999 -9999 -9999 -9999 -9999
2869 2860 2855 2867 2880 2891 2891 2888 2880 2879 2873 2873 2870 2862 2859 2856 2856 2857 2856 2858 2856 2853 2846 2843 2840 2839 2835 2832 2838 2843 2842 2842 2843 2842 2840 2838 2833 2832 2831 2835 2833 2832 2830 2833 2836 2840 2842 2843 2843 2845 2848 2850 2853 2861 2864 2865 2866 2866 2865 2863 2859 2859 2861 2854 2851 2850 2863 2881 2887 2890 2908 2917 2913 2896 -9999 -9999 -9999 -9999 -9999 -9999 -9999 -9999
2868 2876 2866 2876 2890 2893 2889 2888 2885 2876 2874 2869 2865 2865 2858 2855 2855 2858 2859 2859 2858 2856 2851 2846 2842 2841 2842 2841 2841 2845 2844 2844 2844 2843 2841 2840 2836 2834 2836 2838 2835 2834 2830 2832 2836 2840 2841 2842 2843 2845 2848 2851 2854 2860 2862 2863 2864 2865 2864 2861 2859 2857 2855 2853 2852 2854 2864 2869 2884 2900 2901 2911 2885 2872 2870 -9999 -9999 -9999 -9999 -9999 -9999 -9999
2880 2883 2878 2885 2893 2890 2881 2884 2886 2884 2880 2871 2864 2859 2854 2858 2858 2859 2859 2860 2860 2858 2854 2848 2845 2844 2845 2845 2841 2845 2845 2845 2845 2844 2841 2841 2836 2837 2839 2840 2837 2835 2833 2834 2836 2840 2841 2842 2844 2848 2851 2853 2856 2859 2862 2863 2864 2864 2863 2862 2857 2853 2854 2856 2856 2856 2856 2868 2887 2889 2899 2906 2898 2881 2868 2882 -9999 -9999 -9999 -9999 -9999 -9999
2872 2885 2891 2891 2891 2888 2876 2876 2879 2884 2881 2874 2866 2857 2854 2858 2859 2860 2860 2861 2861 2859 2857 2853 2849 2849 2849 2848 2842 2846 2845 2844 2844 2844 2842 2840 2838 2839 2840 2841 2836 2836 2836 2834 2836 2839 2841 2842 2844 2848 2853 2855 2858 2860 2862 2863 2863 2863 2863 2862 2858 2853 2856 2858 2858 2858 2858 2862 2872 2882 2896 2897 2897 2883 2866 2877 -9999 -9999 -9999 -9999 -9999 -9999
2878 2888 2890 2882 2884 2883 2874 2872 2874 2876 2881 2878 2872 2862 2853 2858 2860 2861 2861 2862 2862 2861 2860 2858 2854 2852 2853 2851 2848 2847 2845 2842 2841 2839 2841 2838 2838 2839 2840 2841 2837 2837 2837 2836 2838 2841 2842 2844 2848 2850 2854 2858 2861 2862 2863 2863 2863 2863 2863 2862 2859 2857 2859 2860 2860 2860 2861 2861 2863 2874 2875 2891 2893 2886 2868 2857 2853 -9999 -9999 -9999 -9999 -9999
2888 2890 2881 2870 2876 2877 2868 2863 2869 2870 2873 2871 2870 2862 2850 2856 2860 2862 2862 2862 2862 2862 2861 2860 2858 2856 2855 2854 2851 2848 2846 2842 2839 2835 2841 2840 2837 2837 2839 2840 2838 2838 2838 2838 2841 2842 2842 2845 2850 2853 2857 2861 2863 2863 2863 2864 2863 2863 2863 2862 2861 2860 2860 2860 2861 2862 2862 2861 2861 2861 2861 2877 2871 2874 2869 2856 2852 -9999 -9999 -9999 -9999 -9999
2890 2882 2875 2860 2868 2870 2871 2862 2862 2869 2870 2864 2864 2854 2852 2860 2862 2863 2863 2863 2863 2863 2862 2861 2860 2858 2857 2855 2853 2850 2846 2844 2839 2836 2840 2839 2837 2836 2838 2839 2838 2837 2838 2838 2841 2845 2848 2849 2852 2856 2860 2863 2864 2864 2864 2864 2864 2864 2864 2863 2862 2862 2862 2862 2862 2863 2862 2861 2861 2859 2859 2858 2855 2855 2856 2855 2854 -9999 -9999 -9999 -9999 -9999
2886 2880 2868 2855 2858 2861 2865 2860 2862 2861 2863 2861 2858 2848 2851 2860 2863 2863 2863 2864 2864 2863 2863 2862 2861 2859 2858 2857 2855 2853 2849 2845 2842 2837 2839 2838 2840 2836 2835 2836 2839 2840 2838 2837 2841 2848 2851 2853 2855 2858 2862 2864 2865 2865 2864 2865 2865 2865 2864 2864 2864 2864 2864 2863 2863 2863 2862 2861 2860 2858 2858 2853 2852 2853 2853 2854 2853 -9999 -9999 -9999 -9999 -9999
2882 2870 2864 2854 2850 2851 2859 2860 2866 2861 2860 2858 2863 2851 2851 2861 2863 2864 2864 2865 2865 2864 2864 2863 2862 2861 2860 2858 2857 2856 2855 2852 2847 2841 2841 2840 2839 2835 2833 2837 2839 2840 2838 2842 2848 2852 2854 2855 2858 2859 2862 2864 2866 2865 2865 2866 2866 2865 2865 2865 2865 2865 2864 2864 2863 2863 2861 2860 2859 2857 2855 2852 2849 2850 2850 2850 2850 -9999 -9999 -9999 -9999 -9999
2879 2873 2863 2861 2859 2859 2865 2867 2868 2867 2867 2866 2866 2864 2857 2863 2866 2866 2866 2866 2866 2865 2864 2864 2863 2862 2862 2860 2859 2859 2857 2855 2853 2850 2846 2845 2840 2837 2836 2836 2838 2840 2847 2850 2856 2857 2857 2858 2861 2861 2862 2864 2866 2866 2866 2867 2866 2866 2866 2866 2865 2865 2865 2864 2863 2862 2861 2859 2856 2854 2854 2851 2846 2846 2847 2847 2848 -9999 -9999 -9999 -9999 -9999
2871 2865 2863 2864 2865 2866 2867 2867 2867 2869 2869 2870 2870 2869 2866 2866 2867 2867 2867 2867 2867 2866 2865 2865 2865 2864 2863 2862 2861 2860 2859 2857 2856 2854 2850 2849 2846 2842 2840 2842 2845 2851 2854 2857 2861 2861 2861 2863 2864 2864 2865 2866 2867 2868 2868 2867 2867 2867 2867 2867 2866 2865 2865 2864 2863 2862 2861 2857 2852 2851 2851 2848 2845 2844 2845 2843 2838 -9999 -9999 -9999 -9999 -9999
2871 2867 2863 2864 2861 2865 2864 2865 2864 2869 2870 2870 2871 2870 2869 2869 2869 2869 2869 2868 2868 2867 2866 2866 2865 2865 2864 2863 2862 2862 2860 2859 2858 2857 2855 2855 2854 2851 2849 2850 2853 2856 2860 2861 2864 2864 2865 2866 2866 2867 2867 2868 2869 2868 2868 2868 2867 2867 2867 2867 2867 2866 2865 2864 2863 2861 2859 2855 2850 2844 2844 2845 2841 2839 2839 2836 2827 -9999 -9999 -9999 -9999 -9999
2865 2860 2858 2861 2857 2859 2857 2858 2860 2864 2869 2871 2871 2872 2870 2870 2870 2870 2870 2869 2868 2868 2866 2867 2866 2866 2865 2865 2864 2863 2862 2861 2859 2858 2858 2857 2857 2857 2856 2856 2858 2860 2862 2863 2865 2866 2868 2868 2868 2869 2869 2869 2869 2869 2869 2869 2868 2868 2868 2867 2867 2866 2864 2863 2863 2860 2858 2854 2848 2842 2840 2842 2838 2836 2837 2837 2824 -9999 -9999 -9999 -9999 -9999
2862 2854 2855 2858 2852 2851 2846 2853 2856 2863 2868 2871 2871 2872 2872 2871 2871 2871 2871 2870 2869 2868 2868 2868 2867 2867 2867 2866 2865 2864 2863 2861 2860 2860 2860 2859 2860 2860 2860 2861 2862 2864 2866 2865 2866 2867 2868 2869 2869 2870 2870 2870 2870 2870 2870 2869 2869 2868 2868 2868 2867 2866 2865 2863 2860 2859 2856 2851 2845 2842 2839 2840 2834 2833 2830 2828 2829 -9999 -9999 -9999 -9999 -9999
2856 2847 2846 2848 2847 2843 2841 2853 2861 2867 2870 2871 2872 2872 2872 2872 2872 2871 2871 2871 2871 2870 2869 2869 2868 2868 2868 2867 2866 2865 2864 2862 2862 2862 2862 2862 2862 2863 2863 2863 2865 2867 2868 2867 2867 2869 2870 2870 2870 2870 2870 2870 2871 2870 2870 2870 2869 2869 2868 2868 2867 2867 2865 2863 2859 2855 2853 2849 2843 2840 2839 2836 2831 2829 2823 2819 2823 -9999 -9999 -9999 -9999 -9999
2855 2846 2837 2837 2843 2849 2846 2849 2853 2861 2870 2872 2872 2872 2872 2873 2872 2871 2873 2872 2872 2871 2870 2870 2870 2869 2869 2868 2867 2866 2864 2863 2864 2864 2864 2864 2865 2865 2865 2866 2867 2868 2869 2869 2868 2869 2871 2871 2871 2871 2871 2871 2871 2871 2871 2870 2870 2869 2868 2868 2867 2866 2864 2860 2856 2849 2848 2845 2839 2837 2835 2832 2827 2827 2825 2820 2817 -9999 -9999 -9999 -9999 -9999
2854 2846 2837 2836 2847 2853 2855 2856 2864 2868 2871 2872 2872 2872 2873 2873 2873 2869 2873 2873 2873 2872 2872 2871 2871 2871 2870 2865 2865 2867 2864 2864 2865 2866 2866 2867 2867 2866 2866 2866 2868 2869 2869 2870 2870 2870 2870 2871 2872 2872 2872 2872 2871 2871 2871 2870 2870 2869 2869 2868 2867 2865 2860 2853 2850 2843 2842 2840 2836 2833 2829 2827 2825 2824 2823 2823 -9999 -9999 -9999 -9999 -9999 -9999
2856 2850 2838 2838 2849 2856 2858 2858 2864 2871 2871 2871 2872 2873 2871 2870 2874 2872 2874 2874 2874 2873 2873 2872 2872 2872 2870 2860 2861 2867 2865 2865 2866 2868 2868 2868 2868 2868 2868 2867 2869 2870 2870 2870 2870 2871 2871 2872 2873 2873 2872 2872 2872 2872 2871 2870 2870 2870 2868 2867 2866 2864 2857 2849 2844 2839 2837 2837 2831 2827 2825 2823 2822 2821 2821 2822 -9999 -9999 -9999 -9999 -9999 -9999
2850 2846 2836 2836 2848 2855 2860 2862 2865 2869 2872 2873 2873 2873 2868 2866 2874 2875 2875 2875 2875 2874 2874 2874 2873 2873 2872 2868 2867 2869 2868 2867 2868 2869 2869 2869 2869 2870 2869 2869 2870 2870 2870 2871 2871 2872 2872 2872 2873 2873 2873 2873 2872 2872 2871 2870 2870 2869 2868 2866 2864 2859 2855 2849 2839 2835 2834 2832 2826 2821 2821 2818 2817 2816 2818 -9999 -9999 -9999 -9999 -9999 -9999 -9999
2846 2840 2839 2839 2844 2855 2861 2864 2863 2861 2865 2870 2874 2872 2865 2867 2874 2875 2875 2875 2875 2875 2875 2874 2874 2874 2873 2873 2871 2871 2870 2869 2870 2871 2871 2870 2871 2871 2871 2871 2871 2871 2871 2871 2872 2873 2873 2873 2873 2874 2873 2873 2873 2872 2871 2870 2869 2869 2867 2865 2862 2858 2852 2845 2839 2833 2831 2827 2820 2816 2817 2814 2811 2814 2817 -9999 -9999 -9999 -9999 -9999 -9999 -9999
2847 2844 2845 2845 2851 2863 2868 2870 2865 2865 2869 2873 2874 2870 2873 2874 2876 2876 2876 2876 2876 2875 2875 2875 2875 2874 2874 2873 2872 2871 2871 2870 2871 2872 2872 2872 2871 2872 2872 2872 2873 2873 2873 2873 2874 2874 2874 2874 2874 2874 2874 2873 2872 2871 2870 2870 2868 2868 2865 2861 2858 2852 2846 2839 2835 2833 2829 2821 2813 2810 2810 2808 2806 2813 -9999 -9999 -9999 -9999 -9999 -9999 -9999 -9999
2856 2846 2850 2847 2852 2856 2864 2872 2873 2873 2873 2875 2875 2875 2875 2876 2876 2876 2876 2876 2876 2876 2876 2875 2875 2875 2874 2874 2873 2872 2872 2871 2872 2873 2872 2871 2868 2869 2872 2873 2874 2874 2873 2874 2875 2874 2874 2874 2874 2874 2874 2873 2872 2871 2870 2869 2868 2867 2865 2859 2853 2847 2839 2834 2830 2831 2825 2816 2805 2801 2801 2800 2803 2810 -9999 -9999 -9999 -9999 -9999 -9999 -9999 -9999
2859 2850 2851 2857 2858 2850 2861 2867 2872 2875 2875 2876 2876 2876 2876 2876 2876 2877 2877 2877 2877 2876 2876 2876 2875 2875 2874 2873 2874 2874 2873 2872 2873 2874 2872 2866 2853 2859 2870 2874 2875 2875 2874 2875 2875 2875 2875 2875 2875 2874 2874 2873 2872 2871 2870 2868 2867 2866 2864 2860 2855 2849 2842 2838 2834 2830 2822 2811 2801 2790 2789 2791 2792 -9999 -9999 -9999 -9999 -9999 -9999 -9999 -9999 -9999
2864 2857 2855 2862 2858 2857 2864 2872 2875 2876 2876 2876 2876 2877 2877 2877 2877 2877 2877 2877 2877 2877 2877 2877 2877 2876 2875 2874 2874 2875 2875 2875 2876 2876 2874 2866 2856 2862 2872 2876 2877 2876 2875 2876 2876 2876 2875 2875 2875 2875 2874 2874 2873 2869 2869 2868 2867 2865 2863 2859 2855 2849 2847 2842 2836 2827 2814 2801 2793 2786 2780 2780 -9999 -9999 -9999 -9999 -9999 -9999 -9999 -9999 -9999 -9999
2866 2866 2866 2867 2867 2870 2872 2874 2876 2876 2876 2877 2877 2877 2877 2877 2877 2877 2878 2878 2878 2877 2877 2877 2875 2874 2873 2876 2875 2873 2877 2877 2878 2877 2876 2873 2871 2872 2875 2877 2877 2877 2877 2877 2877 2876 2876 2876 2875 2875 2874 2874 2874 2872 2867 2867 2866 2865 2863 2858 2855 2850 2847 2844 2837 2825 2811 2793 2783 2782 2776 2769 -9999 -9999 -9999 -9999 -9999 -9999 -9999 -9999 -9999 -9999
2862 2867 2870 2870 2872 2873 2874 2875 2876 2876 2877 2877 2877 2877 2878 2878 2878 2878 2878 2878 2878 2878 2877 2873 2867 2867 2872 2876 2878 2878 2878 2878 2878 2878 2878 2877 2877 2877 2877 2878 2878 2877 2877 2877 2876 2876 2876 2875 2875 2875 2875 2875 2874 2873 2869 2866 2865 2864 2862 2859 2855 2851 2847 2842 2834 2823 2810 2794 2781 2773 2770 -9999 -9999 -9999 -9999 -9999 -9999 -9999 -9999 -9999 -9999 -9999
2854 2861 2869 2872 2872 2873 2874 2876 2877 2877 2877 2877 2878 2878 2878 2878 2878 2878 2878 2878 2878 2878 2875 2870 2870 2874 2878 2879 2879 2879 2879 2878 2878 2878 2878 2878 2878 2878 2878 2878 2878 2877 2877 2877 2877 2874 2873 2874 2875 2875 2875 2874 2873 2872 2869 2861 2863 2863 2861 2859 2855 2851 2847 2840 2833 2826 2815 2797 2783 2778 2772 -9999 -9999 -9999 -9999 -9999 -9999 -9999 -9999 -9999 -9999 -9999
2848 2858 2865 2869 2873 2874 2875 2876 2877 2877 2877 2878 2878 2878 2878 2878 2878 2878 2878 2878 2878 2876 2873 2875 2876 2878 2879 2879 2879 2879 2879 2879 2879 2879 2879 2878 2878 2878 2878 2878 2878 2878 2878 2877 2876 2871 2870 2874 2875 2875 2874 2873 2872 2870 2865 2855 2855 2860 2860 2859 2856 2851 2846 2841 2836 2830 2819 2803 2791 2788 -9999 -9999 -9999 -9999 -9999 -9999 -9999 -9999 -9999 -9999 -9999 -9999
2845 2856 2865 2869 2872 2875 2876 2876 2877 2877 2878 2878 2878 2878 2878 2878 2878 2879 2879 2878 2876 2871 2873 2877 2878 2879 2879 2879 2879 2879 2879 2879 2879 2879 2879 2879 2879 2879 2878 2878 2878 2878 2877 2876 2869 2869 2873 2874 2874 2874 2874 2872 2871 2864 2861 2855 2846 2855 2857 2857 2856 2852 2848 2841 2836 2830 2822 2812 2801 2792 -9999 -9999 -9999 -9999 -9999 -9999 -9999 -9999 -9999 -9999 -9999 -9999
2847 2857 2864 2869 2872 2874 2876 2877 2877 2877 2878 2878 2878 2878 2878 2878 2879 2879 2879 2878 2877 2875 2877 2879 2879 2879 2879 2879 2879 2879 2879 2879 2879 2879 2879 2879 2879 2879 2878 2878 2878 2878 2878 2877 2870 2871 2872 2872 2873 2873 2872 2871 2870 2867 2858 2854 2850 2855 2855 2855 2854 2853 2849 2842 2840 2835 2828 2820 2812 -9999 -9999 -9999 -9999 -9999 -9999 -9999 -9999 -9999 -9999 -9999 -9999 -9999
2849 2854 2864 2870 2872 2874 2876 2877 2877 2877 2878 2878 2878 2878 2878 2878 2879 2878 2879 2879 2879 2879 2879 2879 2879 2879 2879 2879 2879 2879 2879 2879 2879 2879 2879 2879 2879 2879 2878 2878 2878 2878 2878 2877 2872 2872 2870 2871 2872 2872 2871 2870 2867 2865 2863 2855 2861 2861 2855 2854 2853 2851 2849 2846 2842 2837 2831 2823 2818 -9999 -9999 -9999 -9999 -9999 -9999 -9999 -9999 -9999 -9999 -9999 -9999 -9999
2857 2853 2863 2870 2873 2875 2876 2877 2877 2877 2878 2878 2878 2878 2879 2878 2878 2876 2879 2879 2879 2879 2879 2879 2879 2879 2879 2879 2879 2879 2879 2879 2879 2879 2879 2879 2879 2879 2878 2878 2878 2878 2877 2877 2873 2870 2868 2870 2867 2871 2871 2869 2866 2862 2862 2863 2865 2864 2855 2851 2852 2850 2849 2846 2842 2837 2831 2827 -9999 -9999 -9999 -9999 -9999 -9999 -9999 -9999 -9999 -9999 -9999 -9999 -9999 -9999
2863 2859 2862 2869 2872 2874 2876 2876 2877 2877 2878 2878 2878 2879 2879 2878 2879 2879 2879 2879 2879 2879 2879 2879 2879 2879 2878 2878 2879 2879 2879 2879 2879 2879 2879 2879 2879 2878 2878 2877 2878 2878 2877 2877 2875 2870 2871 2869 2866 2869 2871 2870 2868 2866 2867 2868 2867 2865 2854 2847 2852 2851 2848 2845 2840 2838 2835 2833 2833 2833 2838 2843 2848 2853 2860 -9999 -9999 -9999 -9999 -9999 -9999 -9999
2865 2863 2858 2860 2870 2874 2875 2875 2876 2877 2878 2878 2878 2879 2879 2879 2879 2879 2879 2879 2879 2879 2878 2877 2878 2879 2878 2877 2877 2878 2879 2879 2879 2879 2879 2879 2878 2878 2876 2875 2878 2877 2877 2877 2877 2875 2874 2867 2865 2864 2871 2871 2870 2869 2870 2869 2868 2866 2862 2849 2850 2850 2849 2845 2843 2841 2839 2837 2836 2837 2840 2844 2849 2855 2860 2869 2877 -9999 -9999 -9999 -9999 -9999
2867 2864 2861 2863 2871 2873 2874 2873 2874 2874 2876 2875 2878 2879 2879 2879 2879 2879 2879 2878 2878 2878 2877 2876 2877 2878 2877 2877 2877 2877 2878 2878 2878 2879 2879 2879 2879 2878 2875 2876 2879 2878 2877 2877 2877 2876 2876 2873 2870 2869 2872 2872 2871 2871 2870 2869 2868 2867 2863 2853 2848 2848 2847 2843 2841 2841 2840 2838 2837 2839 2841 2847 2850 2854 2860 2870 2878 2885 2892 2898 -9999 -9999
