Capas/PRESENTE/Eje_30s/ASC/bio_08.asc
ncols         993
nrows         433
xllcorner     -105.25566776747
yllcorner     17.599810932142
cellsize      0.0083333333
NODATA_value  -9999
[rows 144 to 179 of 433, columns 246 to 327 of 993]
2901 2898 2900 2904 2907 2908 2910 2911 2913 2913 2914 2913 2916 2920 2920 2919 2917 2920 2926 2928 2927 2923 2920 2917 2915 2914 2916 2918 2920 2921 2921 2919 2918 2918 2915 2912 2913 2912 2912 2913 2914 2915 2915 2916 2915 2917 2919 2922 2920 2917 2918 2921 2921 2924 2930 2937 2942 2946 2949 2949 2949 2948 2950 2950 2951 2951 2951 2951 2951 2951 2951 2950 2943 2934 2928 2931 2939 2933 2927 2931 2935 2944
2898 2894 2898 2904 2906 2907 2907 2906 2910 2913 2913 2913 2914 2915 2916 2917 2920 2922 2925 2926 2923 2920 2918 2913 2909 2906 2907 2912 2916 2919 2920 2920 2920 2918 2913 2913 2912 2910 2911 2912 2912 2913 2914 2913 2911 2912 2915 2918 2920 2920 2922 2923 2924 2928 2935 2938 2941 2944 2948 2949 2949 2949 2950 2950 2950 2950 2950 2951 2951 2951 2950 2948 2939 2926 2911 2914 2930 2935 2932 2933 2938 2943
2900 2895 2898 2902 2904 2903 2902 2903 2908 2907 2909 2910 2911 2914 2914 2911 2919 2920 2922 2923 2920 2918 2915 2911 2905 2896 2898 2906 2914 2917 2918 2920 2919 2915 2910 2908 2908 2908 2909 2907 2906 2908 2910 2910 2908 2908 2912 2915 2918 2922 2924 2924 2926 2929 2934 2940 2944 2945 2947 2948 2948 2948 2949 2949 2949 2948 2948 2950 2950 2950 2950 2947 2943 2930 2911 2911 2929 2941 2943 2942 2945 2944
2903 2901 2903 2904 2902 2901 2897 2897 2901 2901 2904 2907 2907 2911 2914 2915 2917 2914 2917 2920 2919 2917 2915 2911 2904 2896 2898 2906 2912 2916 2918 2920 2918 2912 2905 2902 2903 2904 2906 2903 2896 2893 2899 2904 2905 2907 2910 2913 2916 2920 2923 2925 2927 2930 2936 2941 2945 2944 2944 2942 2942 2943 2945 2946 2946 2944 2945 2948 2949 2949 2948 2947 2943 2936 2928 2926 2936 2945 2947 2947 2947 2946
2904 2905 2904 2903 2901 2899 2896 2892 2894 2893 2900 2905 2908 2911 2912 2913 2911 2912 2913 2916 2917 2914 2912 2912 2908 2905 2906 2909 2913 2917 2918 2920 2918 2912 2904 2897 2895 2898 2901 2902 2890 2884 2890 2898 2895 2903 2910 2914 2916 2919 2924 2928 2931 2935 2939 2942 2941 2938 2935 2935 2932 2932 2935 2940 2941 2942 2942 2942 2944 2944 2941 2940 2946 2943 2941 2940 2944 2947 2947 2947 2947 2946
2903 2908 2906 2905 2902 2899 2898 2895 2893 2894 2901 2904 2908 2909 2907 2908 2908 2904 2902 2908 2913 2911 2908 2909 2907 2908 2911 2912 2915 2918 2918 2919 2916 2908 2901 2892 2892 2896 2902 2904 2895 2895 2899 2899 2897 2905 2911 2915 2917 2919 2924 2931 2930 2929 2936 2935 2936 2931 2929 2927 2923 2921 2922 2926 2931 2935 2937 2936 2939 2938 2938 2941 2946 2946 2946 2946 2947 2947 2947 2947 2947 2946
2914 2917 2916 2910 2903 2900 2903 2901 2901 2904 2908 2907 2906 2905 2904 2903 2904 2897 2901 2908 2908 2906 2903 2903 2903 2903 2912 2915 2918 2918 2918 2919 2915 2907 2903 2895 2896 2905 2911 2912 2906 2909 2909 2904 2906 2910 2913 2915 2918 2920 2925 2928 2931 2933 2936 2929 2930 2927 2924 2918 2911 2907 2909 2913 2916 2923 2929 2932 2934 2935 2936 2940 2945 2945 2945 2945 2946 2946 2946 2946 2946 2944
2916 2919 2919 2913 2906 2902 2913 2911 2907 2909 2912 2910 2907 2905 2895 2895 2901 2904 2906 2905 2904 2903 2901 2903 2907 2903 2908 2916 2918 2918 2918 2919 2917 2912 2906 2903 2907 2913 2919 2921 2919 2920 2916 2915 2915 2915 2919 2921 2920 2919 2919 2920 2920 2922 2928 2926 2924 2924 2920 2912 2897 2891 2895 2898 2907 2916 2924 2931 2936 2939 2940 2943 2945 2946 2945 2945 2945 2945 2944 2944 2943 2941
2913 2919 2920 2919 2916 2915 2918 2918 2911 2910 2913 2915 2910 2905 2892 2893 2900 2903 2906 2905 2905 2903 2904 2905 2906 2908 2912 2913 2912 2915 2917 2918 2919 2917 2914 2912 2915 2919 2925 2932 2931 2931 2930 2926 2925 2926 2928 2931 2922 2923 2914 2910 2908 2912 2921 2921 2919 2920 2917 2908 2897 2893 2890 2895 2903 2912 2922 2931 2937 2940 2942 2943 2944 2945 2944 2943 2943 2942 2942 2941 2940 2939
2908 2915 2920 2919 2919 2921 2921 2919 2915 2911 2912 2917 2916 2910 2902 2900 2903 2906 2907 2907 2906 2904 2900 2902 2903 2903 2907 2909 2906 2908 2914 2914 2916 2920 2920 2922 2924 2928 2932 2935 2938 2937 2935 2934 2935 2936 2937 2937 2931 2930 2917 2903 2896 2900 2910 2915 2915 2916 2915 2911 2906 2898 2897 2902 2909 2918 2924 2932 2937 2939 2939 2940 2941 2942 2943 2942 2941 2940 2939 2938 2937 2936
2908 2910 2914 2911 2915 2920 2917 2911 2912 2912 2912 2917 2918 2912 2907 2903 2903 2906 2905 2905 2904 2902 2898 2895 2895 2896 2897 2901 2903 2903 2904 2907 2910 2917 2918 2920 2924 2925 2929 2932 2935 2939 2939 2939 2938 2940 2940 2940 2939 2936 2927 2913 2908 2899 2899 2904 2908 2911 2912 2910 2907 2906 2904 2906 2909 2923 2927 2932 2935 2936 2935 2934 2935 2937 2940 2940 2938 2937 2936 2935 2932 2934
2911 2907 2911 2913 2919 2919 2913 2909 2911 2914 2915 2919 2917 2909 2906 2908 2909 2906 2899 2899 2901 2900 2897 2893 2890 2885 2886 2891 2894 2894 2893 2900 2902 2911 2908 2915 2919 2919 2922 2927 2933 2938 2939 2940 2940 2940 2940 2941 2941 2941 2939 2932 2920 2904 2895 2896 2900 2908 2910 2910 2910 2910 2911 2912 2913 2924 2927 2930 2933 2933 2932 2929 2930 2931 2931 2932 2934 2933 2932 2931 2931 2930
2918 2919 2914 2915 2921 2919 2913 2911 2916 2917 2920 2920 2917 2911 2912 2913 2908 2908 2901 2898 2902 2903 2899 2894 2885 2873 2874 2879 2883 2878 2889 2890 2895 2899 2901 2909 2909 2911 2917 2923 2929 2935 2938 2939 2940 2940 2940 2940 2940 2940 2940 2939 2936 2926 2915 2902 2902 2904 2908 2910 2910 2912 2913 2915 2918 2921 2924 2928 2929 2928 2925 2925 2924 2925 2925 2927 2932 2929 2926 2918 2927 2928
2922 2921 2913 2913 2920 2922 2915 2913 2916 2919 2920 2915 2912 2911 2916 2916 2913 2914 2907 2903 2905 2899 2895 2890 2882 2869 2867 2869 2874 2868 2876 2882 2882 2890 2897 2902 2904 2909 2916 2922 2927 2931 2935 2936 2939 2939 2939 2938 2936 2937 2940 2940 2940 2939 2932 2929 2923 2910 2905 2907 2910 2913 2913 2912 2913 2914 2918 2923 2926 2925 2923 2923 2922 2922 2926 2929 2931 2929 2926 2923 2921 2926
2925 2922 2919 2917 2921 2922 2916 2914 2916 2919 2919 2916 2916 2918 2921 2922 2920 2921 2915 2912 2908 2900 2895 2890 2883 2870 2862 2867 2870 2868 2869 2877 2882 2889 2895 2902 2909 2911 2914 2918 2928 2934 2934 2937 2938 2938 2936 2936 2935 2932 2937 2939 2940 2940 2940 2939 2936 2931 2927 2920 2910 2909 2907 2904 2904 2908 2913 2922 2924 2923 2920 2917 2917 2923 2929 2931 2931 2930 2928 2925 2922 2924
2927 2927 2921 2918 2922 2923 2920 2917 2920 2921 2921 2920 2921 2924 2925 2926 2925 2925 2920 2915 2909 2901 2894 2892 2886 2876 2863 2863 2862 2867 2876 2889 2897 2899 2901 2905 2913 2922 2922 2924 2930 2937 2936 2934 2936 2936 2932 2930 2933 2932 2933 2934 2936 2938 2939 2939 2938 2938 2935 2934 2926 2912 2905 2902 2901 2903 2911 2919 2920 2921 2919 2915 2916 2920 2927 2930 2930 2930 2930 2929 2926 2921
2929 2926 2924 2923 2923 2923 2921 2926 2927 2924 2923 2923 2925 2927 2927 2929 2929 2928 2922 2916 2909 2904 2899 2890 2884 2877 2876 2880 2876 2879 2879 2891 2897 2905 2913 2917 2920 2929 2933 2932 2937 2934 2925 2925 2929 2928 2932 2931 2930 2930 2929 2928 2930 2933 2933 2934 2936 2937 2937 2939 2938 2932 2920 2912 2907 2908 2913 2919 2921 2922 2921 2916 2918 2920 2925 2928 2930 2930 2927 2928 2924 2923
2930 2928 2930 2924 2924 2929 2932 2935 2932 2924 2925 2926 2928 2929 2929 2930 2931 2930 2925 2915 2908 2903 2898 2893 2892 2891 2888 2892 2889 2891 2887 2885 2889 2892 2907 2920 2930 2935 2939 2938 2938 2931 2917 2917 2920 2923 2929 2927 2927 2925 2926 2925 2925 2928 2928 2930 2932 2934 2937 2938 2940 2939 2934 2930 2920 2912 2915 2920 2922 2925 2922 2920 2920 2920 2925 2927 2929 2929 2928 2929 2927 2925
2935 2939 2933 2916 2920 2930 2939 2931 2928 2921 2925 2927 2928 2930 2931 2932 2932 2932 2927 2918 2912 2904 2900 2903 2900 2894 2900 2899 2897 2898 2892 2890 2895 2898 2909 2921 2932 2939 2934 2929 2934 2927 2917 2913 2916 2921 2925 2922 2919 2923 2923 2926 2924 2921 2920 2924 2927 2930 2935 2938 2940 2940 2940 2936 2929 2913 2919 2920 2924 2925 2924 2923 2923 2922 2925 2926 2925 2923 2925 2927 2923 2922
2944 2939 2926 2927 2926 2938 2940 2930 2923 2917 2925 2934 2926 2925 2931 2932 2933 2933 2928 2920 2914 2909 2910 2904 2899 2901 2909 2905 2902 2903 2897 2902 2900 2905 2915 2925 2935 2936 2924 2918 -9999 2922 2916 2913 2913 2917 2921 2917 2917 2921 2922 2923 2924 2921 2917 2918 2922 2926 2930 2937 2939 2940 2940 2938 2937 2935 2933 2924 2917 2924 2926 2925 2924 2924 2926 2923 2920 2915 2916 2921 2923 2925
2949 2946 2942 2942 2933 2946 2939 2930 2919 2921 2929 2938 2933 2930 2935 2935 2933 2935 2924 2919 2925 2922 2920 2910 2907 2903 2911 2912 2909 2904 2900 2910 2916 2923 2928 2930 2942 2935 2927 -9999 -9999 -9999 -9999 2906 2908 2913 2916 2915 2916 2919 2920 2921 2922 2925 2923 2919 2920 2925 2927 2930 2933 2937 2939 2939 2939 2939 2939 2939 2931 2923 2926 2925 2924 2926 2926 2921 2915 2908 2907 2914 2922 2925
2943 2955 2953 2945 2946 2947 2941 2936 2925 2924 2931 2943 2945 2941 2932 2931 2931 2938 2932 2932 2936 2933 2923 2919 2913 2911 2917 2917 2910 2902 2896 2902 2913 2915 2926 2937 2941 2935 -9999 -9999 -9999 -9999 -9999 -9999 -9999 -9999 2911 2915 2914 2915 2917 2921 2924 2925 2924 2927 2923 2924 2927 2929 2930 2933 2936 2939 2938 2936 2937 2939 2939 2937 2935 2925 2923 2927 2926 2922 2916 2908 2904 2913 2924 2924
2940 2955 2955 2949 2950 2949 2947 2941 2931 2931 2940 2942 2949 2944 2939 2940 2934 2939 2939 2940 2938 2931 2927 2919 2913 2921 2918 2908 2904 2899 2894 2896 2900 2908 2920 2932 2942 -9999 -9999 -9999 -9999 -9999 -9999 -9999 -9999 -9999 -9999 -9999 2911 2910 2908 2917 2924 2925 2925 2927 2929 2929 2930 2929 2929 2930 2933 2935 2935 2937 2937 2939 2939 2939 2939 2936 2929 2928 2925 2922 2915 2911 2910 2914 2923 2923
2951 2958 2954 2956 2951 2951 2949 2945 2938 2937 2947 2948 2951 2945 2943 2944 2935 2939 2942 2944 2939 2932 2919 2914 2918 2924 2912 2906 2902 2895 2895 2902 2905 2912 2920 2932 2942 -9999 -9999 -9999 -9999 -9999 -9999 -9999 -9999 -9999 -9999 -9999 2912 2905 2907 2916 2923 2926 2927 2928 2928 2930 2932 2934 2935 2933 2931 2932 2935 2937 2938 2938 2939 2939 2939 2939 2937 2935 2928 2921 2917 2915 2916 2919 2926 2925
2954 2957 2958 2953 2951 2952 2952 2946 2932 2937 2950 2954 2949 2948 2948 2942 2931 2933 2939 2944 2937 2929 2919 2910 2922 2923 2911 2910 2908 2897 2897 2904 2911 2915 2919 2929 -9999 -9999 -9999 -9999 -9999 -9999 -9999 -9999 -9999 -9999 -9999 -9999 -9999 2911 2912 2916 2920 2924 2925 2925 2925 2928 2930 2932 2933 2935 2936 2935 2936 2937 2938 2938 2938 2939 2939 2939 2939 2939 2938 2936 2925 2919 2923 2925 2928 2930
2957 2957 2958 2953 2956 2954 2950 2941 2932 2940 2952 2958 2951 2949 2948 2941 2940 2940 2943 2945 2934 2921 2913 2912 2922 2927 2918 2917 2905 2893 2897 2901 2905 2909 2913 2926 -9999 -9999 -9999 -9999 -9999 -9999 -9999 -9999 -9999 -9999 -9999 -9999 -9999 2913 2916 2920 2922 2922 2922 2919 2920 2922 2924 2925 2926 2932 2934 2933 2933 2930 2933 2937 2938 2938 2939 2939 2939 2939 2938 2937 2937 2933 2929 2926 2924 2928
2957 2961 2958 2957 2952 2952 2947 2936 2937 2945 2957 2959 2948 2947 2950 2946 2944 2944 2947 2943 2933 2921 2913 2915 2922 2928 2928 2912 2896 2896 2894 2896 2902 2908 2915 2929 -9999 -9999 -9999 -9999 -9999 -9999 -9999 -9999 -9999 -9999 -9999 -9999 -9999 -9999 2915 2918 2918 2918 2914 2912 2914 2914 2917 2918 2922 2923 2927 2929 2929 2928 2923 2929 2937 2938 2938 2938 2938 2939 2938 2937 2936 2935 2932 2925 2921 2929
2954 2955 2961 2957 2949 2946 2944 2946 2946 2953 2958 2961 2956 2950 2949 2951 2947 2948 2943 2936 2931 2924 2916 2917 2921 2929 2924 2909 2901 2903 2895 2894 2901 2905 2917 -9999 -9999 -9999 -9999 -9999 -9999 -9999 -9999 -9999 -9999 -9999 -9999 -9999 -9999 -9999 -9999 2911 2911 2911 2910 2909 2908 2908 2911 2912 2913 2917 2918 2924 2925 2926 2927 2926 2932 2938 2938 2938 2938 2938 2938 2937 2936 2931 2929 2928 2921 2922
2941 2951 2962 2959 2951 2946 2953 2961 2960 2961 2962 2962 2957 2952 2950 2944 2943 2945 2943 2938 2930 2925 2912 2918 2923 2933 2925 2920 2911 2898 2898 2894 2900 2903 2918 -9999 -9999 -9999 -9999 -9999 -9999 -9999 -9999 -9999 -9999 -9999 -9999 -9999 -9999 -9999 -9999 2899 2897 2896 2897 2901 2897 2891 2898 2903 2908 2911 2913 2912 2921 2925 2927 2931 2933 2935 2937 2938 2938 2938 2938 2938 2937 2934 2929 2921 2910 2909
2944 2950 2962 2960 2956 2956 2962 2962 2960 2960 2960 2962 2952 2947 2948 2944 2946 2944 2939 2940 2938 2931 2919 2922 2926 2938 2927 2919 2906 2891 2894 2896 2900 2907 -9999 -9999 -9999 -9999 -9999 -9999 -9999 -9999 -9999 -9999 -9999 -9999 -9999 -9999 -9999 -9999 -9999 -9999 -9999 -9999 2891 2894 2896 2891 2881 2889 2902 2905 2912 2913 2919 2924 2928 2929 2933 2935 2936 2937 2938 2938 2938 2938 2938 2936 2932 2921 2905 2906
2955 2961 2963 2963 2963 2963 2963 2954 2944 2950 2962 2957 2946 2950 2952 2949 2944 2941 2937 2941 2937 2933 2930 2931 2936 2939 2927 2913 2896 2887 2896 2903 2903 2901 -9999 -9999 -9999 -9999 -9999 -9999 -9999 -9999 -9999 -9999 -9999 -9999 -9999 -9999 -9999 -9999 -9999 -9999 -9999 -9999 -9999 -9999 -9999 -9999 2886 2885 2893 2901 2909 2915 2919 2921 2924 2927 2932 2934 2936 2937 2937 2937 2937 2938 2937 2935 2932 2926 2919 2918
2957 2962 2963 2964 2960 2958 2955 2942 2943 2953 2961 2950 2942 2947 2948 2951 2938 2936 2936 2941 2942 2940 2934 2931 2941 2931 2923 2911 2897 2896 2904 2910 2904 -9999 -9999 -9999 -9999 -9999 -9999 -9999 -9999 -9999 -9999 -9999 -9999 -9999 -9999 -9999 -9999 -9999 -9999 -9999 -9999 -9999 -9999 -9999 -9999 -9999 -9999 -9999 2888 2894 2905 2908 2915 2920 2923 2927 2930 2931 2932 2932 2934 2935 2936 2937 2937 2936 2933 2930 2927 2924
2952 2960 2964 2959 2949 2945 2940 2945 2947 2954 2960 2946 2943 2945 2946 2954 2946 2934 2933 2943 2946 2938 2933 2934 2942 2931 2914 2904 2899 2907 2915 2915 2906 -9999 -9999 -9999 -9999 -9999 -9999 -9999 -9999 -9999 -9999 -9999 -9999 -9999 -9999 -9999 -9999 -9999 -9999 -9999 -9999 -9999 -9999 -9999 -9999 -9999 -9999 -9999 -9999 2903 2904 2903 2911 2914 2917 2923 2927 2930 2927 2927 2929 2933 2935 2936 2937 2937 2935 2934 2931 2928
2959 2964 2963 2958 2945 2939 2934 2946 2952 2957 2960 2954 2953 2949 2946 2954 2949 2941 2938 2947 2946 2936 2939 2940 2941 2934 2914 2900 2899 2912 2921 2917 -9999 -9999 -9999 -9999 -9999 -9999 -9999 -9999 -9999 -9999 -9999 -9999 -9999 -9999 -9999 -9999 -9999 -9999 -9999 -9999 -9999 -9999 -9999 -9999 -9999 -9999 -9999 -9999 -9999 -9999 2901 2898 2897 2899 2905 2917 2923 2923 2926 2927 2930 2932 2933 2935 2935 2937 2937 2936 2935 2934
2964 2963 2961 2953 2942 2933 2931 2945 2950 2951 2957 2958 2957 2956 2950 2954 2954 2943 2951 2947 2941 2937 2940 2945 2932 2922 2916 2917 2918 2925 2928 2918 -9999 -9999 -9999 -9999 -9999 -9999 -9999 -9999 -9999 -9999 -9999 -9999 -9999 -9999 -9999 -9999 -9999 -9999 -9999 -9999 -9999 -9999 -9999 -9999 -9999 -9999 -9999 -9999 -9999 -9999 -9999 -9999 2884 2883 2889 2900 2912 2921 2929 2929 2930 2930 2931 2933 2932 2933 2935 2936 2937 2936
2964 2957 2957 2949 2943 2931 2919 2935 2937 2939 2952 2946 2950 2956 2955 2955 2951 2954 2954 2951 2952 2951 2948 2940 2931 2922 2926 2927 2931 2933 2915 -9999 -9999 -9999 -9999 -9999 -9999 -9999 -9999 -9999 -9999 -9999 -9999 -9999 -9999 -9999 -9999 -9999 -9999 -9999 -9999 -9999 -9999 -9999 -9999 -9999 -9999 -9999 -9999 -9999 -9999 -9999 -9999 -9999 -9999 2888 2892 2898 2908 2916 2923 2930 2930 2929 2928 2928 2929 2933 2935 2936 2936 2936
