Capas/PRESENTE/Eje_30s/ASC/bio_09.asc
ncols         993
nrows         433
xllcorner     -105.25566776747
yllcorner     17.599810932142
cellsize      0.0083333333
NODATA_value  -9999
[rows 252 to 287 of 433, columns 656 to 737 of 993]
2775 2765 2751 2755 2759 2763 2769 2775 2781 2792 2801 2806 2812 2816 2818 2824 2827 2829 2829 2830 2828 2830 2833 2838 2842 2843 2843 2839 2834 2836 2839 2843 2842 2843 2841 2837 2833 2830 2831 2834 2834 2832 2829 2832 2835 2834 2831 2823 2814 2806 2802 2791 2785 2786 2785 2787 2790 2796 2802 2801 2809 2811 2817 2815 2814 2812 2819 2819 2818 2817 2817 2817 2816 2815 2815 2813 2812 2811 2811 2812 2815 2815
2780 2771 2762 2761 2766 2764 2778 2781 2781 2789 2803 2808 2812 2816 2820 2823 2828 2829 2828 2829 2828 2833 2837 2840 2842 2843 2843 2840 2831 2833 2839 2841 2840 2839 2838 2835 2829 2827 2829 2833 2834 2829 2827 2828 2830 2832 2831 2821 2809 2807 2805 2797 2792 2788 2789 2795 2793 2796 2803 2808 2813 2815 2817 2812 2816 2820 2821 2815 2813 2818 2817 2816 2813 2812 2814 2813 2809 2805 2803 2807 2814 2818
2783 2777 2775 2775 2777 2775 2779 2787 2794 2799 2805 2810 2813 2816 2819 2821 2827 2829 2830 2830 2832 2833 2838 2841 2841 2838 2839 2832 2824 2823 2829 2835 2835 2835 2835 2832 2828 2825 2829 2832 2834 2831 2827 2830 2831 2830 2831 2827 2821 2814 2800 2804 2801 2794 2798 2804 2805 2808 2807 2812 2816 2818 2819 2815 2816 2820 2822 2821 2820 2819 2818 2816 2812 2810 2813 2812 2807 2802 2798 2806 2812 2817
2787 2783 2784 2783 2784 2785 2785 2789 2793 2797 2804 2805 2811 2816 2820 2823 2826 2827 2826 2829 2832 2833 2835 2838 2836 2826 2828 2827 2825 2824 2827 2832 2830 2831 2834 2832 2828 2827 2830 2833 2833 2831 2829 2831 2829 2829 2829 2827 2822 2817 2810 2812 2811 2807 2806 2810 2816 2814 2814 2818 2818 2822 2822 2820 2820 2823 2824 2820 2816 2819 2820 2819 2816 2817 2818 2814 2810 2806 2805 2809 2813 2817
2795 2792 2793 2792 2786 2788 2794 2789 2792 2796 2800 2809 2806 2818 2822 2825 2828 2828 2825 2828 2833 2837 2838 2836 2828 2818 2810 2820 2833 2833 2832 2829 2828 2827 2830 2832 2831 2831 2832 2834 2834 2831 2831 2829 2827 2827 2827 2829 2829 2823 2818 2811 2808 2807 2807 2807 2816 2817 2818 2822 2823 2825 2826 2824 2825 2826 2825 2819 2811 2813 2821 2822 2821 2822 2821 2817 2814 2812 2810 2812 2814 2816
2802 2803 2795 2789 2789 2787 2800 2793 2791 2797 2807 2816 2816 2817 2821 2827 2831 2831 2826 2826 2831 2837 2839 2837 2828 2813 2809 2819 2831 2838 2837 2831 2828 2828 2836 2836 2835 2836 2837 2837 2837 2834 2831 2829 2826 2825 2825 2828 2829 2828 2822 2811 2807 2798 2805 2812 2821 2823 2817 2824 2831 2830 2829 2829 2828 2829 2827 2819 2811 2807 2820 2823 2825 2825 2825 2822 2819 2817 2818 2816 2813 2812
2812 2804 2798 2795 2793 2791 2805 2799 2796 2796 2811 2821 2825 2817 2819 2828 2834 2834 2828 2827 2828 2832 2839 2839 2836 2828 2818 2819 2833 2840 2841 2839 2833 2833 2838 2838 2839 2839 2840 2839 2838 2835 2832 2829 2824 2825 2827 2827 2828 2830 2825 2814 2807 2800 2798 2811 2825 2826 2816 2819 2829 2832 2831 2827 2825 2829 2829 2823 2821 2820 2823 2826 2829 2830 2829 2827 2826 2824 2822 2820 2817 2817
2818 2812 2810 2803 2798 2798 2811 2805 2797 2796 2805 2816 2827 2831 2833 2833 2838 2832 2829 2828 2828 2829 2838 2840 2841 2840 2836 2836 2839 2838 2841 2842 2836 2836 2842 2842 2843 2843 2842 2841 2840 2838 2835 2831 2826 2829 2828 2828 2830 2830 2821 2811 2795 2791 2807 2816 2820 2819 2821 2819 2822 2834 2835 2833 2831 2832 2833 2830 2826 2826 2830 2832 2833 2835 2834 2833 2832 2830 2828 2826 2823 2822
2821 2821 2816 2809 2808 2806 2821 2815 2809 2813 2821 2823 2831 2838 2838 2837 2841 2831 2829 2828 2829 2832 2839 2839 2841 2845 2845 2845 2844 2843 2844 2839 2838 2840 2843 2843 2842 2842 2840 2836 2841 2840 2839 2836 2833 2833 2831 2832 2834 2833 2827 2815 2799 2792 2804 2808 2813 2815 2818 2824 2824 2830 2839 2839 2839 2837 2838 2836 2832 2834 2838 2838 2839 2840 2841 2839 2839 2839 2836 2834 2832 2830
2822 2826 2823 2816 2822 2815 2825 2829 2824 2827 2831 2832 2838 2841 2843 2839 2845 2839 2833 2832 2838 2841 2841 2835 2836 2841 2845 2850 2849 2849 2849 2847 2843 2837 2838 2843 2841 2846 2843 2843 2844 2844 2845 2842 2839 2838 2835 2836 2837 2835 2827 2818 2810 2806 2803 2814 2828 2830 2820 2826 2833 2834 2846 2846 2845 2844 2843 2841 2841 2842 2844 2844 2845 2848 2849 2847 2847 2849 2848 2845 2842 2841
2827 2829 2831 2826 2829 2825 2826 2836 2833 2832 2837 2839 2846 2847 2847 2845 2848 2848 2839 2838 2840 2845 2842 2839 2841 2847 2848 2851 2853 2854 2852 2851 2851 2842 2846 2849 2851 2852 2847 2847 2848 2848 2849 2847 2844 2843 2842 2841 2840 2837 2832 2827 2816 2809 2805 2814 2822 2835 2835 2837 2844 2845 2850 2853 2853 2852 2851 2849 2849 2850 2852 2851 2854 2857 2858 2857 2857 2861 2863 2860 2858 2861
2831 2831 2835 2834 2836 2833 2831 2840 2839 2839 2842 2848 2852 2851 2851 2851 2851 2852 2845 2850 2849 2849 2846 2849 2854 2858 2852 2853 2853 2855 2856 2857 2851 2851 2851 2852 2859 2860 2852 2852 2853 2852 2853 2852 2849 2847 2847 2846 2844 2841 2836 2828 2825 2823 2820 2828 2836 2842 2851 2851 2852 2852 2857 2861 2861 2861 2860 2857 2857 2858 2860 2863 2865 2867 2869 2871 2873 2876 2878 2876 2876 2875
2834 2835 2838 2839 2840 2841 2842 2843 2846 2847 2848 2851 2853 2854 2855 2854 2855 2855 2856 2856 2855 2855 2852 2855 2860 2861 2859 2857 2853 2854 2859 2861 2857 2857 2855 2857 2867 2868 2862 2860 2858 2855 2855 2856 2854 2850 2850 2849 2846 2843 2839 2836 2833 2837 2834 2843 2849 2850 2854 2861 2859 2855 2862 2868 2869 2869 2868 2866 2864 2865 2869 2873 2876 2879 2881 2882 2885 2888 2887 2886 2885 2881
2837 2839 2840 2842 2844 2846 2846 2843 2849 2849 2854 2854 2855 2858 2858 2857 2858 2858 2860 2858 2857 2856 2854 2864 2864 2864 2865 2863 2860 2860 2867 2861 2862 2858 2857 2865 2873 2872 2873 2870 2865 2859 2858 2859 2859 2857 2856 2853 2850 2847 2845 2843 2843 2849 2847 2852 2861 2856 2858 2861 2867 2866 2869 2874 2877 2878 2876 2875 2872 2874 2877 2881 2885 2887 2888 2891 2894 2895 2895 2893 2890 2888
2839 2842 2844 2843 2846 2848 2850 2849 2852 2852 2857 2859 2858 2859 2861 2860 2861 2861 2864 2861 2860 2855 2857 2865 2869 2867 2869 2864 2864 2864 2872 2872 2864 2857 2858 2865 2874 2875 2876 2874 2868 2860 2862 2863 2863 2859 2857 2854 2852 2851 2849 2848 2851 2853 2858 2859 2865 2863 2861 2867 2871 2874 2876 2879 2883 2886 2885 2884 2882 2883 2885 2887 2890 2894 2895 2897 2899 2899 2900 2898 2895 2895
2843 2842 2846 2847 2847 2850 2854 2853 2856 2855 2858 2862 2863 2862 2863 2862 2863 2865 2866 2869 2870 2862 2869 2871 2873 2873 2872 2871 2868 2866 2874 2874 2865 2859 2862 2876 2879 2878 2875 2874 2863 2859 2868 2866 2861 2861 2856 2854 2855 2854 2852 2852 2852 2857 2863 2870 2868 2872 2866 2871 2875 2879 2883 2884 2888 2891 2891 2891 2891 2891 2892 2891 2895 2900 2902 2903 2905 2904 2904 2903 2899 2895
2846 2846 2847 2850 2850 2852 2853 2858 2860 2860 2860 2862 2866 2866 2866 2866 2865 2867 2870 2871 2874 2875 2875 2870 2876 2877 2877 2876 2871 2871 2876 2875 2865 2867 2872 2883 2883 2881 2874 2871 2862 2860 2872 2874 2862 2862 2859 2854 2858 2858 2856 2854 2854 2860 2865 2874 2878 2875 2872 2874 2878 2882 2887 2892 2893 2895 2895 2895 2896 2898 2898 2899 2901 2903 2905 2907 2909 2909 2908 2907 2904 2900
2850 2849 2851 2851 2850 2851 2854 2856 2860 2863 2864 2865 2868 2868 2868 2869 2869 2869 2870 2874 2876 2876 2878 2877 2878 2878 2878 2878 2877 2877 2877 2873 2872 2873 2884 2889 2887 2884 2883 2880 2863 2854 2858 2877 2877 2872 2862 2857 2857 2862 2857 2859 2869 2878 2879 2875 2884 2876 2878 2881 2883 2887 2890 2894 2897 2899 2899 2899 2900 2902 2903 2904 2906 2907 2907 -9999 -9999 -9999 -9999 -9999 -9999 -9999
2853 2853 2854 2854 2852 2853 2858 2862 2864 2865 2867 2868 2871 2870 2870 2872 2872 2873 2873 2875 2878 2880 2877 2878 2879 2879 2878 2878 2878 2878 2878 2877 2874 2877 2888 2893 2892 2892 2891 2883 2869 2856 2866 2882 2886 2871 2858 2861 2868 2871 2865 2864 2880 2889 2889 2888 2883 2881 2884 2885 2888 2891 2894 2897 2901 2902 2903 2903 2904 2905 2907 -9999 -9999 -9999 -9999 -9999 -9999 -9999 -9999 -9999 -9999 -9999
2855 2856 2857 2859 2854 2855 2858 2860 2862 2869 2871 2871 2873 2873 2874 2874 2874 2875 2876 2877 2881 2877 2876 2877 2874 2878 2879 2879 2879 2877 2872 2872 2866 2879 2893 2898 2898 2896 2885 2879 2873 2867 2877 2890 2890 2878 2866 2872 2877 2872 2866 2865 2882 2889 2892 2888 2887 2887 2888 2891 2893 2895 2898 2901 2904 2906 2907 2908 -9999 -9999 -9999 -9999 -9999 -9999 -9999 -9999 -9999 -9999 -9999 -9999 -9999 -9999
2858 2860 2860 2862 2860 2856 2856 2855 2856 2863 2868 2874 2875 2876 2877 2876 2877 2878 2879 2880 2881 2876 2874 2874 2873 2877 2879 2879 2879 2876 2868 2883 2882 2885 2899 2901 2901 2894 2885 2882 2879 2885 2893 2895 2893 2890 2882 2881 2873 2866 2873 2879 2877 2883 2895 2893 2892 2892 2893 2896 2897 2899 2901 2904 2907 -9999 -9999 -9999 -9999 -9999 -9999 -9999 -9999 -9999 -9999 -9999 -9999 -9999 -9999 -9999 -9999 -9999
-9999 2862 2863 2864 2865 2862 2856 2855 2856 2857 2862 2872 2877 2880 2879 2879 2880 2880 2881 2882 2885 2879 2877 2875 2875 2878 2879 2875 2875 2875 2872 2889 2897 2893 2903 2905 2906 2905 2896 2892 2894 2900 2904 2900 2890 2886 2887 2880 2869 2873 2886 2888 2884 2894 2899 2897 2897 2897 2898 2901 2902 2903 -9999 -9999 -9999 -9999 -9999 -9999 -9999 -9999 -9999 -9999 -9999 -9999 -9999 -9999 -9999 -9999 -9999 -9999 -9999 -9999
-9999 -9999 -9999 2866 2868 2866 2859 2856 2857 2858 2868 2876 2879 2881 2883 2882 2882 2883 2884 2885 2886 2882 2875 2873 2871 2877 2876 2864 2861 2866 2881 2895 2903 2905 2906 2909 2910 2909 2906 2904 2909 2911 2907 2895 2882 2875 2879 2880 2875 2881 2891 2900 2900 2901 2901 2900 2902 2902 2902 2904 -9999 -9999 -9999 -9999 -9999 -9999 -9999 -9999 -9999 -9999 -9999 -9999 -9999 -9999 -9999 -9999 -9999 -9999 -9999 -9999 -9999 -9999
-9999 -9999 -9999 -9999 -9999 2870 2866 2858 2856 2861 2872 2878 2882 2883 2885 2884 2884 2883 2886 2887 2888 2887 2887 2883 2876 2871 2865 2859 2861 2874 2888 2896 2903 2910 2912 2913 2914 2913 2912 2913 2915 -9999 -9999 -9999 -9999 2868 2869 2875 2886 2896 2902 2905 2904 2904 2904 2904 2905 -9999 -9999 -9999 -9999 -9999 -9999 -9999 -9999 -9999 -9999 -9999 -9999 -9999 -9999 -9999 -9999 -9999 -9999 -9999 -9999 -9999 -9999 -9999 -9999 -9999
-9999 -9999 -9999 -9999 -9999 -9999 -9999 -9999 2857 2864 2874 2881 2884 2885 2887 2887 2886 2886 2887 2889 2890 2890 2891 2889 2885 2873 2864 2864 2861 2877 2888 2896 2903 2907 2908 2915 2917 2917 -9999 -9999 -9999 -9999 -9999 -9999 -9999 -9999 2865 2879 2893 2902 2909 2910 2907 2907 2908 -9999 -9999 -9999 -9999 -9999 -9999 -9999 -9999 -9999 -9999 -9999 -9999 -9999 -9999 -9999 -9999 -9999 -9999 -9999 -9999 -9999 -9999 -9999 -9999 -9999 -9999 -9999
-9999 -9999 -9999 -9999 -9999 -9999 -9999 -9999 -9999 -9999 2870 2879 2885 2887 2887 2890 2890 2889 2890 2891 2893 2893 2894 2892 2887 2880 2863 2860 2866 2883 2893 2897 2899 2895 2896 -9999 -9999 -9999 -9999 -9999 -9999 -9999 -9999 -9999 -9999 -9999 -9999 -9999 2898 2906 2914 2914 2911 2909 -9999 -9999 -9999 -9999 -9999 -9999 -9999 -9999 -9999 -9999 -9999 -9999 -9999 -9999 -9999 -9999 -9999 -9999 -9999 -9999 -9999 -9999 -9999 -9999 -9999 -9999 -9999 -9999
-9999 -9999 -9999 -9999 -9999 -9999 -9999 -9999 -9999 -9999 -9999 -9999 -9999 -9999 2889 2891 2893 2893 2893 2894 2894 2896 2896 2895 2892 2883 2871 2863 2872 2882 2885 2889 -9999 -9999 -9999 -9999 -9999 -9999 -9999 -9999 -9999 -9999 -9999 -9999 -9999 -9999 -9999 -9999 -9999 -9999 -9999 2918 2914 2912 -9999 -9999 -9999 -9999 -9999 -9999 -9999 -9999 -9999 -9999 -9999 -9999 -9999 -9999 -9999 -9999 -9999 -9999 -9999 -9999 -9999 -9999 -9999 -9999 -9999 -9999 -9999 -9999
-9999 -9999 -9999 -9999 -9999 -9999 -9999 -9999 -9999 -9999 -9999 -9999 -9999 -9999 -9999 -9999 -9999 -9999 -9999 2896 2896 2899 2898 2899 2897 2891 2880 2873 2880 2886 -9999 -9999 -9999 -9999 -9999 -9999 -9999 -9999 -9999 -9999 -9999 -9999 -9999 -9999 -9999 -9999 -9999 -9999 -9999 -9999 -9999 -9999 -9999 -9999 -9999 -9999 -9999 -9999 -9999 -9999 -9999 -9999 -9999 -9999 -9999 -9999 -9999 -9999 -9999 -9999 -9999 -9999 -9999 -9999 -9999 -9999 -9999 -9999 -9999 -9999 -9999 -9999
-9999 -9999 -9999 -9999 -9999 -9999 -9999 -9999 -9999 -9999 -9999 -9999 -9999 -9999 -9999 -9999 -9999 -9999 -9999 -9999 -9999 -9999 -9999 -9999 2901 2897 2889 2879 -9999 -9999 -9999 -9999 -9999 -9999 -9999 -9999 -9999 -9999 -9999 -9999 -9999 -9999 -9999 -9999 -9999 -9999 -9999 -9999 -9999 -9999 -9999 -9999 -9999 -9999 -9999 -9999 -9999 -9999 -9999 -9999 -9999 -9999 -9999 -9999 -9999 -9999 -9999 -9999 -9999 -9999 -9999 -9999 -9999 -9999 -9999 -9999 -9999 -9999 -9999 -9999 -9999 -9999
-9999 -9999 -9999 -9999 -9999 -9999 -9999 -9999 -9999 -9999 -9999 -9999 -9999 -9999 -9999 -9999 -9999 -9999 -9999 -9999 -9999 -9999 -9999 -9999 -9999 -9999 -9999 -9999 -9999 -9999 -9999 -9999 -9999 -9999 -9999 -9999 -9999 -9999 -9999 -9999 -9999 -9999 -9999 -9999 -9999 -9999 -9999 -9999 -9999 -9999 -9999 -9999 -9999 -9999 -9999 -9999 -9999 -9999 -9999 -9999 -9999 -9999 -9999 -9999 -9999 -9999 -9999 -9999 -9999 -9999 -9999 -9999 -9999 -9999 -9999 -9999 -9999 -9999 -9999 -9999 -9999 -9999
-9999 -9999 -9999 -9999 -9999 -9999 -9999 -9999 -9999 -9999 -9999 -9999 -9999 -9999 -9999 -9999 -9999 -9999 -9999 -9999 -9999 -9999 -9999 -9999 -9999 -9999 -9999 -9999 -9999 -9999 -9999 -9999 -9999 -9999 -9999 -9999 -9999 -9999 -9999 -9999 -9999 -9999 -9999 -9999 -9999 -9999 -9999 -9999 -9999 -9999 -9999 -9999 -9999 -9999 -9999 -9999 -9999 -9999 -9999 -9999 -9999 -9999 -9999 -9999 -9999 -9999 -9999 -9999 -9999 -9999 -9999 -9999 -9999 -9999 -9999 -9999 -9999 -9999 -9999 -9999 -9999 -9999
-9999 -9999 -9999 -9999 -9999 -9999 -9999 -9999 -9999 -9999 -9999 -9999 -9999 -9999 -9999 -9999 -9999 -9999 -9999 -9999 -9999 -9999 -9999 -9999 -9999 -9999 -9999 -9999 -9999 -9999 -9999 -9999 -9999 -9999 -9999 -9999 -9999 -9999 -9999 -9999 -9999 -9999 -9999 -9999 -9999 -9999 -9999 -9999 -9999 -9999 -9999 -9999 -9999 -9999 -9999 -9999 -9999 -9999 -9999 -9999 -9999 -9999 -9999 -9999 -9999 -9999 -9999 -9999 -9999 -9999 -9999 -9999 -9999 -9999 -9999 -9999 -9999 -9999 -9999 -9999 -9999 -9999
-9999 -9999 -9999 -9999 -9999 -9999 -9999 -9999 -9999 -9999 -9999 -9999 -9999 -9999 -9999 -9999 -9999 -9999 -9999 -9999 -9999 -9999 -9999 -9999 -9999 -9999 -9999 -9999 -9999 -9999 -9999 -9999 -9999 -9999 -9999 -9999 -9999 -9999 -9999 -9999 -9999 -9999 -9999 -9999 -9999 -9999 -9999 -9999 -9999 -9999 -9999 -9999 -9999 -9999 -9999 -9999 -9999 -9999 -9999 -9999 -9999 -9999 -9999 -9999 -9999 -9999 -9999 -9999 -9999 -9999 -9999 -9999 -9999 -9999 -9999 -9999 -9999 -9999 -9999 -9999 -9999 -9999
-9999 -9999 -9999 -9999 -9999 -9999 -9999 -9999 -9999 -9999 -9999 -9999 -9999 -9999 -9999 -9999 -9999 -9999 -9999 -9999 -9999 -9999 -9999 -9999 -9999 -9999 -9999 -9999 -9999 -9999 -9999 -9999 -9999 -9999 -9999 -9999 -9999 -9999 -9999 -9999 -9999 -9999 -9999 -9999 -9999 -9999 -9999 -9999 -9999 -9999 -9999 -9999 -9999 -9999 -9999 -9999 -9999 -9999 -9999 -9999 -9999 -9999 -9999 -9999 -9999 -9999 -9999 -9999 -9999 -9999 -9999 -9999 -9999 -9999 -9999 -9999 -9999 -9999 -9999 -9999 -9999 -9999
-9999 -9999 -9999 -9999 -9999 -9999 -9999 -9999 -9999 -9999 -9999 -9999 -9999 -9999 -9999 -9999 -9999 -9999 -9999 -9999 -9999 -9999 -9999 -9999 -9999 -9999 -9999 -9999 -9999 -9999 -9999 -9999 -9999 -9999 -9999 -9999 -9999 -9999 -9999 -9999 -9999 -9999 -9999 -9999 -9999 -9999 -9999 -9999 -9999 -9999 -9999 -9999 -9999 -9999 -9999 -9999 -9999 -9999 -9999 -9999 -9999 -9999 -9999 -9999 -9999 -9999 -9999 -9999 -9999 -9999 -9999 -9999 -9999 -9999 -9999 -9999 -9999 -9999 -9999 -9999 -9999 -9999
-9999 -9999 -9999 -9999 -9999 -9999 -9999 -9999 -9999 -9999 -9999 -9999 -9999 -9999 -9999 -9999 -9999 -9999 -9999 -9999 -9999 -9999 -9999 -9999 -9999 -9999 -9999 -9999 -9999 -9999 -9999 -9999 -9999 -9999 -9999 -9999 -9999 -9999 -9999 -9999 -9999 -9999 -9999 -9999 -9999 -9999 -9999 -9999 -9999 -9999 -9999 -9999 -9999 -9999 -9999 -9999 -9999 -9999 -9999 -9999 -9999 -9999 -9999 -9999 -9999 -9999 -9999 -9999 -9999 -9999 -9999 -9999 -9999 -9999 -9999 -9999 -9999 -9999 -9999 -9999 -9999 -9999
