Capas/PRESENTE/Eje_30s/ASC/bio_12.asc
ncols         993
nrows         433
xllcorner     -105.25566776747
yllcorner     17.599810932142
cellsize      0.0083333333
NODATA_value  -9999
[rows 175 to 209 of 433, columns 869 to 947 of 993]
-9999 -9999 -9999 -9999 -9999 -9999 8600 8592 8561 8563 8572 8602 8672 8755 8862 8985 9125 9272 9447 9650 9894 10114 10352 10556 10730 10904 11045 11154 11252 11377 11516 11696 11829 11883 11877 11877 11767 11545 11297 11174 11190 11319 11392 11629 12006 12444 12908 13381 13849 14226 14515 14704 14788 14791 14743 14690 14641 14609 14620 14667 14739 14833 14937 15020 15068 15098 15126 15180 15256 15362 15498 15657 15816 15960 16084 16186 16271 16344 16424
-9999 -9999 -9999 -9999 -9999 8606 8595 8582 8538 8525 8521 8499 8558 8619 8705 8839 8978 9126 9288 9480 9706 9942 10209 10456 10669 10851 10978 11079 11191 11307 11428 11545 11683 11789 11773 11724 11615 11302 11000 10828 10814 10882 10899 11104 11442 11875 12341 12815 13296 13698 13998 14198 14298 14311 14275 14239 14216 14212 14248 14322 14422 14532 14637 14716 14760 14776 14795 14842 14913 15019 15156 15317 15474 15623 15746 15841 15911 15962 16012
-9999 -9999 -9999 -9999 -9999 8581 8577 8546 8515 8481 8462 8444 8450 8477 8536 8639 8780 8937 9104 9302 9524 9766 10040 10303 10528 10717 10844 10961 11071 11179 11286 11416 11541 11588 11587 11538 11409 11043 10709 10484 10374 10392 10458 10608 10901 11287 11748 12242 12730 13137 13452 13668 13782 13815 13801 13778 13775 13796 13861 13962 14081 14209 14320 14401 14435 14444 14451 14488 14557 14655 14786 14936 15099 15246 15375 15475 15541 15583 15615
-9999 -9999 -9999 -9999 8507 8527 8515 8493 8468 8425 8380 8348 8326 8336 8372 8438 8551 8703 8880 9087 9320 9551 9814 10091 10335 10509 10647 10797 10926 11043 11140 11261 11351 11397 11390 11296 11168 10820 10456 10168 9957 9863 9858 9993 10333 10732 11177 11660 12145 12564 12892 13122 13251 13298 13303 13295 13307 13350 13436 13560 13706 13846 13970 14053 14085 14083 14085 14113 14177 14268 14385 14524 14677 14830 14966 15076 15150 15190 15215
-9999 -9999 -9999 8470 8463 8465 8460 8440 8407 8353 8287 8234 8197 8178 8184 8229 8308 8439 8609 8811 9043 9284 9545 9803 10053 10251 10409 10581 10720 10853 10973 11092 11163 11176 11142 11050 10913 10621 10203 9875 9632 9501 9466 9558 9798 10233 10672 11130 11593 12011 12336 12568 12709 12770 12792 12795 12815 12870 12971 13118 13286 13444 13578 13665 13702 13701 13699 13721 13775 13859 13965 14097 14239 14389 14525 14640 14725 14778 14805
-9999 -9999 8457 8453 8444 8419 8386 8361 8308 8237 8165 8092 8035 7935 7968 7983 8035 8135 8279 8469 8699 8946 9203 9456 9702 9921 10115 10309 10474 10623 10785 10903 10960 10929 10846 10736 10571 10366 9920 9580 9357 9254 9243 9318 9490 9843 10210 10649 11095 11499 11813 12041 12189 12251 12269 12273 12303 12364 12488 12643 12821 12997 13140 13238 13283 13292 13296 13317 13360 13433 13534 13657 13793 13932 14062 14176 14270 14341 14388
-9999 8459 8466 8438 8406 8373 8314 8265 8202 8117 8034 7946 7867 7717 7660 7722 7743 7809 7931 8097 8306 8538 8798 9065 9328 9562 9783 9996 10204 10391 10552 10645 10676 10659 10542 10385 10229 9976 9572 9293 9117 9032 9041 9107 9259 9514 9849 10249 10649 11022 11334 11559 11690 11743 11754 11757 11780 11851 11981 12145 12330 12509 12666 12771 12833 12861 12873 12895 12939 13003 13100 13221 13352 13475 13593 13699 13802 13893 13963
8425 8440 8447 8417 8373 8318 8243 8172 8099 7999 7901 7807 7703 7546 7429 7420 7455 7492 7580 7707 7893 8116 8362 8639 8907 9163 9413 9659 9884 10096 10280 10369 10370 10311 10217 10044 9896 9522 9250 9072 8928 8833 8813 8916 9050 9263 9568 9910 10272 10606 10896 11100 11212 11254 11254 11253 11272 11338 11468 11644 11829 12004 12159 12276 12352 12393 12427 12459 12510 12578 12674 12798 12923 13034 13139 13236 13349 13455 13552
8404 8421 8413 8375 8301 8229 8147 8052 7974 7878 7777 7653 7503 7365 7237 7183 7141 7110 7183 7315 7448 7681 7931 8188 8461 8733 9009 9278 9532 9748 9924 10008 10031 9885 9704 9534 9334 9132 9014 8942 8841 8713 8655 8722 8921 9086 9334 9628 9953 10249 10497 10670 10756 10779 10770 10760 10774 10837 10965 11133 11313 11479 11633 11754 11843 11906 11963 12015 12083 12163 12268 12391 12510 12613 12710 12807 12922 13040 13155
8353 8373 8360 8321 8236 8139 8041 7944 7847 7748 7649 7533 7373 7212 7072 6979 6873 6799 6825 6905 7018 7274 7510 7763 8029 8308 8599 8880 9149 9367 9557 9636 9628 9458 9230 9077 8960 8869 8860 8893 8849 8705 8605 8601 8760 8972 9157 9406 9680 9926 10131 10270 10332 10333 10309 10294 10305 10363 10482 10638 10805 10959 11109 11228 11327 11411 11490 11571 11660 11760 11874 11998 12115 12211 12307 12409 12525 12652 12783
8285 8322 8311 8253 8165 8050 7943 7833 7728 7640 7546 7448 7325 7161 7002 6842 6692 6595 6572 6607 6699 6947 7180 7404 7649 7911 8198 8485 8737 8963 9141 9256 9210 9010 8862 8799 8763 8754 8790 8882 8839 8800 8663 8612 8681 8903 9039 9218 9438 9637 9796 9897 9927 9914 9879 9857 9869 9921 10029 10172 10325 10470 10604 10720 10826 10923 11021 11130 11239 11360 11486 11614 11733 11832 11933 12038 12160 12294 12436
8227 8261 8249 8188 8095 7979 7860 7753 7651 7558 7471 7380 7281 7167 7039 6817 6615 6492 6443 6438 6494 6658 6893 7139 7350 7578 7830 8092 8340 8549 8713 8821 8691 8573 8555 8639 8759 8784 8800 8820 8804 8801 8783 8692 8725 8843 8931 9044 9209 9358 9473 9539 9545 9518 9477 9453 9462 9511 9611 9739 9881 10015 10137 10251 10354 10458 10566 10697 10831 10963 11101 11233 11359 11472 11578 11692 11822 11965 12115
8166 8201 8186 8130 8031 7913 7793 7682 7585 7498 7418 7333 7242 7139 7025 6825 6608 6486 6429 6407 6423 6504 6641 6841 7112 7325 7535 7752 7963 8152 8302 8428 8255 8223 8313 8558 8575 8662 8737 8796 8795 8790 8789 8765 8741 8757 8792 8870 8984 9077 9152 9186 9175 9138 9098 9076 9086 9133 9223 9343 9471 9594 9709 9816 9922 10027 10143 10282 10427 10574 10715 10861 10994 11116 11236 11364 11500 11651 11810
8081 8126 8122 8070 7977 7857 7736 7622 7526 7443 7367 7296 7216 7128 6979 6793 6643 6593 6571 6531 6511 6544 6611 6697 6863 7097 7319 7490 7649 7795 7927 7995 7869 7925 8151 8335 8413 8532 8641 8727 8751 8760 8731 8694 8648 8620 8606 8644 8708 8761 8799 8817 8798 8764 8731 8716 8730 8781 8866 8977 9097 9211 9324 9425 9528 9633 9746 9888 10033 10190 10334 10480 10627 10767 10910 11043 11187 11346 11513
7994 8053 8054 8010 7921 7805 7683 7574 7478 7396 7322 7257 7192 7066 6899 6773 6733 6797 6843 6819 6810 6851 6831 6794 6800 6923 7080 7223 7374 7512 7606 7552 7539 7679 7984 8123 8250 8387 8513 8619 8664 8676 8628 8562 8484 8431 8369 8356 8381 8402 8418 8424 8413 8392 8374 8376 8400 8454 8539 8643 8757 8867 8976 9080 9182 9282 9392 9525 9664 9811 9952 10101 10263 10421 10579 10732 10893 11055 11209
7910 7970 7985 7948 7869 7758 7636 7527 7433 7350 7279 7221 7171 7037 6870 6816 6883 6996 7009 7036 7070 7095 7114 7055 6936 6916 6949 6984 7026 7119 7178 7213 7301 7520 7794 7948 8119 8279 8416 8524 8569 8559 8502 8414 8304 8205 8122 8054 8037 8029 8030 8034 8033 8030 8034 8053 8091 8152 8236 8339 8449 8554 8660 8764 8865 8967 9075 9188 9314 9446 9587 9737 9900 10073 10250 10433 10600 10759 10898
7828 7899 7918 7886 7809 7706 7588 7480 7385 7306 7235 7182 7140 7012 6900 6947 7106 7143 7192 7246 7290 7315 7319 7307 7196 7068 6974 6939 6916 6917 6949 7033 7205 7465 7642 7827 8021 8199 8344 8439 8471 8444 8361 8219 8082 7973 7872 7776 7715 7684 7671 7675 7683 7696 7719 7756 7808 7873 7959 8057 8160 8265 8370 8469 8567 8670 8771 8878 8991 9116 9246 9390 9559 9744 9937 10119 10280 10433 10564
7750 7821 7845 7821 7748 7648 7515 7421 7333 7253 7190 7148 7082 6957 6970 7160 7236 7306 7381 7447 7499 7522 7510 7479 7419 7282 7141 7059 6986 6902 6899 6990 7212 7418 7588 7777 7980 8154 8303 8384 8405 8359 8270 8101 7891 7726 7621 7537 7445 7389 7365 7364 7377 7404 7442 7491 7549 7620 7703 7795 7894 7995 8096 8195 8293 8391 8490 8591 8696 8815 8939 9079 9240 9420 9605 9780 9937 10078 10206
7671 7741 7765 7741 7674 7578 7388 7245 7143 7068 7001 6949 6926 6966 7116 7291 7377 7469 7559 7634 7686 7703 7681 7625 7552 7434 7327 7252 7130 6992 6947 7022 7246 7428 7592 7781 7982 8148 8286 8356 8359 8298 8186 8037 7813 7596 7440 7333 7232 7157 7118 7109 7122 7157 7201 7254 7318 7389 7468 7557 7650 7744 7843 7941 8035 8129 8226 8321 8422 8529 8652 8786 8936 9100 9271 9435 9581 9716 9845
7581 7645 7667 7649 7588 7500 7306 7137 7060 7034 7004 6968 7010 7148 7313 7413 7519 7622 7719 7795 7842 7850 7816 7747 7667 7575 7451 7335 7216 7122 7087 7157 7378 7494 7643 7820 8008 8160 8281 8332 8326 8245 8119 7951 7760 7513 7320 7171 7060 6982 6931 6915 6922 6953 6998 7051 7112 7179 7255 7338 7426 7515 7610 7703 7795 7887 7981 8070 8164 8268 8385 8511 8651 8802 8959 9111 9247 9378 9505
7476 7527 7551 7541 7487 7415 7297 7122 7110 7175 7171 7191 7246 7327 7433 7545 7654 7757 7848 7923 7965 7967 7921 7847 7757 7649 7510 7415 7372 7355 7360 7400 7500 7598 7722 7873 8031 8173 8276 8317 8300 8203 8057 7877 7678 7445 7238 7060 6930 6863 6805 6777 6778 6798 6832 6878 6932 6992 7063 7141 7223 7311 7399 7488 7575 7663 7752 7839 7927 8026 8135 8258 8389 8531 8677 8819 8953 9080 9213
7358 7405 7424 7415 7374 7320 7267 7159 7187 7187 7217 7268 7346 7449 7555 7666 7770 7862 7944 8013 8051 8050 8004 7925 7838 7678 7614 7625 7596 7565 7563 7588 7639 7713 7814 7925 8053 8181 8277 8305 8252 8131 7971 7791 7589 7373 7173 6985 6856 6782 6716 6683 6669 6677 6701 6729 6769 6820 6886 6961 7038 7120 7206 7286 7370 7454 7538 7622 7711 7806 7913 8030 8159 8292 8433 8567 8698 8827 8957
7244 7281 7298 7294 7266 7222 7191 7104 7161 7191 7252 7332 7427 7535 7645 7754 7846 7928 7999 8056 8093 8097 8061 7995 7887 7787 7800 7756 7723 7704 7702 7724 7761 7816 7890 7973 8070 8177 8253 8266 8194 8064 7889 7695 7489 7289 7113 6955 6820 6719 6648 6606 6585 6578 6584 6598 6623 6663 6719 6784 6858 6935 7018 7096 7175 7254 7341 7425 7515 7614 7722 7842 7965 8096 8230 8357 8487 8613 8742
7139 7169 7185 7179 7135 7050 6984 6972 7095 7168 7247 7350 7462 7571 7681 7785 7875 7952 8009 8062 8106 8131 8117 8072 8012 7963 7916 7879 7848 7829 7821 7827 7848 7886 7936 7997 8069 8147 8196 8190 8105 7962 7783 7588 7375 7182 7026 6873 6749 6654 6586 6539 6508 6486 6477 6477 6490 6518 6562 6621 6682 6756 6834 6911 6986 7069 7153 7242 7338 7449 7569 7692 7819 7948 8075 8194 8313 8433 8556
7048 7075 7065 7036 6986 6906 6880 6929 7069 7135 7224 7336 7447 7569 7677 7780 7865 7943 7998 8053 8108 8153 8158 8140 8108 8074 8040 8001 7965 7934 7917 7904 7904 7920 7950 7992 8038 8084 8109 8082 7984 7834 7651 7455 7260 7074 6913 6772 6660 6575 6509 6448 6402 6385 6378 6363 6365 6383 6418 6469 6529 6596 6662 6738 6810 6889 6979 7077 7189 7311 7443 7578 7711 7835 7951 8062 8169 8274 8389
6965 7001 6980 6932 6891 6860 6886 6984 7035 7099 7187 7297 7425 7553 7661 7754 7842 7923 7986 8048 8109 8161 8190 8191 8179 8156 8134 8105 8063 8022 7982 7952 7929 7923 7936 7953 7977 7996 7992 7945 7837 7681 7497 7298 7103 6924 6771 6645 6542 6465 6392 6324 6293 6275 6270 6257 6255 6265 6295 6337 6394 6452 6512 6579 6649 6726 6817 6929 7053 7191 7342 7488 7623 7743 7847 7941 8037 8131 8232
6907 6945 6927 6874 6878 6930 6957 6971 7018 7098 7177 7273 7395 7525 7637 7736 7823 7905 7979 8050 8112 8157 8192 8213 8214 8201 8186 8167 8129 8081 8025 7970 7928 7897 7883 7876 7879 7873 7841 7776 7656 7499 7311 7111 6917 6741 6596 6477 6386 6319 6243 6195 6173 6163 6154 6148 6151 6165 6193 6236 6284 6335 6387 6443 6503 6576 6671 6793 6938 7095 7253 7406 7542 7654 7747 7828 7908 7987 8074
6865 6912 6915 6883 6947 6949 6949 6951 6993 7075 7154 7253 7358 7482 7600 7710 7804 7892 7963 8029 8095 8142 8172 8197 8213 8209 8208 8200 8156 8110 8051 7973 7911 7849 7814 7780 7758 7727 7679 7591 7454 7288 7098 6904 6713 6543 6405 6295 6213 6138 6092 6065 6048 6041 6040 6041 6051 6086 6119 6158 6202 6242 6283 6325 6374 6438 6532 6662 6817 6984 7150 7310 7447 7553 7634 7700 7770 7836 7916
6833 6880 6904 6921 6926 6929 6925 6931 6955 7011 7109 7211 7319 7446 7580 7679 7769 7852 7944 8015 8066 8093 8127 8155 8180 8193 8209 8204 8169 8120 8055 7971 7888 7802 7743 7681 7615 7561 7505 7391 7244 7068 6844 6653 6467 6305 6196 6112 6029 5976 5953 5937 5923 5922 5929 5935 5965 6024 6069 6107 6145 6176 6200 6226 6257 6308 6393 6518 6673 6826 7001 7176 7317 7420 7495 7554 7615 7684 7763
6818 6852 6887 6898 6893 6890 6888 6893 6906 6949 7035 7144 7269 7399 7534 7627 7717 7803 7907 7967 7999 8029 8063 8089 8111 8154 8184 8179 8156 8129 8069 7977 7865 7760 7678 7584 7480 7398 7304 7175 7011 6833 6601 6424 6266 6131 6027 5947 5886 5851 5839 5825 5812 5815 5828 5852 5914 5998 6040 6081 6113 6127 6135 6140 6153 6184 6253 6362 6505 6654 6827 6998 7139 7208 7319 7385 7453 7512 7597
6778 6814 6853 6862 6856 6850 6845 6840 6849 6885 6956 7061 7198 7308 7445 7590 7670 7747 7819 7873 7916 7947 7971 7990 8009 8060 8106 8125 8131 8099 8050 7970 7861 7737 7616 7489 7362 7238 7106 6962 6802 6598 6413 6260 6123 6002 5907 5837 5789 5763 5750 5738 5728 5728 5756 5830 5920 5978 6030 6067 6084 6087 6080 6065 6018 6000 6061 6205 6331 6480 6637 6794 6907 6971 7077 7170 7241 7317 7426
6743 6770 6792 6807 6810 6811 6803 6798 6796 6821 6872 6971 7094 7214 7370 7511 7620 7703 7742 7772 7814 7844 7851 7871 7905 7942 7958 8001 8059 8050 8015 7955 7867 7743 7594 7440 7289 7130 6970 6806 6619 6440 6282 6144 6017 5908 5826 5766 5726 5700 5687 5674 5661 5670 5732 5826 5898 5975 6023 6046 6051 6040 5995 5940 5892 5875 5907 6007 6164 6299 6446 6574 6660 6760 6865 6960 7062 7196 7369
6695 6717 6733 6748 6758 6770 6769 6766 6759 6762 6803 6881 6984 7118 7257 7372 7504 7577 7642 7665 7654 7678 7697 7715 7742 7768 7779 7852 7933 7964 7959 7930 7868 7768 7621 7443 7272 7102 6917 6726 6532 6356 6206 6075 5957 5859 5785 5730 5690 5664 5644 5627 5620 5656 5738 5800 5879 5938 5974 5992 5969 5916 5883 5849 5818 5802 5817 5876 5975 6094 6221 6351 6479 6602 6708 6815 6945 7159 7299
6644 6660 6668 6682 6703 6725 6744 6734 6722 6719 6748 6805 6883 6988 7099 7214 7330 7409 7445 7470 7478 7504 7506 7501 7531 7547 7571 7673 7757 7792 7850 7884 7861 7781 7640 7478 7300 7107 6913 6708 6513 6340 6187 6055 5943 5852 5782 5727 5683 5650 5623 5603 5617 5678 5720 5785 5832 5885 5920 5894 5871 5857 5839 5813 5788 5773 5776 5816 5888 5982 6096 6226 6361 6480 6593 6716 6918 7086 7240
6594 6598 6600 6616 6644 6680 6702 6696 6683 6677 6695 6732 6788 6870 6957 7051 7143 7223 7241 7270 7272 7260 7237 7239 7277 7293 7331 7410 7498 7563 7672 7755 7791 7749 7629 7480 7316 7133 6940 6731 6533 6358 6207 6075 5969 5880 5809 5753 5704 5659 5622 5604 5652 5680 5733 5769 5799 5839 5824 5828 5843 5841 5827 5805 5784 5772 5777 5808 5863 5944 6044 6159 6282 6395 6508 6655 6857 7008 7187
