Capas/PRESENTE/Eje_30s/ASC/bio_03.asc
ncols         993
nrows         433
xllcorner     -105.25566776747
yllcorner     17.599810932142
cellsize      0.0083333333
NODATA_value  -9999
[rows 156 to 194 of 433, columns 88 to 175 of 993]
641 640 641 639 638 639 639 637 636 640 638 638 636 638 637 634 637 636 633 634 631 631 630 632 634 633 630 632 630 631 629 630 629 631 627 629 628 629 625 628 625 628 629 627 627 625 623 624 624 625 -9999 -9999 -9999 624 -9999 -9999 -9999 -9999 -9999 -9999 -9999 619 620 620 621 620 619 617 616 618 615 618 616 617 614 616 616 614 613 616 614 615 615 617 614 616 612 614
641 643 642 640 638 640 642 641 639 637 640 638 637 638 637 638 635 632 634 633 634 633 634 636 634 636 631 632 631 632 630 629 629 628 629 629 627 627 630 629 627 629 626 627 628 625 623 624 626 624 626 625 623 623 -9999 -9999 -9999 -9999 -9999 -9999 -9999 621 620 621 621 619 620 617 619 615 616 616 615 617 617 614 616 614 615 615 613 614 615 613 614 616 615 616
642 640 642 640 643 637 639 641 640 640 640 638 637 639 637 639 638 637 634 636 635 633 634 632 634 633 634 634 633 631 630 631 629 630 631 629 631 631 628 628 631 628 630 627 624 627 626 626 625 625 625 625 623 -9999 -9999 -9999 -9999 -9999 -9999 -9999 620 623 620 619 621 620 619 618 -9999 -9999 -9999 -9999 618 615 617 616 616 614 614 616 615 614 615 616 614 615 613 615
642 644 640 641 643 641 640 639 640 638 641 639 638 639 638 637 635 637 635 635 635 633 634 633 634 633 632 634 631 632 630 631 630 631 629 629 627 629 629 629 629 629 629 630 628 626 627 626 627 625 625 -9999 -9999 -9999 -9999 -9999 -9999 -9999 -9999 623 620 623 623 622 618 617 619 620 -9999 -9999 -9999 -9999 -9999 616 616 616 616 615 617 615 616 616 614 615 614 615 614 614
644 642 640 642 640 642 640 641 644 643 641 642 639 640 641 637 638 635 635 636 635 636 636 634 635 633 631 631 631 630 632 633 632 633 632 631 629 629 629 628 628 629 626 630 629 628 626 628 626 629 625 -9999 -9999 -9999 -9999 -9999 -9999 -9999 620 623 623 620 620 622 621 622 619 -9999 -9999 -9999 -9999 -9999 -9999 619 617 618 618 618 616 617 615 616 617 617 614 614 613 615
645 647 641 642 644 642 644 643 644 639 640 643 642 639 638 637 638 638 636 637 635 637 636 638 634 633 632 630 632 633 633 633 631 630 631 631 629 629 630 627 628 629 630 630 628 629 627 626 629 625 625 626 -9999 -9999 -9999 -9999 -9999 -9999 620 623 623 622 622 621 621 619 618 -9999 -9999 -9999 -9999 -9999 -9999 618 616 618 617 618 616 614 615 615 615 614 613 616 612 612
645 643 645 643 643 642 644 642 645 643 642 643 641 641 642 637 639 638 639 638 639 638 636 637 635 633 634 -9999 -9999 -9999 -9999 -9999 -9999 -9999 -9999 -9999 628 629 629 630 628 629 629 628 628 629 630 628 625 627 625 623 623 -9999 -9999 -9999 -9999 625 625 622 623 622 621 623 623 622 -9999 -9999 -9999 -9999 -9999 -9999 -9999 617 618 617 617 618 619 616 617 615 617 615 616 616 615 613
645 647 645 643 645 644 645 644 645 643 645 643 642 642 640 641 639 637 640 637 639 634 639 637 635 634 634 -9999 -9999 -9999 -9999 -9999 -9999 -9999 -9999 -9999 -9999 -9999 -9999 630 629 632 629 628 631 628 629 629 624 627 624 626 -9999 -9999 -9999 -9999 -9999 -9999 627 626 622 622 625 623 619 621 -9999 -9999 -9999 -9999 -9999 -9999 -9999 617 618 616 616 617 615 617 617 614 616 615 615 615 614 613
646 646 646 647 644 647 646 648 642 644 642 640 641 640 639 641 640 637 639 638 637 638 635 634 636 633 631 -9999 -9999 -9999 -9999 -9999 -9999 -9999 -9999 -9999 -9999 -9999 -9999 -9999 631 630 630 629 628 628 628 627 627 626 -9999 -9999 -9999 -9999 -9999 -9999 -9999 -9999 -9999 627 624 621 623 620 622 -9999 -9999 -9999 -9999 -9999 -9999 -9999 -9999 617 617 618 616 616 618 618 616 617 617 617 614 616 614 612
646 644 646 644 641 646 645 647 645 644 640 644 643 640 638 640 638 636 638 638 639 634 636 634 633 634 635 -9999 -9999 -9999 -9999 -9999 -9999 -9999 -9999 -9999 -9999 -9999 -9999 -9999 -9999 -9999 629 630 628 628 -9999 -9999 -9999 -9999 -9999 -9999 -9999 -9999 -9999 -9999 -9999 -9999 -9999 625 625 625 624 623 621 -9999 -9999 -9999 -9999 -9999 -9999 -9999 618 618 616 615 616 616 617 617 615 616 615 617 614 615 614 614
643 645 643 644 645 643 645 647 645 644 639 640 640 637 640 640 639 638 639 638 637 637 636 634 635 634 633 634 635 634 -9999 -9999 -9999 -9999 -9999 -9999 -9999 -9999 -9999 -9999 -9999 -9999 -9999 -9999 -9999 -9999 -9999 -9999 -9999 -9999 -9999 -9999 -9999 -9999 -9999 -9999 -9999 -9999 -9999 -9999 624 623 623 623 622 -9999 -9999 -9999 -9999 -9999 -9999 -9999 618 617 616 617 615 616 616 617 616 615 617 615 615 618 615 615
643 644 643 641 641 644 645 647 643 643 643 640 641 640 641 640 639 638 638 637 636 637 635 637 635 634 635 633 635 635 633 -9999 -9999 -9999 -9999 -9999 -9999 -9999 -9999 -9999 -9999 -9999 -9999 -9999 -9999 -9999 -9999 -9999 -9999 -9999 -9999 -9999 -9999 -9999 -9999 -9999 -9999 -9999 -9999 -9999 -9999 623 622 622 620 -9999 -9999 -9999 -9999 -9999 618 619 617 618 619 616 618 619 616 616 615 619 617 615 617 618 614 613
643 -9999 643 641 645 646 645 645 642 641 642 641 642 640 641 637 639 637 638 633 638 637 636 637 636 636 635 634 634 633 -9999 -9999 -9999 -9999 -9999 -9999 -9999 -9999 -9999 -9999 -9999 -9999 -9999 -9999 -9999 -9999 -9999 -9999 -9999 -9999 -9999 -9999 -9999 -9999 -9999 -9999 -9999 -9999 -9999 -9999 -9999 622 622 621 623 -9999 -9999 -9999 -9999 -9999 621 619 619 621 618 618 618 617 616 617 613 615 615 617 614 616 613 613
-9999 -9999 641 644 642 644 645 645 645 644 642 640 642 643 642 639 639 637 636 -9999 -9999 -9999 -9999 637 635 636 635 635 633 635 -9999 -9999 -9999 -9999 -9999 -9999 -9999 -9999 -9999 -9999 -9999 -9999 -9999 -9999 -9999 -9999 -9999 -9999 -9999 -9999 -9999 -9999 -9999 -9999 -9999 -9999 -9999 -9999 -9999 -9999 -9999 -9999 623 624 -9999 -9999 -9999 -9999 -9999 621 622 621 619 619 620 618 619 618 617 617 616 615 615 616 615 614 612 615
-9999 -9999 -9999 643 646 647 645 644 642 643 641 644 639 643 638 643 638 640 -9999 -9999 -9999 -9999 -9999 -9999 634 634 637 635 634 634 -9999 -9999 -9999 -9999 -9999 -9999 -9999 -9999 -9999 -9999 -9999 -9999 -9999 -9999 -9999 -9999 -9999 -9999 -9999 -9999 -9999 -9999 -9999 -9999 -9999 -9999 -9999 -9999 -9999 -9999 -9999 -9999 626 622 -9999 -9999 -9999 -9999 -9999 -9999 619 622 620 619 619 -9999 -9999 -9999 617 617 614 616 617 618 616 614 612 615
-9999 -9999 -9999 643 645 646 643 646 641 642 641 639 641 642 641 640 -9999 -9999 -9999 -9999 -9999 -9999 -9999 -9999 -9999 -9999 -9999 -9999 -9999 -9999 -9999 -9999 -9999 -9999 -9999 -9999 -9999 -9999 -9999 -9999 -9999 -9999 -9999 -9999 -9999 -9999 -9999 -9999 -9999 -9999 -9999 -9999 -9999 -9999 -9999 -9999 -9999 -9999 -9999 -9999 -9999 -9999 -9999 -9999 -9999 -9999 -9999 -9999 -9999 -9999 -9999 618 620 620 619 -9999 -9999 -9999 617 616 617 616 614 615 616 617 612 611
-9999 -9999 -9999 -9999 641 646 647 646 640 646 641 642 642 638 640 -9999 -9999 -9999 -9999 -9999 -9999 -9999 -9999 -9999 -9999 -9999 -9999 -9999 -9999 -9999 -9999 -9999 -9999 -9999 -9999 -9999 -9999 -9999 -9999 -9999 -9999 -9999 -9999 -9999 -9999 -9999 -9999 -9999 -9999 -9999 -9999 -9999 -9999 -9999 -9999 -9999 -9999 -9999 -9999 -9999 -9999 -9999 -9999 -9999 -9999 -9999 -9999 -9999 -9999 -9999 -9999 -9999 619 620 -9999 -9999 -9999 -9999 -9999 616 616 615 616 614 615 616 614 613
-9999 -9999 -9999 -9999 644 645 644 645 644 642 640 641 642 642 640 639 -9999 -9999 -9999 -9999 -9999 -9999 -9999 -9999 -9999 -9999 -9999 -9999 -9999 -9999 -9999 -9999 -9999 -9999 -9999 -9999 -9999 -9999 -9999 -9999 -9999 -9999 -9999 -9999 -9999 -9999 -9999 -9999 -9999 -9999 -9999 -9999 -9999 -9999 -9999 -9999 -9999 -9999 -9999 -9999 -9999 -9999 -9999 -9999 -9999 -9999 -9999 -9999 -9999 -9999 -9999 -9999 -9999 622 -9999 -9999 -9999 -9999 -9999 615 618 614 615 617 617 614 613 612
-9999 -9999 -9999 -9999 -9999 644 644 644 642 641 643 643 639 640 638 640 640 -9999 -9999 -9999 -9999 -9999 -9999 -9999 -9999 -9999 -9999 -9999 -9999 -9999 -9999 -9999 -9999 -9999 -9999 -9999 -9999 -9999 -9999 -9999 -9999 -9999 -9999 -9999 -9999 -9999 -9999 -9999 -9999 -9999 -9999 -9999 -9999 -9999 -9999 -9999 -9999 -9999 -9999 -9999 -9999 -9999 -9999 -9999 -9999 -9999 -9999 -9999 -9999 -9999 -9999 -9999 -9999 -9999 -9999 -9999 -9999 -9999 -9999 -9999 -9999 616 617 615 614 615 613 614
-9999 -9999 -9999 -9999 -9999 -9999 644 642 645 643 642 644 642 644 645 643 642 639 -9999 -9999 -9999 -9999 -9999 -9999 -9999 -9999 -9999 -9999 -9999 -9999 -9999 -9999 -9999 -9999 -9999 632 -9999 -9999 -9999 -9999 -9999 -9999 -9999 -9999 -9999 -9999 -9999 -9999 -9999 -9999 -9999 -9999 -9999 -9999 -9999 -9999 -9999 -9999 -9999 -9999 -9999 -9999 -9999 -9999 -9999 -9999 -9999 -9999 -9999 -9999 -9999 -9999 -9999 -9999 -9999 -9999 -9999 -9999 -9999 -9999 -9999 616 616 617 618 614 615 614
-9999 -9999 -9999 -9999 -9999 -9999 -9999 -9999 645 646 645 645 645 646 644 643 640 639 639 -9999 -9999 -9999 -9999 -9999 -9999 -9999 -9999 -9999 -9999 -9999 -9999 -9999 -9999 632 634 634 635 633 631 634 -9999 -9999 -9999 -9999 -9999 -9999 -9999 -9999 -9999 -9999 -9999 -9999 -9999 -9999 -9999 -9999 -9999 -9999 -9999 -9999 -9999 -9999 -9999 -9999 -9999 -9999 -9999 -9999 -9999 -9999 -9999 -9999 -9999 -9999 -9999 -9999 -9999 -9999 -9999 -9999 -9999 618 618 617 616 613 614 615
-9999 -9999 -9999 -9999 -9999 -9999 -9999 -9999 644 647 643 642 643 646 644 642 640 640 638 638 -9999 -9999 -9999 -9999 -9999 -9999 -9999 635 633 -9999 -9999 -9999 633 634 635 635 631 631 635 -9999 -9999 -9999 -9999 -9999 -9999 -9999 -9999 -9999 -9999 -9999 -9999 -9999 -9999 -9999 -9999 -9999 -9999 -9999 -9999 -9999 -9999 -9999 -9999 -9999 -9999 -9999 -9999 -9999 -9999 -9999 -9999 -9999 -9999 -9999 -9999 -9999 -9999 -9999 -9999 -9999 617 617 617 615 616 615 616 615
-9999 -9999 -9999 -9999 -9999 -9999 -9999 -9999 642 644 643 641 645 640 643 640 641 640 640 640 638 -9999 -9999 -9999 -9999 -9999 638 636 633 635 636 631 632 633 633 632 635 632 630 -9999 -9999 -9999 -9999 -9999 -9999 -9999 -9999 -9999 -9999 -9999 -9999 -9999 -9999 -9999 -9999 -9999 -9999 -9999 -9999 -9999 -9999 -9999 -9999 -9999 -9999 -9999 -9999 -9999 -9999 -9999 -9999 -9999 -9999 -9999 -9999 -9999 -9999 -9999 -9999 -9999 620 616 616 616 616 614 615 614
-9999 -9999 -9999 -9999 -9999 -9999 -9999 -9999 -9999 643 642 642 641 643 641 642 641 642 644 640 637 -9999 -9999 -9999 -9999 636 637 635 635 633 635 635 637 635 635 633 633 631 -9999 -9999 -9999 -9999 -9999 -9999 -9999 -9999 -9999 -9999 -9999 -9999 -9999 -9999 -9999 -9999 -9999 -9999 -9999 -9999 -9999 -9999 -9999 -9999 -9999 -9999 -9999 -9999 -9999 -9999 -9999 -9999 -9999 -9999 -9999 -9999 -9999 -9999 -9999 -9999 -9999 617 618 615 615 617 616 615 615 615
-9999 -9999 -9999 -9999 -9999 -9999 -9999 -9999 -9999 -9999 -9999 -9999 640 639 639 638 639 642 642 639 635 -9999 -9999 -9999 -9999 637 636 637 635 635 635 635 636 636 634 634 633 -9999 -9999 -9999 -9999 -9999 -9999 -9999 -9999 -9999 -9999 -9999 -9999 -9999 -9999 -9999 -9999 -9999 -9999 -9999 -9999 -9999 -9999 -9999 -9999 -9999 -9999 -9999 -9999 -9999 -9999 -9999 -9999 -9999 -9999 -9999 -9999 -9999 -9999 -9999 -9999 -9999 -9999 618 616 615 617 615 617 618 616 617
-9999 -9999 -9999 -9999 -9999 -9999 -9999 -9999 -9999 -9999 -9999 -9999 -9999 -9999 641 643 642 639 641 638 636 -9999 -9999 -9999 -9999 637 637 636 636 636 635 637 638 638 635 636 632 -9999 -9999 -9999 -9999 -9999 630 630 631 -9999 -9999 -9999 -9999 -9999 -9999 -9999 -9999 -9999 -9999 -9999 -9999 -9999 -9999 -9999 -9999 -9999 -9999 -9999 -9999 -9999 -9999 -9999 -9999 -9999 -9999 -9999 -9999 -9999 -9999 -9999 -9999 -9999 -9999 616 619 620 617 617 615 616 615 617
-9999 -9999 -9999 -9999 -9999 -9999 -9999 -9999 -9999 -9999 -9999 -9999 -9999 -9999 644 643 644 641 636 637 636 639 -9999 -9999 -9999 637 636 636 638 635 636 638 636 635 634 634 631 633 633 630 629 632 631 630 629 627 -9999 -9999 -9999 628 629 -9999 -9999 -9999 -9999 -9999 -9999 -9999 -9999 -9999 -9999 -9999 -9999 -9999 -9999 -9999 -9999 -9999 -9999 -9999 -9999 -9999 -9999 -9999 -9999 -9999 -9999 -9999 618 619 617 618 617 618 616 615 617 615
-9999 -9999 -9999 -9999 -9999 -9999 -9999 -9999 -9999 -9999 -9999 -9999 -9999 -9999 639 640 642 643 641 639 638 638 636 637 636 635 635 635 636 637 635 636 636 633 633 632 630 632 630 634 632 629 632 631 630 628 630 628 628 629 628 625 -9999 -9999 -9999 -9999 -9999 -9999 -9999 -9999 -9999 -9999 -9999 -9999 -9999 -9999 -9999 -9999 -9999 -9999 -9999 -9999 -9999 -9999 -9999 -9999 -9999 -9999 620 616 615 617 618 616 615 617 614 614
-9999 -9999 -9999 -9999 -9999 -9999 -9999 -9999 -9999 -9999 -9999 -9999 -9999 -9999 -9999 643 643 641 640 641 638 639 636 636 634 635 636 637 637 639 637 638 634 633 629 633 633 635 631 633 630 631 631 631 630 628 628 630 629 627 626 626 623 -9999 -9999 -9999 -9999 -9999 -9999 -9999 -9999 -9999 -9999 -9999 -9999 -9999 -9999 -9999 -9999 -9999 -9999 -9999 -9999 -9999 -9999 -9999 -9999 -9999 618 618 617 618 616 615 617 615 613 615
-9999 -9999 -9999 -9999 -9999 -9999 -9999 -9999 -9999 -9999 -9999 -9999 -9999 -9999 -9999 -9999 642 641 641 640 641 635 636 638 639 633 637 639 636 637 637 635 633 633 633 633 631 632 633 631 630 631 631 629 630 629 630 630 630 627 628 627 624 -9999 -9999 -9999 -9999 -9999 -9999 -9999 -9999 -9999 -9999 -9999 -9999 -9999 -9999 -9999 -9999 -9999 -9999 -9999 -9999 -9999 -9999 -9999 -9999 -9999 619 616 615 617 615 617 616 617 617 617
-9999 -9999 -9999 -9999 -9999 -9999 -9999 -9999 -9999 -9999 -9999 -9999 -9999 -9999 -9999 -9999 -9999 642 639 640 638 639 637 639 634 635 636 637 638 638 636 634 635 631 632 633 634 633 630 630 631 631 629 628 627 631 631 631 630 626 627 627 624 -9999 -9999 -9999 -9999 -9999 -9999 -9999 -9999 -9999 -9999 -9999 -9999 -9999 -9999 -9999 -9999 -9999 -9999 -9999 -9999 -9999 -9999 -9999 -9999 -9999 617 618 616 618 616 615 617 617 617 613
-9999 -9999 -9999 -9999 -9999 -9999 -9999 -9999 -9999 -9999 -9999 -9999 -9999 -9999 -9999 -9999 -9999 -9999 639 638 638 638 639 637 635 637 637 638 636 636 637 635 634 632 634 633 634 632 635 632 633 631 630 631 627 632 632 631 627 626 626 626 625 624 -9999 -9999 -9999 -9999 -9999 -9999 -9999 -9999 -9999 -9999 -9999 -9999 -9999 -9999 -9999 -9999 -9999 -9999 -9999 -9999 -9999 -9999 -9999 -9999 618 616 618 617 614 618 615 617 615 617
-9999 -9999 -9999 -9999 -9999 -9999 -9999 -9999 -9999 -9999 -9999 -9999 -9999 -9999 -9999 -9999 -9999 -9999 -9999 -9999 639 636 637 638 639 637 639 636 633 634 635 635 636 636 634 633 633 632 633 630 630 627 631 631 632 632 632 632 629 630 626 626 624 626 626 -9999 -9999 -9999 -9999 -9999 -9999 -9999 -9999 -9999 -9999 -9999 -9999 -9999 -9999 -9999 -9999 -9999 -9999 -9999 -9999 -9999 -9999 -9999 617 615 616 615 617 615 617 616 617 616
-9999 -9999 -9999 -9999 -9999 -9999 -9999 -9999 -9999 -9999 -9999 -9999 -9999 -9999 -9999 -9999 -9999 -9999 -9999 -9999 -9999 -9999 636 637 638 638 639 637 635 635 635 637 633 634 634 636 632 632 633 633 632 631 632 629 629 632 632 630 628 626 627 626 626 624 623 623 -9999 -9999 -9999 -9999 -9999 -9999 -9999 -9999 -9999 -9999 -9999 -9999 -9999 -9999 -9999 -9999 -9999 -9999 -9999 -9999 -9999 -9999 617 620 618 616 618 616 616 616 617 616
-9999 -9999 -9999 -9999 -9999 -9999 -9999 -9999 -9999 -9999 -9999 -9999 -9999 -9999 -9999 -9999 -9999 -9999 -9999 -9999 -9999 634 637 637 638 639 637 638 632 635 637 635 635 635 632 635 633 633 630 630 630 632 633 632 629 631 631 628 627 628 627 627 627 624 626 623 622 -9999 -9999 -9999 -9999 -9999 -9999 -9999 -9999 -9999 -9999 -9999 -9999 -9999 -9999 -9999 -9999 -9999 -9999 -9999 -9999 -9999 618 617 616 617 617 616 615 619 618 617
-9999 -9999 -9999 -9999 -9999 -9999 -9999 -9999 -9999 -9999 -9999 -9999 -9999 -9999 -9999 -9999 -9999 -9999 -9999 -9999 635 636 635 635 636 638 635 636 636 634 635 637 636 635 637 633 634 631 632 632 632 633 635 629 629 631 631 631 628 628 628 627 627 627 623 621 620 619 619 -9999 -9999 -9999 -9999 -9999 -9999 -9999 -9999 -9999 -9999 -9999 -9999 -9999 -9999 -9999 -9999 -9999 -9999 -9999 614 619 613 618 616 616 618 615 617 616
-9999 -9999 -9999 -9999 -9999 -9999 -9999 -9999 -9999 -9999 -9999 -9999 -9999 -9999 -9999 -9999 -9999 -9999 -9999 640 637 635 636 636 635 637 636 637 634 635 634 634 636 634 633 631 632 631 632 630 633 630 631 633 631 629 631 630 629 628 628 628 626 624 624 623 624 620 620 620 -9999 -9999 -9999 -9999 -9999 -9999 -9999 -9999 -9999 -9999 -9999 -9999 -9999 -9999 -9999 -9999 -9999 -9999 -9999 614 617 617 617 616 617 617 616 615
-9999 -9999 -9999 -9999 -9999 -9999 -9999 -9999 -9999 -9999 -9999 -9999 -9999 -9999 -9999 -9999 -9999 -9999 -9999 637 638 636 636 637 634 633 633 634 634 635 636 634 633 635 633 631 632 631 632 633 634 634 631 633 632 632 631 631 632 629 628 628 628 625 625 625 622 620 618 619 617 619 -9999 -9999 -9999 -9999 -9999 -9999 -9999 -9999 -9999 -9999 -9999 -9999 -9999 -9999 -9999 -9999 -9999 614 617 619 616 616 616 617 616 616
-9999 -9999 -9999 -9999 -9999 -9999 -9999 -9999 -9999 -9999 -9999 -9999 -9999 -9999 -9999 -9999 -9999 -9999 -9999 638 638 636 633 636 636 633 634 635 636 633 634 637 634 634 632 632 633 633 630 634 633 632 634 634 632 631 632 632 632 633 628 628 626 626 624 624 624 621 617 620 620 617 620 619 -9999 -9999 -9999 -9999 -9999 -9999 -9999 -9999 -9999 -9999 -9999 -9999 -9999 -9999 -9999 -9999 615 618 616 617 616 620 619 618
