Capas/PRESENTE/Eje_30s/ASC/bio_15.asc
ncols         993
nrows         433
xllcorner     -105.25566776747
yllcorner     17.599810932142
cellsize      0.0083333333
NODATA_value  -9999
[rows 228 to 265 of 433, columns 595 to 679 of 993]
1027 1026 1025 1024 1022 1020 1018 1016 1013 1011 1008 1006 1003 1001 999 997 995 992 990 987 984 981 979 977 974 972 970 968 966 964 962 960 959 957 955 953 952 950 950 949 949 949 949 949 948 947 946 945 943 942 941 941 941 940 940 940 940 940 939 938 937 936 934 932 930 928 927 925 923 922 921 920 920 920 920 920 921 922 923 924 926 927 929 930 932
1028 1028 1027 1025 1023 1021 1019 1017 1014 1012 1009 1007 1005 1003 1001 998 996 994 991 989 986 983 980 977 975 973 971 968 966 964 962 960 958 956 954 952 951 950 948 948 947 947 948 948 947 946 945 944 942 941 940 939 939 939 939 939 940 939 939 938 937 935 934 932 931 929 927 926 924 923 923 922 921 921 921 921 922 923 924 926 927 929 930 931 933
1030 1029 1028 1027 1024 1022 1020 1018 1016 1013 1011 1009 1006 1004 1002 1000 997 995 992 990 987 984 981 979 976 974 971 969 967 965 962 960 958 956 954 952 950 949 947 947 946 946 947 947 946 945 944 942 941 940 939 938 938 938 938 938 939 939 938 938 936 935 934 932 931 929 928 926 925 924 924 923 923 923 923 923 924 925 926 927 929 930 931 932 934
1032 1031 1029 1028 1026 1023 1021 1019 1017 1014 1012 1010 1007 1005 1003 1001 999 997 994 991 988 986 983 980 977 975 972 970 967 965 963 960 958 956 954 952 950 949 947 946 946 945 945 946 945 944 943 941 940 938 937 937 936 937 937 937 937 937 937 937 936 935 933 932 931 929 928 927 926 926 925 925 925 925 925 926 926 928 928 930 931 932 933 934 935
1034 1032 1031 1029 1027 1025 1022 1020 1017 1015 1013 1011 1009 1007 1004 1002 1000 998 995 992 990 987 984 981 979 976 973 971 968 966 963 961 959 957 955 952 951 949 948 946 945 945 944 944 943 942 941 940 939 937 936 935 935 935 935 936 936 936 936 936 935 934 933 932 931 930 929 928 927 927 927 927 927 927 928 928 929 930 931 932 933 934 935 936 937
1036 1034 1032 1030 1028 1025 1023 1021 1019 1016 1014 1012 1010 1008 1005 1003 1001 999 996 994 991 988 985 982 980 977 974 972 969 966 964 961 959 957 956 953 952 950 948 947 946 944 944 942 942 941 940 939 938 936 935 934 934 934 934 934 935 935 935 935 934 934 933 932 931 930 930 929 929 929 929 929 930 929 930 931 932 932 934 935 935 936 937 938 938
1037 1035 1033 1031 1028 1026 1024 1022 1019 1017 1015 1013 1010 1008 1006 1005 1002 1000 998 995 992 990 987 984 981 978 975 972 970 967 965 963 960 958 957 955 953 952 950 948 947 945 943 942 941 940 939 938 937 936 935 934 933 933 933 933 933 934 934 934 934 933 933 932 931 931 930 930 930 931 931 931 932 932 933 934 934 935 936 937 938 939 939 940 940
-9999 -9999 1034 1032 1029 1027 1025 1023 1020 1018 1016 1013 1011 1010 1007 1006 1003 1001 999 996 994 991 988 985 983 979 977 974 971 968 966 963 961 960 958 956 955 953 951 949 947 945 943 941 940 938 938 937 936 935 935 934 933 933 932 932 932 933 933 933 933 933 932 932 931 931 931 931 932 932 933 933 934 935 935 936 937 938 939 940 941 941 942 942 943
-9999 -9999 -9999 -9999 -9999 -9999 1026 1023 1021 1018 1016 1014 1012 1010 1008 1006 1004 1002 1000 998 995 993 990 987 984 981 978 975 972 969 967 965 963 961 960 958 957 955 953 951 949 946 943 941 939 938 937 936 936 935 934 934 933 932 932 932 932 932 933 933 932 932 932 932 932 932 932 933 933 934 935 935 936 937 937 938 939 940 941 942 943 944 944 945 945
-9999 -9999 -9999 -9999 -9999 -9999 -9999 -9999 -9999 1019 1017 1015 1013 1011 1009 1007 1005 1003 1002 999 997 995 992 989 986 983 979 976 973 970 968 966 964 963 961 960 958 956 954 952 950 947 944 942 940 938 936 935 935 934 934 933 932 932 931 931 931 932 932 932 932 932 932 932 932 932 933 934 934 935 936 937 938 939 939 940 941 942 943 944 945 946 947 947 947
-9999 -9999 -9999 -9999 -9999 -9999 -9999 -9999 -9999 -9999 1017 1016 1013 1012 1010 1008 1007 1005 1003 1002 999 997 994 991 988 985 981 978 975 972 969 967 965 963 962 961 960 958 956 953 951 948 945 943 940 938 936 935 934 934 933 932 932 931 931 931 931 931 931 931 931 931 931 931 932 932 933 934 935 936 937 938 939 940 941 942 943 944 945 946 947 948 949 949 950
-9999 -9999 -9999 -9999 -9999 -9999 -9999 -9999 -9999 -9999 -9999 -9999 1014 1013 1011 1010 1008 1007 1005 1003 1001 999 996 993 990 986 983 979 976 973 970 968 966 964 963 961 960 958 956 954 951 949 946 944 941 938 936 934 934 933 932 932 931 931 930 930 930 930 930 930 930 930 930 930 931 932 933 934 936 937 938 939 940 942 942 943 945 946 947 948 949 950 951 952 952
-9999 -9999 -9999 -9999 -9999 -9999 -9999 -9999 -9999 -9999 -9999 -9999 -9999 1014 1012 1011 1010 1008 1007 1005 1003 1001 998 995 991 988 984 981 978 974 971 969 967 965 963 962 960 958 956 953 951 949 946 944 941 938 936 935 934 933 932 931 930 930 930 930 930 929 929 929 929 929 929 929 930 931 932 934 935 937 938 940 941 942 944 944 946 947 948 949 951 952 953 954 954
-9999 -9999 -9999 -9999 -9999 -9999 -9999 -9999 -9999 -9999 -9999 -9999 1016 1015 1013 1012 1011 1010 1008 1007 1005 1003 1000 997 993 990 986 982 979 976 972 970 967 965 963 961 959 957 955 952 950 948 946 944 941 938 936 935 934 933 931 930 929 929 929 929 929 929 928 928 928 928 927 928 929 930 931 932 934 936 938 940 942 943 944 946 947 948 950 951 952 954 955 956 956
-9999 -9999 -9999 -9999 -9999 -9999 -9999 -9999 -9999 -9999 -9999 -9999 1017 1016 1015 1014 1012 1011 1010 1008 1006 1004 1001 998 995 991 987 984 981 977 974 971 968 966 963 961 959 957 954 952 949 948 946 944 942 939 937 935 934 933 931 930 928 928 928 928 928 928 928 928 927 927 927 927 928 928 930 931 933 935 937 939 941 943 945 946 948 949 951 952 954 955 956 957 958
-9999 -9999 -9999 -9999 -9999 -9999 -9999 -9999 -9999 -9999 -9999 -9999 1018 1017 1016 1015 1014 1013 1011 1010 1007 1005 1002 999 996 993 989 985 982 979 975 972 969 966 963 961 958 956 953 951 949 947 945 944 942 940 937 936 934 933 931 929 928 927 927 927 927 927 928 927 927 927 926 926 927 927 929 930 932 934 936 938 940 943 945 947 948 950 951 953 955 956 958 959 960
-9999 -9999 -9999 -9999 -9999 -9999 -9999 -9999 -9999 -9999 -9999 1020 1019 1018 1017 1016 1015 1014 1012 1011 1008 1006 1003 1000 997 994 990 987 983 980 976 973 969 966 963 961 958 956 953 951 948 947 945 944 942 940 938 936 935 933 931 929 928 927 926 927 927 927 928 928 927 927 926 926 926 927 928 929 930 932 934 937 939 942 944 947 948 950 952 954 956 957 959 960 961
-9999 -9999 -9999 -9999 -9999 -9999 -9999 -9999 -9999 -9999 1021 1020 1019 1018 1018 1017 1016 1015 1013 1011 1009 1007 1004 1001 998 995 991 988 985 981 977 974 970 967 964 961 958 955 953 950 948 946 946 944 943 941 939 937 935 933 931 929 927 927 926 926 927 928 928 928 928 927 926 926 926 926 927 928 929 931 933 935 938 941 943 946 949 951 953 955 956 958 960 961 963
-9999 -9999 -9999 -9999 -9999 -9999 -9999 -9999 -9999 1022 1021 1020 1019 1019 1018 1017 1017 1016 1014 1012 1010 1007 1005 1002 999 995 992 989 986 982 979 975 971 967 964 961 958 955 953 950 948 947 946 944 943 941 939 937 935 933 931 929 928 927 926 927 927 928 928 929 928 928 927 927 926 926 927 927 928 930 932 934 937 939 943 946 948 951 953 955 957 959 961 963 964
-9999 -9999 -9999 -9999 -9999 -9999 -9999 -9999 1023 1022 1021 1020 1019 1019 1018 1018 1017 1016 1015 1013 1010 1008 1005 1002 999 996 993 990 986 983 979 975 972 968 964 961 958 955 953 950 949 947 946 944 943 941 939 937 935 934 931 929 928 927 927 927 928 929 929 929 929 929 928 927 927 927 927 927 928 929 931 933 935 939 942 945 948 951 953 956 958 960 962 963 965
-9999 -9999 -9999 -9999 -9999 -9999 -9999 1024 1022 1021 1020 1019 1019 1018 1018 1018 1017 1016 1015 1013 1010 1008 1005 1002 999 996 993 990 987 983 980 976 972 968 965 961 958 956 953 951 949 947 946 944 942 941 939 937 936 934 932 930 928 928 927 928 929 929 930 930 930 930 929 929 928 928 927 927 928 929 930 932 935 938 941 944 948 951 953 956 958 960 962 964 965
-9999 -9999 -9999 -9999 -9999 -9999 1026 1024 1022 1021 1020 1018 1018 1017 1017 1017 1016 1015 1014 1012 1010 1007 1004 1002 999 997 994 991 987 984 980 976 972 968 965 961 958 956 953 951 949 948 946 944 943 941 939 938 936 934 932 930 929 929 929 929 930 931 931 931 931 931 931 931 930 929 929 929 928 929 930 931 934 937 940 944 947 950 953 956 958 960 962 964 965
-9999 -9999 -9999 -9999 -9999 1029 1026 1024 1022 1020 1019 1018 1017 1016 1015 1015 1015 1014 1013 1011 1008 1006 1004 1001 999 996 994 991 988 984 980 976 973 969 965 962 959 956 954 951 950 948 946 945 943 942 940 938 936 935 933 931 930 930 930 930 931 932 932 932 932 932 932 932 932 931 931 930 929 929 930 931 934 937 940 943 947 950 953 956 958 960 962 964 965
-9999 -9999 -9999 -9999 -9999 1029 1027 1024 1022 1020 1019 1017 1016 1015 1014 1013 1013 1012 1011 1009 1007 1004 1002 1000 998 996 993 991 988 984 980 976 972 969 965 962 959 956 954 952 950 948 947 945 943 942 941 939 937 935 934 932 932 931 931 932 932 932 933 933 933 933 934 934 933 933 932 931 930 930 930 932 934 936 940 943 947 950 953 955 958 960 961 963 964
-9999 -9999 -9999 -9999 1032 1030 1027 1025 1022 1021 1019 1017 1015 1013 1012 1012 1011 1010 1009 1007 1005 1003 1001 999 997 995 993 990 987 983 980 976 972 969 965 962 960 957 955 952 951 949 947 946 944 943 941 940 938 936 935 933 933 933 933 933 933 933 933 933 933 933 934 934 934 933 932 931 931 931 931 932 934 937 940 943 947 950 953 955 957 959 961 962 964
-9999 -9999 -9999 -9999 1033 1030 1028 1025 1023 1021 1019 1016 1014 1013 1011 1010 1009 1008 1007 1005 1003 1001 999 997 996 994 992 989 986 983 979 976 972 969 966 963 960 958 955 953 951 949 948 947 945 944 942 941 939 937 936 935 934 934 934 934 934 933 933 933 933 933 933 933 933 933 932 932 931 931 932 933 935 937 940 943 947 949 952 954 956 958 960 961 963
-9999 -9999 -9999 1035 1033 1031 1028 1026 1023 1021 1019 1016 1014 1012 1011 1009 1008 1006 1005 1003 1001 999 997 996 994 993 991 988 985 982 979 975 972 969 966 963 961 958 956 954 952 950 949 947 946 945 943 942 940 939 937 936 936 935 935 935 934 934 933 933 932 932 932 933 933 932 932 932 932 932 933 934 936 938 941 944 947 949 952 954 956 957 959 960 962
-9999 -9999 -9999 1036 1033 1031 1029 1026 1024 1021 1019 1016 1014 1012 1010 1008 1007 1005 1003 1001 1000 998 996 995 993 992 989 987 984 981 978 975 972 969 967 964 962 959 957 955 953 951 950 948 947 946 945 943 941 940 939 938 937 937 936 935 934 933 933 932 932 931 931 932 932 932 932 932 932 933 934 935 937 939 941 944 947 949 951 953 955 956 958 959 961
-9999 -9999 -9999 1037 1034 1032 1029 1026 1024 1022 1019 1017 1014 1012 1010 1008 1006 1004 1002 1000 998 997 995 994 992 991 989 986 984 981 978 975 972 970 967 965 962 960 958 956 954 953 951 949 948 947 946 944 943 941 940 939 939 938 937 936 935 934 933 932 931 930 930 930 931 931 931 932 933 934 935 936 938 940 942 944 947 949 951 952 954 955 957 958 959
-9999 -9999 -9999 1037 1035 1032 1030 1027 1024 1022 1019 1017 1014 1012 1010 1008 1006 1004 1001 999 998 996 995 993 992 990 988 986 983 981 978 975 973 971 968 966 963 961 959 957 955 954 952 951 950 948 947 946 944 943 942 941 940 939 938 937 935 934 932 931 931 930 930 930 930 930 931 932 933 934 936 937 939 941 943 945 947 948 949 951 952 954 955 957 958
-9999 -9999 -9999 1039 1036 1033 1030 1027 1025 1022 1020 1017 1015 1012 1010 1008 1006 1003 1001 999 998 996 995 993 992 990 987 985 983 981 978 976 974 971 969 967 964 962 960 959 957 955 954 952 951 950 948 947 945 944 943 943 942 941 939 938 936 934 933 931 930 929 929 929 929 930 931 932 933 934 936 938 940 942 944 945 946 947 948 949 950 952 953 954 956
-9999 -9999 -9999 -9999 1037 1034 1031 1028 1025 1022 1020 1018 1015 1013 1010 1008 1006 1004 1001 1000 998 997 995 993 992 990 988 986 984 981 979 977 974 972 970 968 966 964 962 960 959 957 956 954 952 951 949 948 947 946 945 944 943 942 940 939 937 935 933 932 931 930 929 929 929 929 930 931 933 935 936 938 941 942 944 945 945 946 946 947 948 949 951 952 954
-9999 -9999 -9999 -9999 -9999 1034 1031 1028 1025 1023 1020 1018 1015 1013 1011 1009 1006 1004 1002 1000 998 997 996 994 992 990 988 986 984 982 980 978 975 973 971 969 967 965 963 962 960 958 957 955 954 952 951 950 948 948 947 946 945 944 942 940 939 936 935 933 931 930 929 929 929 929 930 931 933 935 937 939 941 942 943 944 944 944 944 944 945 947 948 950 951
-9999 -9999 -9999 -9999 -9999 -9999 1032 1029 1026 1023 1021 1018 1016 1013 1011 1009 1007 1005 1003 1001 999 998 996 994 993 991 989 987 985 983 981 979 976 974 972 970 968 966 965 963 962 960 958 957 955 954 952 951 950 950 949 948 947 946 944 942 940 938 936 934 933 931 930 930 930 930 931 932 933 935 937 938 940 941 942 942 941 941 941 941 942 944 945 947 948
-9999 -9999 -9999 -9999 -9999 -9999 -9999 -9999 1027 1024 1021 1018 1016 1014 1011 1009 1007 1005 1003 1002 1000 998 997 995 993 991 990 988 986 984 982 979 977 975 973 971 969 968 966 964 963 961 959 958 956 955 954 953 952 951 951 950 949 948 946 944 942 940 938 936 935 933 932 932 932 932 932 933 934 935 936 938 939 940 940 939 939 939 939 939 940 942 943 944 946
-9999 -9999 -9999 -9999 -9999 -9999 -9999 -9999 -9999 1024 1021 1019 1016 1014 1012 1010 1008 1006 1004 1002 1001 999 997 996 994 992 991 989 987 985 982 980 978 976 974 972 970 969 967 965 964 962 960 959 958 956 955 954 954 953 952 951 950 949 948 946 944 943 940 939 937 935 934 934 933 933 933 934 934 935 936 937 937 938 938 937 937 937 937 937 938 939 941 943 944
-9999 -9999 -9999 -9999 -9999 -9999 -9999 -9999 -9999 -9999 1022 1019 1017 1014 1012 1010 1008 1006 1005 1003 1001 1000 998 996 995 993 991 990 988 986 983 981 979 977 975 973 971 969 968 966 964 963 961 960 958 957 956 956 955 954 954 953 952 951 950 949 947 945 943 941 939 937 936 935 935 934 934 934 935 935 935 936 936 936 936 936 935 935 936 936 937 939 940 942 943
-9999 -9999 -9999 -9999 -9999 -9999 -9999 -9999 -9999 -9999 1022 1019 1016 1014 1013 1010 1009 1007 1005 1004 1002 1000 999 997 996 994 992 990 988 986 984 982 980 978 976 974 972 970 968 966 965 963 962 961 960 958 958 957 956 956 955 954 954 953 952 951 949 947 945 943 941 939 938 937 936 935 935 935 935 935 935 935 935 935 935 935 935 935 936 937 938 939 940 942 943
