Capas/PRESENTE/Eje_30s/ASC/bio_01.asc
ncols         993
nrows         433
xllcorner     -105.25566776747
yllcorner     17.599810932142
cellsize      0.0083333333
NODATA_value  -9999
[rows 144 to 179 of 433, columns 656 to 737 of 993]
2865 2866 2866 2867 2867 2868 2867 2867 2867 2868 2869 2869 2869 2868 2868 2868 2866 2863 2862 2861 2862 2862 2863 2865 2867 2869 2870 2873 2874 2876 2878 2879 2880 2881 2881 2882 2883 2883 2884 2884 2885 2886 2886 2883 2880 2881 2880 -9999 -9999 -9999 -9999 -9999 -9999 -9999 -9999 -9999 -9999 -9999 -9999 -9999 -9999 -9999 -9999 -9999 -9999 -9999 -9999 -9999 -9999 2900 2900 2899 2897 2894 2889 2891 2894 -9999 -9999 -9999 -9999 -9999
2865 2866 2866 2867 2866 2867 2867 2867 2867 2868 2868 2868 2868 2867 2867 2867 2863 2862 2861 2861 2862 2862 2863 2865 2867 2868 2869 2871 2873 2875 2876 2877 2880 2881 2881 2882 2882 2882 2883 2884 2884 2886 2886 2884 2883 2883 2885 -9999 -9999 -9999 -9999 -9999 -9999 -9999 -9999 -9999 -9999 -9999 -9999 -9999 -9999 -9999 -9999 -9999 -9999 -9999 -9999 2897 2898 2898 2899 2899 2898 2890 2891 2895 2895 -9999 -9999 -9999 -9999 -9999
2864 2864 2865 2865 2865 2867 2867 2868 2868 2868 2868 2868 2868 2867 2866 2864 2862 2861 2862 2862 2862 2863 2864 2864 2866 2868 2871 2873 2874 2876 2878 2879 2880 2880 2881 2881 2882 2882 2883 2884 2884 2885 2885 2885 2887 2884 2888 -9999 -9999 -9999 -9999 -9999 -9999 -9999 -9999 -9999 -9999 -9999 -9999 -9999 -9999 -9999 -9999 -9999 -9999 2897 2896 2892 2896 2897 2898 2898 2899 2897 2896 2897 2896 2895 -9999 -9999 -9999 -9999
2863 2863 2865 2865 2866 2867 2867 2868 2868 2868 2868 2868 2867 2865 2865 2864 2864 2863 2862 2863 2863 2863 2864 2863 2866 2868 2870 2872 2874 2876 2878 2879 2879 2880 2881 2881 2882 2882 2883 2883 2884 2885 2885 2885 2887 2885 2888 -9999 -9999 -9999 -9999 -9999 -9999 -9999 -9999 -9999 -9999 -9999 -9999 -9999 -9999 -9999 -9999 2893 2896 2895 2896 2893 2893 2895 2896 2897 2897 2899 2897 2896 2895 2894 2894 -9999 -9999 -9999
2860 2861 2864 2866 2866 2867 2867 2867 2868 2868 2868 2868 2867 2866 2865 2865 2864 2863 2863 2865 2865 2864 2864 2865 2867 2869 2870 2872 2874 2876 2877 2878 2880 2880 2881 2881 2881 2882 2882 2884 2885 2885 2886 2887 2888 2890 2892 2895 -9999 -9999 -9999 -9999 -9999 -9999 -9999 -9999 -9999 -9999 -9999 -9999 -9999 2896 2894 2894 2895 2894 2894 2893 2891 2893 2895 2896 2895 2898 2898 2897 2897 2896 2894 2893 -9999 -9999
2858 2859 2863 2861 2866 2867 2867 2867 2867 2868 2868 2868 2867 2867 2867 2866 2866 2866 2864 2866 2866 2864 2864 2866 2867 2869 2871 2872 2874 2875 2876 2877 2878 2879 2880 2881 2881 2882 2883 2883 2885 2887 2888 2890 2889 2891 2894 2895 2897 -9999 -9999 -9999 -9999 -9999 -9999 -9999 -9999 -9999 -9999 2898 -9999 2895 2890 2890 2890 2893 2893 2890 2891 2892 2893 2894 2896 2898 2898 2897 2896 2894 2893 2893 2893 2892
2864 2864 2864 2865 2865 2867 2867 2867 2868 2868 2867 2867 2867 2867 2867 2866 2866 2866 2865 2866 2867 2866 2865 2866 2867 2869 2871 2872 2873 2875 2876 2877 2878 2879 2879 2880 2880 2881 2881 2883 2885 2885 2886 2889 2890 2893 2893 2893 2895 -9999 -9999 -9999 -9999 -9999 -9999 -9999 -9999 2900 2899 2900 2898 2897 2894 2893 2893 2892 2892 2890 2890 2890 2893 2895 2897 2898 2898 2897 2895 2894 2895 2895 2894 2893
2866 2864 2864 2866 2867 2867 2867 2867 2867 2867 2867 2867 2867 2867 2866 2866 2866 2866 2866 2867 2867 2866 2865 2865 2868 2869 2870 2871 2873 2874 2876 2877 2878 2879 2878 2878 2878 2880 2881 2882 2879 2876 2876 2884 2887 2890 2893 2893 2895 2892 -9999 -9999 -9999 -9999 2898 2899 2900 2900 2899 2899 2899 2897 2897 2895 2890 2889 2891 2891 2892 2894 2895 2897 2897 2897 2898 2897 2896 2896 2896 2894 2894 2894
2867 2862 2864 2867 2867 2867 2867 2867 2867 2866 2867 2867 2867 2866 2866 2865 2866 2866 2866 2867 2867 2866 2866 2867 2868 2869 2870 2872 2874 2875 2875 2877 2877 2877 2875 2877 2876 2876 2879 2879 2874 2874 2878 2880 2887 2890 2890 2888 2894 2892 2890 2894 2894 2896 2899 2900 2899 2898 2899 2897 2898 2897 2896 2895 2894 2893 2892 2892 2892 2893 2895 2896 2896 2897 2899 2897 2896 2897 2896 2896 2896 2896
2867 2864 2865 2867 2867 2867 2867 2867 2866 2866 2866 2866 2867 2866 2865 2866 2866 2866 2867 2867 2867 2867 2867 2868 2869 2869 2871 2873 2874 2876 2876 2876 2875 2872 2872 2874 2874 2875 2876 2875 2876 2874 2883 2885 2888 2886 2887 2888 2891 2891 2892 2894 2895 2896 2899 2899 2896 2896 2897 2897 2897 2897 2896 2896 2896 2895 2893 2893 2892 2892 2895 2895 2895 2897 2898 2898 2898 2897 2897 2898 2897 2896
2866 2867 2867 2867 2867 2867 2867 2867 2866 2866 2866 2866 2866 2866 2865 2866 2866 2866 2866 2866 2868 2868 2868 2869 2869 2870 2871 2873 2874 2874 2874 2871 2870 2866 2866 2870 2867 2867 2869 2872 2878 2880 2882 2884 2886 2879 2880 2883 2890 2891 2893 2895 2896 2897 2899 2899 2896 2896 2895 2895 2896 2897 2897 2896 2896 2896 2894 2892 2892 2893 2895 2893 2892 2896 2897 2899 2898 2898 2898 2896 2896 2894
2864 2866 2867 2867 2867 2867 2867 2867 2867 2867 2866 2866 2866 2866 2866 2866 2865 2864 2864 2866 2868 2868 2869 2870 2870 2870 2871 2872 2873 2872 2870 2866 2862 2863 2862 2867 2860 2858 2863 2871 2875 2878 2879 2883 2883 2879 2883 2885 2888 2885 2891 2894 2896 2896 2899 2899 2897 2895 2894 2893 2895 2896 2897 2895 2894 2893 2892 2888 2891 2894 2894 2890 2884 2888 2894 2898 2899 2899 2898 2897 2897 2895
2860 2866 2866 2864 2867 2866 2867 2867 2867 2867 2867 2866 2866 2866 2865 2864 2863 2864 2864 2865 2867 2869 2870 2870 2870 2870 2871 2871 2872 2872 2868 2862 2855 2855 2860 2863 2858 2859 2866 2871 2876 2880 2881 2882 2879 2876 2881 2886 2884 2887 2891 2893 2895 2896 2898 2897 2894 2893 2892 2888 2893 2895 2896 2896 2895 2894 2891 2886 2886 2891 2893 2888 2882 2883 2890 2895 2898 2898 2897 2896 2897 2895
2859 2861 2863 2864 2866 2866 2866 2866 2866 2867 2867 2866 2866 2866 2866 2865 2863 2865 2865 2865 2867 2869 2870 2870 2870 2870 2870 2871 2871 2872 2868 2863 2857 2851 2855 2857 2855 2861 2867 2872 2875 2877 2878 2877 2879 2880 2881 2879 2881 2886 2890 2893 2894 2897 2897 2894 2890 2887 2890 2886 2887 2894 2895 2896 2895 2894 2893 2892 2888 2890 2892 2883 2882 2887 2886 2893 2897 2898 2897 2895 2897 2896
2857 2855 2856 2861 2865 2866 2866 2866 2866 2866 2866 2866 2866 2866 2866 2864 2865 2866 2867 2867 2867 2869 2869 2869 2869 2870 2870 2870 2872 2871 2868 2863 2857 2852 2855 2855 2853 2859 2866 2867 2873 2875 2879 2879 2877 2875 2872 2880 2881 2881 2890 2894 2894 2897 2897 2895 2891 2882 2883 2885 2888 2890 2894 2896 2896 2896 2895 2892 2889 2892 2893 2885 2882 2889 2893 2895 2897 2897 2897 2895 2896 2895
2858 2853 2852 2858 2863 2864 2865 2862 2863 2866 2866 2866 2866 2865 2865 2864 2865 2866 2867 2867 2867 2868 2868 2867 2867 2868 2869 2870 2870 2869 2864 2861 2859 2854 2861 2859 2861 2864 2866 2871 2872 2877 2882 2882 2882 2878 2872 2875 2880 2886 2890 2893 2896 2897 2896 2894 2890 2887 2884 2886 2884 2885 2892 2894 2892 2894 2895 2894 2892 2894 2894 2892 2888 2889 2894 2894 2895 2895 2894 2895 2894 2894
2860 2858 2853 2859 2862 2861 2863 2859 2863 2865 2865 2866 2866 2863 2859 2860 2863 2863 2864 2866 2867 2867 2868 2867 2866 2868 2869 2870 2870 2869 2868 2866 2862 2856 2860 2865 2863 2867 2871 2874 2873 2877 2878 2883 2883 2882 2878 2878 2881 2887 2891 2893 2895 2897 2896 2895 2894 2891 2890 2889 2888 2887 2889 2891 2890 2886 2891 2893 2894 2895 2894 2894 2893 2892 2895 2894 2893 2890 2891 2893 2895 2894
2862 2860 2855 2855 2857 2859 2859 2858 2860 2863 2861 2862 2862 2861 2854 2856 2860 2863 2863 2864 2865 2866 2867 2867 2866 2867 2869 2870 2870 2870 2869 2866 2860 2861 2864 2862 2866 2869 2870 2876 2875 2877 2881 2884 2885 2884 2882 2884 2885 2889 2892 2894 2895 2896 2895 2894 2894 2894 2893 2891 2890 2891 2890 2887 2885 2884 2891 2893 2895 2895 2894 2894 2895 2895 2895 2893 2891 2889 2893 2894 2895 2896
2862 2857 2851 2849 2849 2853 2855 2852 2854 2859 2860 2859 2857 2856 2852 2855 2858 2858 2857 2859 2861 2863 2865 2866 2867 2868 2869 2869 2869 2870 2869 2864 2858 2864 2869 2869 2868 2873 2875 2875 2880 2881 2882 2883 2886 2887 2885 2887 2888 2890 2893 2893 2893 2896 2896 2893 2892 2892 2892 2891 2891 2892 2891 2890 2887 2885 2893 2894 2895 2895 2895 2895 2895 2895 2892 2886 2886 2888 2891 2893 2895 2896
2860 2853 2854 2848 2849 2852 2851 2851 2852 2855 2858 2853 2851 2847 2848 2849 2854 2852 2847 2850 2855 2859 2861 2865 2866 2868 2868 2868 2868 2869 2869 2864 2857 2862 2865 2870 2872 2875 2878 2879 2881 2883 2885 2886 2888 2888 2889 2888 2890 2893 2894 2894 2895 2896 2895 2895 2893 2894 2892 2889 2891 2892 2890 2891 2889 2891 2893 2894 2895 2896 2896 2896 2896 2895 2893 2885 2881 2886 2891 2894 2896 2897
2861 2859 2859 2853 2853 2857 2855 2853 2850 2854 2858 2852 2846 2843 2843 2840 2846 2849 2842 2842 2849 2852 2858 2859 2864 2867 2868 2868 2868 2868 2869 2864 2861 2860 2859 2861 2870 2876 2879 2880 2882 2884 2884 2885 2887 2889 2890 2890 2890 2890 2892 2892 2893 2896 2894 2896 2894 2894 2893 2889 2889 2892 2893 2892 2892 2893 2893 2894 2895 2896 2896 2895 2894 2894 2892 2887 2885 2887 2893 2895 2897 2897
2862 2862 2859 2856 2856 2859 2855 2856 2851 2855 2858 2853 2852 2847 2840 2838 2840 2847 2845 2838 2841 2848 2851 2859 2864 2866 2867 2868 2867 2868 2869 2868 2865 2864 2862 2864 2869 2874 2880 2881 2883 2883 2885 2886 2888 2889 2889 2891 2890 2889 2890 2892 2893 2894 2894 2896 2895 2894 2893 2889 2888 2889 2893 2894 2894 2894 2894 2895 2895 2896 2896 2896 2895 2894 2894 2892 2894 2892 2895 2896 2897 2898
2862 2861 2860 2859 2858 2859 2856 2857 2853 2854 2859 2858 2856 2850 2843 2847 2843 2843 2842 2843 2848 2852 2852 2858 2859 2862 2866 2868 2867 2868 2869 2869 2867 2868 2870 2872 2876 2878 2880 2882 2882 2883 2884 2886 2888 2888 2890 2889 2887 2888 2889 2890 2893 2893 2893 2895 2894 2893 2892 2890 2888 2890 2892 2892 2894 2894 2895 2895 2896 2896 2896 2896 2896 2896 2896 2894 2896 2893 2895 2897 2898 2898
2862 2862 2861 2859 2858 2858 2858 2856 2856 2858 2860 2858 2851 2843 2848 2852 2849 2844 2840 2847 2850 2852 2855 2852 2854 2862 2863 2866 2867 2867 2865 2867 2868 2870 2874 2876 2878 2879 2881 2880 2880 2882 2883 2885 2886 2887 2888 2886 2887 2887 2888 2891 2891 2891 2893 2891 2892 2894 2893 2892 2889 2890 2891 2890 2892 2893 2895 2895 2895 2896 2896 2897 2897 2897 2897 2896 2897 2897 2898 2899 2899 2899
2861 2862 2861 2860 2859 2858 2859 2858 2859 2861 2861 2859 2854 2847 2848 2854 2852 2844 2843 2843 2843 2847 2855 2858 2859 2862 2863 2866 2865 2862 2860 2862 2864 2868 2873 2876 2877 2878 2880 2879 2880 2881 2884 2884 2885 2886 2887 2885 2886 2886 2888 2891 2889 2890 2892 2890 2890 2893 2891 2891 2888 2888 2890 2888 2890 2892 2894 2894 2895 2896 2897 2897 2897 2897 2897 2898 2898 2898 2899 2899 2899 2900
2860 2861 2861 2861 2860 2858 2859 2859 2861 2861 2861 2860 2857 2855 2855 2858 2851 2849 2849 2847 2848 2849 2856 2861 2862 2863 2865 2862 2860 2859 2856 2858 2857 2865 2872 2875 2875 2878 2879 2878 2880 2882 2882 2882 2885 2885 2885 2885 2885 2886 2889 2890 2887 2890 2889 2889 2888 2890 2890 2889 2887 2885 2887 2886 2888 2892 2892 2893 2895 2896 2896 2897 2897 2897 2898 2898 2898 2899 2899 2899 2900 2900
2860 2860 2860 2860 2859 2857 2858 2860 2861 2861 2861 2861 2861 2861 2861 2860 2854 2856 2855 2852 2855 2856 2859 2862 2864 2864 2862 2860 2857 2852 2851 2850 2856 2864 2870 2873 2875 2877 2877 2878 2880 2881 2881 2883 2883 2883 2883 2884 2884 2887 2889 2888 2886 2889 2888 2889 2888 2888 2888 2887 2886 2884 2885 2882 2888 2889 2890 2893 2895 2894 2895 2897 2897 2897 2898 2898 2899 2899 2899 2899 2900 2900
2860 2858 2857 2856 2856 2857 2858 2860 2861 2861 2860 2860 2861 2862 2863 2861 2859 2860 2860 2856 2860 2860 2861 2862 2863 2861 2859 2856 2853 2853 2857 2859 2861 2860 2865 2872 2874 2877 2875 2877 2878 2879 2880 2882 2881 2881 2883 2883 2885 2885 2887 2886 2886 2888 2887 2888 2886 2885 2885 2883 2883 2881 2882 2881 2886 2887 2889 2892 2893 2893 2894 2896 2897 2897 2898 2898 2899 2899 2899 2899 2900 2900
2856 2851 2852 2852 2853 2855 2857 2860 2860 2861 2860 2860 2862 2862 2863 2863 2862 2862 2862 2859 2861 2861 2862 2863 2863 2857 2852 2854 2850 2858 2862 2863 2864 2860 2864 2870 2874 2875 2875 2875 2876 2878 2879 2880 2879 2881 2882 2883 2883 2885 2886 2884 2885 2886 2887 2885 2884 2883 2878 2877 2878 2877 2877 2876 2880 2884 2888 2891 2892 2894 2894 2896 2897 2897 2898 2898 2899 2899 2899 2899 2900 2900
2849 2841 2842 2846 2848 2851 2855 2858 2859 2858 2859 2861 2862 2862 2862 2863 2864 2864 2864 2862 2862 2862 2861 2862 2862 2857 2850 2848 2850 2857 2861 2865 2867 2868 2870 2871 2874 2873 2873 2874 2876 2877 2878 2878 2878 2880 2881 2881 2882 2884 2885 2884 2884 2886 2885 2880 2879 2879 2878 2869 2869 2868 2868 2872 2880 2885 2889 2892 2894 2895 2895 2896 2897 2897 2898 2898 2899 2899 2899 2899 2900 2900
2843 2833 2831 2833 2834 2840 2849 2855 2858 2859 2861 2863 2863 2863 2863 2863 2864 2865 2865 2864 2862 2861 2860 2860 2859 2850 2855 2852 2855 2859 2859 2858 2861 2864 2869 2872 2872 2871 2871 2873 2874 2875 2877 2876 2878 2879 2879 2880 2881 2881 2884 2883 2884 2885 2882 2880 2874 2874 2879 2873 2869 2864 2865 2873 2877 2882 2888 2893 2894 2895 2896 2896 2897 2897 2898 2898 2899 2899 2899 2899 2900 2900
2845 2836 2821 2818 2817 2828 2843 2850 2851 2855 2859 2863 2863 2863 2863 2864 2865 2865 2863 2861 2860 2858 2859 2859 2860 2856 2858 2856 2858 2853 2851 2854 2858 2863 2868 2871 2871 2869 2870 2872 2873 2874 2876 2876 2877 2879 2878 2879 2879 2880 2882 2882 2883 2880 2879 2878 2872 2866 2876 2879 2876 2870 2868 2878 2884 2885 2887 2892 2894 2895 2896 2896 2896 2897 2898 2898 2898 2899 2899 2900 2900 2900
2847 2842 2827 2813 2813 2825 2837 2843 2849 2854 2859 2862 2864 2864 2864 2865 2866 2865 2864 2862 2859 2858 2858 2859 2859 2859 2859 2859 2857 2852 2852 2859 2859 2867 2867 2868 2870 2868 2870 2871 2872 2874 2874 2875 2877 2877 2877 2877 2878 2880 2881 2881 2883 2881 2879 2877 2870 2867 2878 2882 2880 2874 2868 2880 2885 2888 2889 2891 2893 2894 2895 2896 2896 2897 2898 2898 2898 2899 2899 2900 2900 2900
2854 2850 2840 2830 2829 2832 2838 2847 2850 2857 2860 2862 2865 2866 2866 2867 2864 2863 2862 2861 2861 2858 2857 2859 2859 2859 2860 2858 2857 2856 2858 2862 2864 2865 2865 2868 2869 2867 2868 2870 2872 2873 2872 2875 2875 2876 2876 2876 2878 2879 2880 2881 2883 2882 2878 2872 2871 2876 2881 2884 2879 2875 2870 2881 2886 2884 2888 2892 2894 2894 2895 2896 2897 2897 2897 2898 2898 2899 2899 2899 2900 2900
2859 2855 2850 2845 2845 2843 2848 2854 2855 2858 2859 2861 2864 2867 2868 2867 2866 2864 2862 2860 2860 2857 2856 2856 2857 2858 2858 2858 2857 2859 2861 2861 2862 2862 2866 2865 2867 2866 2868 2871 2872 2872 2872 2873 2875 2874 2874 2876 2877 2879 2880 2881 2882 2881 2874 2870 2879 2882 2884 2884 2879 2880 2877 2881 2888 2886 2890 2892 2893 2895 2895 2896 2897 2897 2897 2898 2898 2899 2899 2899 2900 2900
2862 2860 2858 2855 2853 2854 2856 2858 2859 2859 2861 2862 2864 2867 2868 2867 2867 2866 2865 2864 2862 2859 2855 2854 2856 2856 2856 2857 2857 2857 2859 2860 2860 2864 2864 2866 2865 2866 2869 2869 2869 2871 2873 2871 2874 2872 2874 2875 2877 2878 2880 2880 2880 2881 2880 2878 2880 2884 2884 2886 2885 2885 2884 2886 2889 2891 2892 2893 2894 2895 2895 2896 2896 2897 2897 2898 2898 2898 2897 2897 2899 2900
