Capas/PRESENTE/Eje_30s/ASC/bio_15.asc
ncols         993
nrows         433
xllcorner     -105.25566776747
yllcorner     17.599810932142
cellsize      0.0083333333
NODATA_value  -9999
[rows 76 to 113 of 433, columns 85 to 169 of 993]
1092 1093 1094 1095 1095 1096 1096 1095 1095 1095 1094 1093 1093 1093 1093 1094 1095 1095 1097 1097 1098 1099 1100 1101 1102 1102 1104 1105 1106 1107 1108 1109 1110 1112 1113 1113 1114 1115 1117 1117 1118 1119 1120 1120 1121 1121 1122 1123 1122 1123 1124 1124 1124 1125 1125 1126 1126 1127 1128 1129 1128 1130 1130 1131 1132 1132 1133 1133 1134 1134 1135 1135 1135 1135 1136 1136 1136 1136 1136 1137 1136 1136 1136 1135 1135
1092 1093 1094 1094 1095 1095 1095 1095 1094 1094 1093 1093 1092 1092 1092 1092 1094 1094 1095 1096 1097 1098 1098 1099 1100 1101 1102 1103 1104 1105 1107 1108 1109 1110 1111 1112 1113 1114 1115 1116 1118 1119 1119 1120 1121 1121 1121 1122 1123 1123 1123 1124 1124 1125 1125 1126 1126 1127 1128 1128 1129 1129 1130 1130 1132 1132 1132 1133 1133 1133 1133 1134 1134 1135 1135 1135 1135 1136 1135 1135 1135 1135 1134 1134 1134
1092 1092 1093 1093 1094 1094 1094 1094 1094 1093 1092 1091 1091 1091 1091 1091 1092 1093 1093 1094 1095 1096 1097 1098 1098 1100 1100 1101 1103 1104 1105 1106 1107 1108 1109 1110 1111 1113 1114 1115 1117 1118 1119 1120 1120 1121 1122 1122 1123 1123 1123 1124 1124 1125 1125 1126 1126 1126 1127 1128 1128 1129 1130 1130 1131 1131 1132 1132 1132 1133 1133 1133 1134 1134 1134 1134 1134 1135 1135 1135 1134 1134 1134 1134 1133
1091 1092 1092 1093 1093 1094 1093 1093 1092 1092 1091 1091 1090 1090 1090 1090 1091 1092 1092 1093 1094 1094 1095 1096 1097 1098 1099 1100 1101 1102 1103 1104 1105 1106 1108 1108 1110 1111 1113 1114 1116 1117 1118 1119 1120 1121 1122 1122 1123 1123 1124 1124 1124 1125 1125 1125 1126 1127 1127 1127 1128 1129 1129 1130 1131 1131 1131 1132 1132 1133 1133 1133 1133 1133 1134 1134 1134 1134 1134 1133 1133 1133 1133 1132 1132
1091 1091 1092 1092 1092 1093 1092 1092 1092 1091 1090 1090 1089 1089 1089 1089 1090 1090 1091 1092 1092 1093 1095 1095 1096 1097 1098 1099 1100 1101 1102 1103 1104 1105 1106 1107 1109 1110 1112 1113 1115 1116 1118 1119 1120 1121 1121 1122 1123 1123 1124 1125 1125 1125 1125 1126 1126 1126 1127 1128 1128 1129 1129 1129 1130 1131 1131 1132 1132 1132 1133 1132 1133 1133 1133 1133 1133 1133 1133 1132 1132 1132 1132 1131 1131
1090 1091 1091 1092 1092 1092 1091 1091 1091 1090 1089 1089 1089 1089 1088 1088 1089 1089 1090 1091 1091 1092 1093 1094 1095 1096 1097 1097 1098 1099 1100 1101 1102 1103 1105 1105 1107 1109 1110 1112 1113 1115 1117 1118 1119 1120 1121 1122 1122 1123 1124 1124 1125 1125 1126 1125 1126 1127 1127 1127 1128 1128 1129 1130 1130 1131 1131 1132 1132 1132 1132 1132 1132 1133 1132 1133 1132 1132 1132 1132 1131 1131 1131 1130 1130
1089 1090 1090 1091 1091 1091 1091 1090 1089 1089 1089 1087 1087 1087 1088 1088 1088 1089 1089 1089 1090 1091 1092 1093 1094 1095 1096 1096 1097 1098 1099 1099 1101 1102 1104 1104 1106 1107 1109 1111 1113 1114 1116 1117 1118 1119 1120 1121 1122 1123 1123 1124 1125 1125 1125 1126 1126 1127 1127 1128 1128 1129 1129 1130 1130 1131 1131 1131 1131 1132 1132 1132 1132 1131 1132 1132 1131 1131 1131 1130 1130 1130 1129 1129 1129
1089 1089 1090 1090 1090 1090 1090 1089 1089 1088 1087 1087 1086 1086 1086 1087 1087 1087 1088 1088 1089 1090 1091 1092 1093 1093 1094 1095 1096 1097 1098 1099 1100 1100 1102 1103 1105 1106 1108 1110 1111 1113 1114 1115 1117 1118 1119 1120 1121 1122 1123 1124 1125 1125 1125 1126 1127 1127 1128 1128 1128 1129 1129 1130 1130 1130 1131 1131 1131 1131 1131 1131 1131 1131 1131 1131 1130 1130 1130 1130 1129 1129 1128 1128 1127
1088 1089 1089 1090 1090 1090 1090 1089 1088 1088 1087 1086 1086 1085 1085 1085 1086 1086 1087 1087 1088 1089 1090 1091 1091 1092 1093 1094 1095 1095 1096 1097 1098 1100 1100 1102 1103 1105 1107 1108 1110 1111 1113 1114 1115 1116 1117 1118 1120 1121 1122 1123 1123 1124 1125 1126 1126 1127 1127 1128 1129 1129 1130 1130 1131 1130 1131 1131 1131 1131 1131 1130 1130 1130 1130 1130 1129 1129 1129 1129 1128 1128 1127 1127 1126
1088 1088 1089 1089 1090 1090 1089 1088 1088 1087 1086 1085 1085 1084 1084 1084 1084 1085 1085 1086 1087 1087 1088 1089 1090 1091 1092 1093 1093 1094 1095 1096 1097 1098 1100 1101 1102 1104 1105 1107 1109 1110 1111 1112 1113 1114 1115 1116 1118 1119 1120 1121 1123 1123 1125 1126 1126 1127 1128 1128 1129 1129 1130 1130 1131 1131 1131 1131 1130 1131 1130 1130 1130 1130 1129 1129 1129 1128 1128 1128 1127 1127 1126 1125 1124
1088 1088 1089 1089 1089 1089 1089 1088 1087 1086 1085 1084 1084 1083 1082 1083 1083 1083 1084 1084 1085 1086 1087 1088 1089 1089 1090 1091 1092 1093 1094 1095 1096 1097 1098 1100 1101 1102 1104 1105 1106 1108 1109 1110 1111 1112 1113 1114 1115 1117 1118 1120 1121 1123 1124 1125 1126 1126 1127 1128 1129 1129 1130 1130 1131 1130 1131 1131 1131 1131 1130 1130 1130 1129 1129 1128 1128 1127 1127 1126 1126 1125 1125 1124 1123
1087 1088 1088 1089 1089 1089 1089 1088 1087 1086 1084 1083 1082 1081 1081 1081 1081 1081 1082 1083 1084 1084 1085 1086 1087 1088 1089 1090 1091 1092 1092 1093 1095 1096 1097 1098 1100 1101 1102 1103 1104 1106 1106 1107 1108 1110 1111 1112 1113 1115 1116 1118 1120 1122 1123 1124 1125 1126 1127 1128 1128 1129 1130 1130 1130 1131 1130 1130 1130 1130 1129 1129 1129 1129 1128 1127 1127 1127 1126 1125 1124 1124 1123 1123 1122
1087 1087 1088 1088 1088 1088 1088 1087 1086 1085 1084 1083 1081 1080 1080 1080 1079 1080 1080 1081 1082 1083 1084 1085 1085 1086 1087 1088 1089 1090 1091 1092 1093 1095 1096 1097 1098 1099 1100 1101 1102 1103 1104 1105 1106 1107 1108 1110 1111 1113 1114 1116 1118 1120 1121 1123 1124 1125 1126 1127 1128 1129 1129 1129 1130 1130 1130 1130 1130 1130 1129 1128 1128 1127 1127 1126 1125 1125 1125 1124 1123 1123 1122 1121 1120
1086 1087 1087 1087 1088 1087 1087 1087 1085 1084 1082 1081 1080 1078 1078 1078 1077 1078 1078 1079 1080 1081 1082 1083 1084 1085 1086 1087 1087 1089 1090 1091 1092 1093 1094 1095 1096 1097 1098 1099 1100 1100 1101 1102 1103 1105 1106 1107 1109 1110 1112 1114 1116 1118 1120 1122 1123 1124 1125 1126 1127 1127 1128 1129 1129 1129 1130 1129 1129 1128 1128 1128 1127 1127 1126 1126 1125 1124 1124 1123 1122 1121 1120 1119 1119
1085 1086 1086 1087 1087 1087 1086 1085 1084 1083 1081 1079 1078 1077 1076 1075 1076 1076 1076 1077 1078 1079 1080 1081 1082 1083 1084 1085 1086 1087 1088 1089 1090 1091 1092 1093 1094 1094 1096 1096 1097 1098 1099 1100 1101 1102 1103 1105 1107 1108 1110 1112 1114 1116 1118 1120 1121 1123 1124 1125 1126 1127 1127 1127 1128 1128 1128 1128 1128 1128 1128 1127 1127 1125 1125 1124 1124 1123 1122 1121 1120 1119 1119 1118 1117
1084 1085 1085 1086 1086 1086 1085 1084 1083 1081 1079 1078 1076 1075 1074 1074 1074 1074 1074 1075 1076 1077 1079 1080 1081 1082 1082 1083 1084 1085 1086 1087 1088 1089 1090 1090 1091 1092 1093 1093 1094 1095 1096 1097 1098 1100 1101 1103 1104 1106 1108 1110 1112 1114 1116 1117 1119 1121 1122 1124 1124 1125 1126 1126 1127 1127 1127 1127 1127 1126 1127 1126 1125 1125 1124 1123 1122 1121 1121 1120 1119 1117 1117 1116 1115
1083 1084 1085 1085 1085 1085 1083 1082 1081 1079 1078 1076 1075 1074 1073 1072 1072 1072 1072 1073 1074 1076 1076 1078 1079 1080 1081 1081 1082 1083 1084 1085 1086 1086 1087 1087 1088 1089 1090 1091 1091 1092 1093 1095 1096 1098 1099 1101 1103 1104 1106 1108 1109 1111 1113 1115 1117 1119 1120 1122 1122 1123 1124 1125 1125 1125 1126 1126 1126 1126 1126 1125 1125 1124 1123 1122 1121 1120 1119 1118 1117 1116 1115 1114 1113
1083 1083 1084 1084 1084 1083 1082 1081 1079 1077 1076 1074 1073 1072 1071 1071 1070 1070 1071 1072 1072 1074 1075 1076 1077 1078 1079 1080 1080 1081 1082 1083 1083 1084 1084 1085 1085 1086 1087 1088 1088 1089 1091 1092 1093 1095 1097 1099 1101 1102 1104 1106 1107 1109 1111 1113 1115 1116 1118 1119 1120 1122 1122 1123 1124 1123 1124 1124 1124 1124 1124 1124 1123 1122 1122 1121 1120 1118 1117 1116 1116 1115 1113 1112 1112
1082 1083 1083 1083 1083 1082 1081 1079 1078 1076 1074 1073 1071 1071 1070 1069 1069 1069 1069 1070 1071 1072 1073 1074 1075 1076 1077 1078 1078 1079 1080 1080 1081 1081 1082 1082 1083 1083 1084 1085 1086 1087 1088 1089 1091 1093 1094 1096 1098 1100 1102 1104 1105 1107 1109 1110 1112 1114 1115 1117 1118 1120 1121 1121 1122 1122 1122 1122 1122 1123 1123 1122 1122 1121 1120 1119 1118 1117 1116 1115 1114 1113 1111 1110 1110
1082 1082 1082 1082 1081 1081 1079 1078 1076 1074 1072 1071 1070 1069 1068 1068 1068 1067 1068 1068 1069 1070 1072 1072 1074 1075 1075 1076 1076 1077 1078 1078 1078 1079 1079 1080 1081 1081 1082 1082 1083 1084 1085 1086 1088 1090 1092 1094 1096 1098 1100 1102 1103 1105 1106 1108 1110 1111 1113 1115 1116 1117 1118 1119 1119 1120 1121 1120 1121 1121 1121 1121 1120 1119 1119 1118 1117 1115 1114 1113 1112 1110 1110 1109 1108
1082 1082 1082 1082 1081 1080 1078 1076 1074 1073 1071 1070 1069 1068 1067 1067 1066 1066 1067 1067 1068 1069 1070 1071 1072 1073 1073 1074 1075 1075 1076 1076 1076 1077 1077 1077 1078 1078 1079 1080 1081 1082 1083 1084 1086 1088 1090 1092 1094 1096 1098 1099 1101 1103 1104 1106 1107 1109 1111 1112 1114 1115 1116 1117 1118 1118 1118 1119 1119 1120 1119 1119 1118 1118 1117 1116 1115 1114 1113 1111 1110 1109 1108 1107 1106
1081 1081 1081 1081 1080 1078 1076 1074 1073 1071 1069 1068 1067 1066 1065 1065 1065 1065 1065 1066 1066 1067 1069 1069 1070 1071 1072 1072 1073 1074 1074 1074 1074 1074 1075 1075 1076 1076 1077 1078 1078 1079 1080 1082 1083 1085 1087 1089 1091 1094 1095 1098 1100 1101 1102 1104 1105 1107 1108 1110 1111 1112 1114 1115 1115 1116 1117 1117 1118 1118 1118 1118 1117 1116 1115 1115 1113 1112 1111 1110 1108 1107 1106 1106 1105
1081 1081 1081 1080 1078 1077 1075 1073 1071 1069 1068 1067 1066 1065 1064 1064 1064 1064 1064 1065 1065 1066 1067 1068 1069 1069 1070 1071 1071 1072 1072 1072 1072 1073 1073 1073 1073 1074 1075 1075 1076 1077 1078 1079 1081 1082 1085 1087 1089 1091 1094 1095 1097 1099 1100 1102 1103 1104 1106 1107 1109 1110 1112 1112 1113 1114 1115 1115 1116 1116 1116 1116 1115 1114 1114 1113 1112 1110 1109 1108 1106 1106 1105 1104 1103
1081 1080 1079 1078 1077 1075 1073 1071 1069 1067 1066 1065 1064 1063 1062 1062 1062 1062 1062 1063 1064 1065 1065 1066 1067 1067 1068 1069 1070 1070 1070 1071 1071 1071 1071 1071 1072 1072 1073 1074 1074 1075 1076 1077 1079 1080 1083 1085 1087 1089 1091 1093 1095 1097 1099 1100 1102 1103 1104 1106 1107 1108 1109 1110 1111 1112 1113 1113 1113 1114 1114 1114 1114 1113 1112 1111 1110 1109 1107 1107 1105 1104 1103 1102 1102
1080 1080 1078 1077 1075 1073 1071 1069 1067 1066 1064 1064 1063 1062 1061 1061 1061 1061 1060 1061 1062 1063 1064 1064 1065 1066 1067 1068 1069 1069 1069 1069 1069 1069 1069 1070 1070 1071 1071 1072 1072 1073 1074 1075 1076 1078 1080 1082 1085 1087 1089 1091 1093 1095 1097 1098 1100 1101 1102 1104 1105 1106 1107 1108 1109 1110 1111 1111 1111 1111 1112 1112 1112 1111 1110 1109 1108 1107 1106 1105 1104 1102 1102 1101 1101
1080 1079 1077 1075 1073 1071 1069 1067 1065 1064 1063 1061 1061 1060 1059 1059 1059 1059 1059 1060 1061 1061 1062 1063 1064 1065 1066 1066 1067 1067 1068 1068 1068 1068 1068 1068 1069 1069 1069 1069 1070 1071 1072 1073 1074 1076 1078 1080 1082 1085 1087 1089 1091 1093 1095 1096 1098 1099 1100 1102 1103 1104 1105 1106 1107 1108 1108 1108 1109 1109 1110 1109 1109 1109 1108 1107 1106 1105 1104 1103 1102 1101 1101 1099 1099
1079 1078 1076 1073 1071 1069 1067 1065 1063 1062 1061 1060 1059 1058 1058 1057 1058 1058 1058 1058 1059 1060 1060 1061 1062 1063 1064 1065 1066 1066 1067 1066 1067 1067 1067 1067 1067 1067 1067 1067 1068 1068 1069 1071 1072 1073 1076 1078 1080 1083 1085 1087 1089 1091 1093 1094 1096 1097 1098 1099 1101 1102 1103 1104 1104 1105 1106 1106 1106 1106 1106 1107 1107 1106 1105 1105 1104 1103 1102 1101 1100 1099 1098 1098 1097
1078 1076 1074 1072 1069 1067 1065 1063 1061 1060 1059 1057 1057 1057 1056 1056 1056 1056 1056 1057 1057 1058 1059 1059 1060 1061 1063 1064 1065 1065 1065 1065 1065 1065 1065 1065 1065 1065 1065 1065 1065 1066 1067 1068 1069 1071 1073 1075 1078 1080 1082 1085 1087 1089 1091 1092 1094 1095 1096 1098 1098 1100 1100 1101 1102 1103 1103 1103 1104 1104 1104 1104 1104 1104 1103 1102 1101 1100 1100 1098 1098 1097 1096 1096 1096
1077 1075 1073 1070 1067 1065 1063 1061 1059 1058 1057 1056 1055 1055 1055 1055 1055 1055 1055 1055 1056 1056 1057 1058 1059 1060 1061 1062 1063 1064 1064 1064 1064 1064 1064 1064 1063 1063 1063 1063 1063 1064 1065 1066 1067 1069 1071 1073 1076 1078 1080 1083 1085 1087 1089 1090 1092 1093 1094 1095 1096 1097 1097 1098 1099 1100 1100 1101 1101 1101 1101 1101 1101 1101 1100 1099 1099 1098 1097 1096 1096 1095 1094 1094 1094
1076 1073 1071 1069 1066 1063 1061 1059 1057 1056 1055 1054 1053 1053 1053 1053 1053 1053 1053 1054 1054 1055 1055 1056 1057 1058 1059 1061 1062 1062 1063 1063 1063 1062 1062 1062 1061 1061 1061 1060 1061 1061 1062 1063 1065 1066 1068 1071 1073 1075 1078 1080 1082 1084 1086 1088 1089 1091 1092 1092 1093 1094 1095 1095 1096 1097 1097 1098 1098 1098 1099 1098 1098 1098 1097 1097 1096 1095 1095 1093 1093 1092 1092 1092 1092
1075 1072 1070 1067 1064 1061 1059 1057 1055 1054 1053 1052 1052 1051 1051 1051 1051 1051 1052 1052 1053 1053 1054 1055 1056 1057 1058 1059 1060 1061 1061 1061 1061 1060 1060 1059 1059 1059 1058 1058 1058 1059 1059 1061 1062 1064 1066 1068 1071 1073 1075 1078 1080 1082 1084 1086 1087 1088 1089 1090 1090 1091 1092 1092 1093 1094 1094 1095 1095 1095 1096 1096 1095 1095 1095 1094 1093 1092 1092 1091 1090 1090 1090 1089 1089
1073 1071 1068 1066 1063 1060 1057 1055 1053 1052 1051 1050 1050 1049 1049 1049 1049 1049 1050 1051 1051 1052 1053 1053 1054 1055 1056 1058 1058 1059 1059 1059 1058 1058 1057 1057 1056 1056 1055 1055 1056 1056 1057 1058 1060 1061 1063 1066 1068 1070 1073 1075 1078 1080 1081 1083 1085 1086 1087 1087 1088 1088 1089 1089 1090 1091 1091 1092 1092 1093 1093 1092 1092 1092 1092 1091 1090 1089 1089 1088 1088 1088 1088 1088 1087
1072 1070 1067 1064 1061 1058 1056 1054 1052 1050 1050 1049 1048 1047 1047 1047 1047 1048 1048 1049 1050 1050 1051 1052 1052 1054 1055 1056 1056 1057 1057 1056 1056 1055 1055 1055 1054 1053 1053 1053 1053 1054 1054 1056 1057 1059 1061 1063 1065 1068 1070 1073 1075 1077 1079 1081 1082 1083 1084 1085 1085 1086 1086 1087 1087 1088 1088 1089 1089 1089 1089 1089 1089 1088 1088 1087 1087 1086 1086 1086 1086 1085 1085 1085 1085
1071 1068 1066 1063 1060 1057 1055 1053 1051 1049 1048 1047 1046 1046 1045 1045 1046 1046 1047 1048 1048 1048 1049 1050 1051 1051 1053 1054 1054 1054 1054 1054 1054 1053 1053 1052 1051 1051 1050 1050 1051 1051 1052 1053 1055 1056 1058 1061 1063 1066 1068 1070 1072 1075 1076 1078 1079 1080 1082 1082 1083 1083 1083 1084 1085 1085 1086 1086 1086 1086 1085 1085 1085 1084 1084 1084 1084 1083 1083 1083 1083 1083 1083 1083 1083
1069 1067 1064 1062 1059 1056 1054 1051 1049 1048 1047 1045 1045 1044 1044 1044 1044 1044 1045 1046 1046 1047 1048 1048 1049 1050 1051 1052 1052 1052 1052 1052 1051 1050 1049 1049 1049 1048 1048 1048 1048 1049 1050 1051 1052 1054 1056 1058 1060 1063 1065 1067 1070 1072 1074 1075 1076 1078 1079 1079 1080 1080 1081 1081 1082 1082 1083 1083 1082 1082 1081 1081 1081 1080 1080 1080 1080 1080 1080 1080 1080 1080 1081 1081 1081
1068 1066 1063 1061 1058 1055 1053 1050 1048 1046 1045 1044 1043 1043 1042 1043 1043 1043 1044 1044 1045 1045 1046 1047 1047 1048 1049 1050 1050 1050 1050 1049 1048 1048 1047 1046 1046 1046 1046 1046 1046 1047 1048 1049 1050 1051 1053 1055 1058 1060 1063 1065 1067 1069 1070 1072 1074 1075 1076 1076 1077 1077 1078 1078 1079 1079 1079 1079 1079 1078 1078 1077 1076 1076 1076 1076 1077 1076 1077 1077 1077 1078 1078 1078 1079
1067 1065 1062 1059 1057 1054 1052 1049 1047 1046 1044 1043 1042 1042 1041 1041 1042 1042 1042 1042 1043 1044 1044 1045 1045 1046 1047 1047 1048 1048 1047 1046 1046 1045 1045 1044 1044 1044 1044 1044 1045 1046 1046 1047 1048 1049 1051 1053 1055 1057 1060 1062 1064 1066 1068 1069 1071 1071 1072 1073 1073 1074 1074 1075 1075 1075 1075 1075 1075 1074 1074 1073 1073 1073 1073 1072 1073 1073 1073 1074 1074 1075 1076 1076 1077
1066 1063 1061 1058 1056 1053 1051 1049 1047 1045 1044 1043 1041 1041 1040 1040 1040 1040 1040 1041 1041 1042 1042 1043 1043 1044 1045 1045 1046 1046 1045 1044 1044 1043 1043 1042 1042 1042 1042 1043 1043 1044 1045 1045 1046 1048 1049 1051 1053 1055 1057 1059 1062 1063 1065 1066 1067 1068 1069 1070 1070 1071 1072 1072 1072 1072 1072 1072 1072 1071 1071 1070 1070 1069 1069 1069 1069 1069 1070 1070 1071 1072 1073 1074 1074
