Capas/PRESENTE/Eje_30s/ASC/bio_01.asc
ncols         993
nrows         433
xllcorner     -105.25566776747
yllcorner     17.599810932142
cellsize      0.0083333333
NODATA_value  -9999
[rows 180 to 215 of 433, columns 328 to 409 of 993]
2926 2926 2926 2926 2926 2924 2922 2920 2918 2917 2914 2911 2908 2907 2904 2898 2889 2884 2878 2874 2871 2868 2865 2869 2869 2869 2868 2868 2867 2870 2871 2872 2873 2874 2872 2865 2871 2879 2879 2875 2872 2870 2871 2874 2878 2883 2886 2888 2884 2879 2874 2871 2866 2857 2861 2874 2882 2878 2879 2884 2886 2881 2883 2886 2883 2880 2880 2879 2874 2873 2875 2875 2872 2872 2869 2864 2859 2857 2858 2860 2862 2864
2925 2926 2926 2927 2923 2919 2919 2920 2921 2919 2916 2913 2911 2911 2908 2900 2893 2888 2883 2879 2876 2875 2874 2875 2873 2872 2871 2869 2867 2870 2871 2873 2875 2875 2875 2872 2878 2881 2881 2878 2876 2876 2879 2880 2884 2887 2890 2888 2884 2880 2875 2863 2854 2855 2862 2871 2881 2881 2882 2888 2888 2883 2886 2890 2889 2888 2886 2882 2877 2873 2873 2874 2874 2872 2868 2862 2856 2846 2848 2858 2863 2865
2919 2919 2925 2927 2923 2918 2917 2922 2923 2921 2919 2916 2916 2916 2911 2903 2897 2891 2887 2882 2879 2877 2878 2878 2877 2877 2875 2872 2871 2871 2873 2873 2874 2878 2880 2883 2883 2885 2884 2883 2881 2881 2884 2886 2889 2892 2894 2890 2884 2880 2875 2865 2859 2862 2871 2877 2883 2884 2887 2891 2891 2887 2887 2890 2887 2887 2886 2882 2879 2876 2875 2875 2873 2872 2868 2858 2855 2843 2843 2855 2860 2863
2919 2920 2927 2929 2926 2923 2923 2925 2926 2924 2922 2920 2920 2919 2915 2909 2903 2897 2890 2885 2879 2873 2876 2881 2880 2879 2877 2874 2872 2873 2875 2876 2878 2881 2882 2883 2882 2882 2884 2885 2886 2886 2886 2889 2893 2894 2894 2891 2887 2883 2877 2873 2871 2872 2874 2879 2884 2884 2888 2891 2891 2891 2890 2891 2889 2887 2884 2881 2878 2873 2875 2875 2873 2871 2868 2864 2861 2856 2854 2856 2855 2858
2923 2928 2930 2932 2930 2928 2928 2928 2929 2927 2925 2924 2924 2922 2920 2914 2907 2899 2892 2888 2881 2877 2880 2882 2882 2880 2878 2875 2875 2873 2874 2876 2879 2880 2878 2879 2881 2880 2881 2884 2887 2888 2889 2891 2894 2894 2894 2894 2889 2884 2879 2878 2878 2882 2883 2886 2887 2888 2889 2890 2891 2891 2890 2889 2887 2881 2875 2876 2878 2877 2878 2877 2876 2873 2871 2867 2865 2860 2855 2850 2850 2851
2924 2933 2937 2936 2934 2933 2932 2931 2931 2929 2928 2927 2926 2924 2921 2916 2909 2901 2895 2890 2887 2884 2884 2884 2882 2883 2881 2879 2878 2877 2876 2877 2878 2877 2873 2876 2878 2874 2877 2882 2884 2885 2889 2892 2893 2894 2894 2891 2887 2884 2881 2882 2884 2885 2885 2885 2886 2887 2889 2889 2889 2886 2882 2880 2877 2867 2859 2865 2872 2878 2879 2878 2876 2875 2873 2869 2862 2854 2845 2840 2838 2841
2928 2935 2941 2940 2939 2938 2937 2936 2934 2932 2930 2929 2926 2923 2920 2914 2909 2903 2896 2891 2888 2886 2886 2886 2883 2883 2885 2884 2879 2881 2881 2878 2879 2880 2881 2881 2879 2879 2880 2876 2873 2876 2884 2889 2892 2893 2893 2890 2888 2886 2884 2885 2885 2884 2885 2881 2885 2887 2888 2887 2882 2875 2871 2868 2864 2856 2844 2853 2865 2875 2878 2879 2877 2877 2874 2867 2859 2850 2842 2840 2841 2843
2934 2938 2943 2942 2940 2940 2938 2935 2932 2931 2932 2929 2927 2923 2920 2915 2910 2904 2897 2892 2888 2886 2888 2887 2886 2886 2886 2884 2882 2883 2884 2883 2882 2883 2885 2885 2886 2886 2882 2874 2866 2874 2880 2886 2891 2893 2893 2893 2891 2890 2889 2887 2886 2884 2884 2885 2886 2887 2886 2881 2875 2867 2862 2858 2852 2850 2849 2853 2860 2866 2874 2878 2878 2877 2875 2867 2860 2850 2844 2847 2851 2853
2938 2944 2946 2944 2943 2940 2934 2929 2927 2927 2928 2928 2926 2923 2920 2916 2912 2905 2897 2890 2888 2884 2888 2887 2886 2886 2885 2884 2884 2882 2882 2881 2883 2884 2886 2887 2887 2887 2886 2881 2879 2883 2886 2888 2890 2891 2893 2893 2892 2891 2888 2885 2884 2880 2883 2885 2886 2885 2879 2873 2868 2860 2854 2848 2842 2840 2848 2855 2853 2859 2872 2877 2872 2875 2877 2873 2866 2857 2853 2854 2857 2859
2945 2946 2946 2946 2945 2939 2932 2924 2917 2919 2923 2923 2919 2916 2916 2916 2912 2906 2899 2894 2892 2887 2889 2887 2885 2884 2884 2883 2881 2877 2875 2875 2879 2883 2886 2887 2888 2888 2888 2888 2888 2889 2890 2890 2891 2892 2892 2892 2892 2890 2884 2879 2883 2882 2883 2884 2882 2878 2871 2865 2860 2856 2850 2840 2832 2840 2848 2855 2855 2861 2873 2877 2875 2878 2878 2875 2869 2863 2861 2862 2861 2863
2949 2948 2947 2946 2946 2940 2933 2922 2910 2909 2916 2918 2913 2908 2912 2914 2911 2906 2901 2898 2894 2892 2890 2885 2880 2883 2884 2882 2878 2872 2867 2868 2875 2881 2885 2886 2886 2886 2887 2887 2887 2888 2889 2890 2890 2890 2890 2890 2890 2888 2886 2881 2882 2882 2882 2881 2878 2872 2866 2860 2855 2851 2850 2844 2842 2847 2854 2862 2868 2873 2877 2878 2877 2877 2877 2872 2866 2864 2864 2866 2866 2866
2949 2948 2948 2947 2946 2944 2937 2926 2919 2914 2918 2919 2917 2915 2917 2916 2914 2908 2900 2900 2895 2892 2890 2886 2881 2884 2882 2880 2877 2870 2864 2868 2874 2879 2883 2884 2883 2882 2880 2880 2881 2881 2886 2888 2887 2886 2888 2888 2886 2884 2883 2874 2880 2881 2880 2878 2873 2868 2863 2858 2854 2851 2853 2854 2853 2857 2865 2870 2877 2880 2879 2877 2875 2872 2870 2864 2857 2860 2863 2864 2866 2866
2949 2948 2948 2947 2946 2945 2941 2934 2928 2926 2927 2923 2925 2924 2922 2919 2916 2912 2907 2901 2891 2881 2888 2889 2887 2885 2884 2881 2877 2873 2871 2873 2876 2880 2881 2882 2879 2875 2873 2871 2873 2877 2881 2885 2886 2885 2885 2884 2882 2876 2880 2879 2879 2877 2878 2872 2864 2861 2858 2858 2858 2859 2861 2864 2865 2868 2874 2878 2881 2881 2878 2873 2870 2865 2861 2861 2856 2853 2856 2860 2863 2865
2948 2948 2947 2946 2946 2945 2944 2940 2936 2934 2933 2931 2931 2929 2926 2923 2919 2915 2910 2902 2889 2878 2882 2887 2888 2885 2883 2881 2878 2875 2875 2875 2876 2878 2879 2879 2873 2867 2861 2859 2862 2870 2877 2883 2883 2881 2883 2881 2881 2880 2879 2876 2876 2874 2869 2863 2852 2845 2845 2853 2861 2864 2867 2871 2875 2878 2880 2881 2881 2881 2876 2869 2865 2859 2856 2855 2849 2846 2850 2857 2860 2863
2945 2947 2947 2946 2945 2944 2943 2942 2940 2938 2935 2934 2932 2931 2928 2926 2922 2918 2912 2905 2897 2890 2884 2883 2888 2887 2884 2881 2879 2877 2875 2873 2874 2876 2878 2876 2869 2859 2850 2845 2850 2859 2871 2876 2879 2880 2880 2878 2880 2880 2879 2877 2874 2872 2865 2859 2851 2837 2834 2846 2862 2869 2872 2875 2879 2881 2881 2882 2881 2880 2877 2870 2865 2861 2857 2850 2840 2834 2846 2851 2857 2862
2939 2946 2946 2946 2945 2944 2943 2942 2941 2939 2935 2935 2933 2931 2929 2928 2925 2921 2915 2909 2904 2898 2892 2891 2889 2887 2881 2882 2881 2878 2876 2874 2872 2874 2877 2876 2868 2857 2845 2832 2841 2852 2861 2866 2871 2874 2876 2878 2877 2878 2878 2878 2877 2874 2867 2863 2861 2853 2850 2854 2867 2875 2877 2879 2881 2881 2882 2882 2880 2879 2879 2870 2868 2865 2860 2851 2843 2842 2847 2854 2860 2865
2936 2944 2946 2946 2945 2944 2943 2942 2941 2936 2932 2933 2932 2930 2928 2927 2924 2921 2917 2910 2902 2891 2894 2894 2892 2889 2887 2884 2883 2880 2878 2876 2877 2876 2876 2875 2867 2856 2849 2843 2840 2847 2854 2857 2861 2866 2871 2872 2867 2868 2869 2873 2877 2875 2872 2870 2871 2868 2867 2867 2875 2877 2875 2876 2877 2876 2878 2879 2878 2877 2878 2875 2871 2867 2864 2857 2854 2853 2853 2858 2863 2867
2940 2946 2946 2945 2944 2944 2943 2942 2940 2937 2932 2932 2931 2929 2927 2925 2922 2920 2916 2910 2904 2898 2898 2896 2895 2892 2889 2886 2883 2880 2877 2873 2878 2877 2875 2875 2871 2865 2858 2844 2834 2840 2849 2849 2854 2861 2868 2867 2857 2859 2861 2869 2874 2874 2875 2875 2873 2878 2878 2879 2881 2877 2873 2872 2873 2871 2873 2875 2870 2871 2874 2871 2865 2862 2861 2860 2860 2858 2859 2861 2864 2867
2947 2948 2947 2946 2944 2943 2942 2941 2939 2937 2935 2933 2931 2928 2925 2923 2920 2917 2914 2911 2907 2904 2901 2900 2898 2894 2891 2888 2886 2882 2879 2878 2880 2878 2875 2874 2875 2874 2867 2856 2849 2848 2850 2849 2855 2860 2867 2867 2858 2861 2864 2870 2873 2873 2875 2877 2879 2881 2877 2875 2877 2874 2873 2870 2869 2869 2872 2874 2870 2870 2868 2863 2855 2850 2853 2856 2860 2856 2856 2858 2861 2866
2951 2949 2947 2946 2945 2943 2941 2940 2938 2935 2933 2931 2929 2927 2924 2921 2918 2915 2913 2911 2908 2905 2902 2899 2898 2896 2892 2890 2887 2885 2883 2883 2884 2884 2880 2877 2876 2877 2876 2870 2861 2858 2856 2858 2861 2865 2869 2873 2870 2869 2875 2877 2878 2877 2880 2882 2883 2880 2873 2870 2869 2868 2866 2864 2859 2864 2869 2872 2875 2869 2863 2859 2854 2847 2849 2857 2859 2857 2858 2859 2865 2870
2951 2950 2949 2947 2945 2943 2939 2939 2937 2934 2932 2929 2927 2925 2923 2919 2915 2912 2909 2908 2906 2904 2901 2899 2898 2896 2894 2892 2889 2887 2886 2886 2885 2884 2881 2878 2876 2878 2878 2877 2871 2865 2863 2865 2868 2871 2875 2880 2884 2884 2885 2886 2886 2883 2883 2884 2882 2879 2873 2872 2870 2872 2870 2858 2855 2861 2870 2874 2876 2870 2866 2862 2861 2858 2858 2862 2865 2865 2865 2867 2872 2875
2951 2949 2948 2947 2945 2941 2938 2938 2936 2934 2931 2928 2926 2923 2920 2918 2915 2911 2907 2904 2901 2899 2899 2897 2896 2894 2892 2889 2888 2887 2886 2885 2884 2883 2882 2880 2880 2877 2875 2874 2875 2873 2870 2872 2873 2876 2879 2885 2889 2891 2891 2887 2887 2886 2883 2883 2878 2877 2881 2879 2877 2876 2872 2866 2864 2868 2867 2873 2878 2877 2872 2872 2870 2870 2869 2871 2873 2876 2876 2879 2881 2881
-9999 -9999 2947 2946 2942 2942 2940 2938 2932 2930 2929 2927 2924 2922 2919 2916 2913 2909 2906 2902 2896 2891 2894 2894 2893 2890 2888 2886 2885 2885 2884 2881 2880 2880 2877 2880 2880 2875 2873 2874 2877 2877 2878 2879 2879 2881 2884 2887 2888 2890 2892 2887 2890 2889 2885 2879 2884 2883 2883 2880 2880 2878 2877 2874 2872 2876 2876 2878 2883 2882 2880 2881 2880 2881 2882 2884 2884 2886 2886 2888 2888 2884
-9999 -9999 -9999 2942 2941 2938 2936 2935 2927 2925 2925 2924 2921 2921 2918 2915 2912 2909 2905 2900 2896 2889 2888 2890 2889 2886 2881 2879 2881 2880 2882 2879 2875 2874 2874 2877 2878 2874 2872 2873 2874 2876 2880 2882 2884 2886 2889 2891 2890 2891 2893 2892 2892 2892 2892 2891 2890 2890 2887 2884 2883 2884 2883 2883 2879 2882 2884 2886 2886 2887 2884 2881 2876 2883 2886 2891 2894 2895 2895 2896 2894 2891
-9999 -9999 -9999 -9999 2941 2935 2932 2928 2928 2925 2923 2921 2919 2918 2916 2913 2910 2906 2902 2899 2894 2889 2881 2884 2884 2882 2877 2872 2875 2874 2875 2875 2871 2869 2872 2874 2876 2877 2875 2866 2861 2874 2879 2883 2887 2889 2890 2893 2894 2893 2893 2892 2895 2895 2896 2895 2893 2893 2893 2891 2889 2887 2889 2889 2884 2884 2888 2891 2890 2891 2887 2884 2885 2885 2886 2892 2895 2899 2901 2900 2898 2896
-9999 -9999 -9999 -9999 -9999 2937 2932 2927 2927 2922 2917 2918 2916 2912 2909 2908 2905 2901 2898 2895 2893 2888 2883 2881 2879 2877 2874 2872 2871 2866 2867 2865 2863 2865 2869 2873 2875 2875 2874 2870 2867 2874 2878 2883 2887 2890 2892 2894 2894 2895 2896 2897 2898 2899 2899 2898 2896 2895 2895 2894 2891 2891 2892 2892 2890 2891 2895 2896 2894 2895 2894 2891 2892 2892 2894 2896 2900 2902 2903 2902 2900 2898
-9999 -9999 -9999 -9999 -9999 -9999 2932 2931 2926 2921 2917 2914 2911 2907 2903 2901 2898 2897 2894 2891 2889 2886 2880 2874 2873 2871 2869 2866 2866 2862 2863 2864 2864 2866 2870 2873 2871 2871 2871 2871 2872 2873 2875 2880 2885 2889 2890 2894 2896 2896 2898 2899 2900 2901 2901 2900 2895 2893 2896 2896 2895 2891 2896 2896 2896 2900 2902 2901 2900 2901 2900 2900 2900 2898 2901 2904 2904 2906 2906 2902 2899 2898
-9999 -9999 -9999 -9999 -9999 -9999 -9999 2929 2927 2924 2915 2910 2907 2902 2896 2894 2890 2890 2890 2886 2884 2882 2879 2872 2864 2862 2862 2860 2858 2857 2860 2863 2862 2866 2869 2870 2868 2865 2867 2869 2867 2863 2870 2877 2884 2888 2889 2894 2897 2898 2900 2901 2902 2903 2903 2902 2899 2898 2893 2896 2895 2896 2901 2899 2900 2902 2908 2907 2905 2907 2906 2908 2907 2906 2906 2908 2908 2909 2905 2900 2898 2898
-9999 -9999 -9999 -9999 -9999 -9999 -9999 2923 2921 2918 2913 2907 2904 2899 2891 2885 2881 2884 2883 2878 2876 2875 2872 2869 2857 2851 2852 2855 2852 2851 2853 2855 2856 2857 2865 2864 2864 2863 2865 2865 2857 2857 2866 2876 2884 2889 2890 2892 2894 2897 2901 2902 2901 2900 2904 2903 2901 2896 2890 2895 2898 2902 2905 2902 2903 2904 2907 2910 2912 2913 2911 2911 2912 2911 2910 2910 2912 2911 2907 2903 2900 2899
-9999 -9999 -9999 -9999 -9999 -9999 -9999 -9999 2918 2916 2912 2906 2901 2897 2893 2884 2879 2880 2874 2869 2866 2865 2865 2860 2855 2837 2839 2843 2841 2843 2841 2849 2853 2858 2864 2864 2862 2860 2861 2865 2864 2863 2865 2876 2883 2889 2887 2884 2891 2896 2898 2902 2903 2904 2906 2903 2894 2889 2889 2896 2903 2906 2908 2908 2904 2905 2907 2909 2914 2917 2917 2917 2916 2913 2913 2914 2913 2913 2909 2906 2902 2899
-9999 -9999 -9999 -9999 -9999 -9999 -9999 -9999 -9999 2913 2908 2902 2898 2894 2891 2882 2879 2877 2869 2861 2856 2852 2848 2849 2849 2834 2822 2830 2828 2832 2832 2846 2851 2856 2862 2861 2860 2858 2860 2868 2870 2871 2876 2881 2887 2890 2888 2889 2894 2893 2895 2900 2904 2907 2907 2904 2894 2885 2889 2901 2906 2908 2911 2909 2905 2904 2907 2911 2914 2916 2920 2922 2920 2915 2916 2918 2916 2915 2912 2909 2906 2901
-9999 -9999 -9999 -9999 -9999 -9999 -9999 -9999 -9999 2913 2909 2904 2901 2893 2889 2884 2879 2875 2868 2858 2846 2839 2833 2830 2832 2834 2818 2814 2823 2826 2835 2844 2848 2852 2859 2855 2850 2853 2862 2867 2874 2876 2881 2886 2890 2894 2894 2894 2893 2894 2898 2903 2905 2907 2908 2906 2901 2895 2896 2906 2909 2912 2915 2910 2904 2895 2902 2913 2918 2920 2925 2925 2921 2916 2918 2919 2919 2917 2915 2914 2910 2906
-9999 -9999 -9999 -9999 -9999 -9999 -9999 -9999 -9999 -9999 2909 2906 2898 2890 2881 2882 2879 2874 2866 2855 2842 2824 2821 2819 2813 2827 2811 2816 2826 2829 2837 2843 2847 2854 2856 2849 2843 2848 2860 2870 2877 2879 2884 2889 2891 2897 2897 2898 2896 2896 2902 2907 2909 2911 2912 2910 2911 2909 2909 2914 2915 2917 2917 2912 2907 2900 2904 2916 2922 2922 2928 2930 2929 2923 2922 2917 2919 2918 2917 2913 2907 2904
-9999 -9999 -9999 -9999 -9999 -9999 -9999 -9999 -9999 2908 2904 2901 2897 2891 2887 2884 2880 2873 2862 2848 2837 2823 2812 2803 2807 2813 2809 2812 2824 2834 2838 2844 2849 2855 2854 2854 2852 2856 2865 2873 2880 2882 2886 2891 2895 2899 2900 2901 2898 2898 2904 2909 2912 2913 2916 2916 2917 2916 2917 2918 2918 2918 2919 2918 2914 2911 2912 2919 2926 2925 2929 2932 2932 2932 2931 2927 2924 2922 2917 2913 2906 2900
-9999 -9999 -9999 -9999 -9999 -9999 -9999 -9999 -9999 2904 2897 2893 2894 2892 2889 2884 2880 2874 2857 2840 2830 2813 2800 2802 2796 2797 2803 2804 2821 2836 2841 2844 2848 2850 2855 2858 2860 2863 2869 2875 2881 2885 2887 2892 2895 2899 2903 2905 2902 2902 2905 2908 2911 2916 2917 2919 2919 2919 2920 2920 2920 2919 2919 2919 2920 2918 2922 2927 2930 2928 2932 2933 2934 2934 2932 2930 2927 2924 2921 2918 2910 2905
-9999 -9999 -9999 -9999 -9999 -9999 -9999 -9999 -9999 2901 2889 2883 2885 2888 2888 2883 2877 2875 2860 2846 2830 2821 2807 2800 2800 2802 2802 2809 2822 2833 2842 2840 2843 2848 2857 2860 2864 2868 2872 2875 2880 2885 2890 2893 2896 2900 2903 2904 2904 2904 2899 2910 2914 2916 2918 2920 2920 2920 2920 2920 2920 2920 2919 2917 2921 2926 2930 2932 2933 2935 2932 2934 2935 2935 2934 2931 2928 2926 2925 2921 2915 2907
