Capas/PRESENTE/Eje_30s/ASC/bio_16.asc
ncols         993
nrows         433
xllcorner     -105.25566776747
yllcorner     17.599810932142
cellsize      0.0083333333
NODATA_value  -9999
[rows 72 to 107 of 433, columns 492 to 573 of 993]
3954 3940 3954 4018 4060 4071 4081 4088 4041 3992 3952 3923 3900 3877 3851 3829 3809 3794 3779 3766 3753 3741 3730 3719 3713 3707 3705 3703 3702 3702 3702 3700 3698 3692 3685 3674 -9999 -9999 -9999 -9999 -9999 -9999 -9999 -9999 -9999 -9999 -9999 -9999 -9999 -9999 -9999 -9999 -9999 -9999 -9999 -9999 -9999 -9999 -9999 -9999 -9999 -9999 -9999 -9999 -9999 -9999 -9999 -9999 -9999 -9999 -9999 -9999 -9999 -9999 -9999 -9999 -9999 -9999 -9999 -9999 -9999 -9999
3968 3950 3945 3970 4007 4015 3998 3977 3958 3940 3924 3908 3890 3872 3850 3833 3818 3805 3795 3782 3772 3761 3751 3743 3734 3728 3724 3720 3717 3716 3715 3712 3709 3705 3696 3684 -9999 -9999 -9999 -9999 -9999 -9999 -9999 -9999 -9999 -9999 -9999 -9999 -9999 -9999 -9999 -9999 -9999 -9999 -9999 -9999 -9999 -9999 -9999 -9999 -9999 -9999 -9999 -9999 -9999 -9999 -9999 -9999 -9999 -9999 -9999 -9999 -9999 -9999 -9999 -9999 -9999 -9999 -9999 -9999 -9999 -9999
3984 3962 3946 3939 3936 3928 3921 3919 3916 3910 3904 3894 3883 3869 3855 3839 3829 3817 3809 3799 3791 3781 3773 3765 3757 3751 3747 3743 3740 3736 3733 3730 3726 3721 3712 -9999 -9999 -9999 -9999 -9999 -9999 -9999 -9999 -9999 -9999 -9999 -9999 -9999 -9999 -9999 -9999 -9999 -9999 -9999 -9999 -9999 -9999 -9999 -9999 -9999 -9999 -9999 -9999 -9999 -9999 -9999 -9999 -9999 -9999 -9999 -9999 -9999 -9999 -9999 -9999 -9999 -9999 -9999 -9999 -9999 -9999 -9999
3999 3977 3958 3941 3927 3916 3910 3908 3903 3898 3892 3884 3876 3868 3858 3848 3838 3829 3822 3815 3808 3800 3793 3787 3779 3775 3771 3768 3764 3759 3756 3752 3746 3740 -9999 -9999 -9999 -9999 -9999 -9999 -9999 -9999 -9999 -9999 -9999 -9999 -9999 -9999 -9999 -9999 -9999 -9999 -9999 -9999 -9999 -9999 -9999 -9999 -9999 -9999 -9999 -9999 -9999 -9999 -9999 -9999 -9999 -9999 -9999 -9999 -9999 -9999 -9999 -9999 -9999 -9999 -9999 -9999 -9999 -9999 -9999 -9999
4016 3994 3974 3955 3937 3924 3914 3906 3899 3892 3886 3879 3872 3866 3860 3853 3846 3839 3832 3827 3822 3817 3812 3807 3800 3796 3794 3792 3787 3783 3779 3774 3767 3758 -9999 -9999 -9999 -9999 -9999 -9999 -9999 -9999 -9999 -9999 -9999 -9999 -9999 -9999 -9999 -9999 -9999 -9999 -9999 -9999 -9999 -9999 -9999 -9999 -9999 -9999 -9999 -9999 -9999 -9999 -9999 -9999 -9999 -9999 -9999 -9999 -9999 -9999 -9999 -9999 -9999 -9999 -9999 -9999 -9999 -9999 -9999 -9999
4038 4017 3995 3973 3953 3935 3921 3909 3899 3890 3882 3875 3869 3864 3860 3857 3853 3848 3841 3837 3835 3831 3827 3822 3818 3816 3815 3813 3808 3804 3798 3792 3785 3774 -9999 -9999 -9999 -9999 -9999 -9999 -9999 -9999 -9999 -9999 -9999 -9999 -9999 -9999 -9999 -9999 -9999 -9999 -9999 -9999 -9999 -9999 -9999 -9999 -9999 -9999 -9999 -9999 -9999 -9999 -9999 -9999 -9999 -9999 -9999 -9999 -9999 -9999 -9999 -9999 -9999 -9999 -9999 -9999 -9999 -9999 -9999 -9999
4062 4043 4021 3998 3976 3955 3934 3918 3902 3890 3880 3872 3866 3863 3861 3860 3857 3854 3849 3846 3846 3841 3837 3834 3833 3832 3830 3827 3824 3820 3814 3807 3799 3787 -9999 -9999 -9999 -9999 -9999 -9999 -9999 -9999 -9999 -9999 -9999 -9999 -9999 -9999 -9999 -9999 -9999 -9999 -9999 -9999 -9999 -9999 -9999 -9999 -9999 -9999 -9999 -9999 -9999 -9999 -9999 -9999 -9999 -9999 -9999 -9999 -9999 -9999 -9999 -9999 -9999 -9999 -9999 -9999 -9999 -9999 -9999 -9999
4085 4065 4046 4022 4000 3975 3952 3929 3908 3891 3878 3868 3862 3858 3857 3857 3856 3855 3853 3852 3851 3848 3845 3843 3842 3842 3841 3840 3835 3832 3827 3820 3810 3798 -9999 -9999 -9999 -9999 -9999 -9999 -9999 -9999 -9999 -9999 -9999 -9999 -9999 -9999 -9999 -9999 -9999 -9999 -9999 -9999 -9999 -9999 -9999 -9999 -9999 -9999 -9999 -9999 -9999 -9999 -9999 -9999 -9999 -9999 -9999 -9999 -9999 -9999 -9999 -9999 -9999 -9999 -9999 -9999 -9999 -9999 -9999 -9999
4107 4089 4068 4045 4019 3992 3966 3938 3912 3890 3875 3863 3855 3851 3850 3851 3852 3853 3853 3854 3855 3853 3851 3851 3849 3848 3848 3847 3846 3842 3838 3833 3823 3810 -9999 -9999 -9999 -9999 -9999 -9999 -9999 -9999 -9999 -9999 -9999 -9999 -9999 -9999 -9999 -9999 -9999 -9999 -9999 -9999 -9999 -9999 -9999 -9999 -9999 -9999 -9999 -9999 -9999 -9999 -9999 -9999 -9999 -9999 -9999 -9999 -9999 -9999 -9999 -9999 -9999 -9999 -9999 -9999 -9999 -9999 -9999 -9999
4162 4132 4094 4063 4035 4006 3973 3941 3911 3887 3867 3854 3846 3841 3841 3842 3846 3850 3853 3856 3858 3859 3857 3856 3853 3851 3852 3853 3855 3853 3851 3847 3838 3824 3805 -9999 -9999 -9999 -9999 -9999 -9999 -9999 -9999 -9999 -9999 -9999 -9999 -9999 -9999 -9999 -9999 -9999 -9999 -9999 -9999 -9999 -9999 -9999 -9999 -9999 -9999 -9999 -9999 -9999 -9999 -9999 -9999 -9999 -9999 -9999 -9999 -9999 -9999 -9999 -9999 -9999 -9999 -9999 -9999 -9999 3321 3351
4249 4211 4134 4076 4041 4009 3975 3939 3905 3878 3857 3843 3833 3830 3831 3836 3841 3848 3854 3859 3862 3864 3863 3860 3858 3856 3858 3862 3866 3869 3869 3866 3859 3846 3824 3799 -9999 -9999 -9999 -9999 -9999 -9999 -9999 -9999 -9999 -9999 -9999 -9999 -9999 -9999 -9999 -9999 -9999 -9999 -9999 -9999 -9999 -9999 -9999 -9999 -9999 -9999 -9999 -9999 -9999 -9999 -9999 -9999 -9999 -9999 -9999 -9999 -9999 -9999 -9999 -9999 -9999 -9999 -9999 3382 3412 3459
4238 4225 4177 4081 4032 3999 3964 3927 3893 3866 3845 3831 3823 3820 3822 3829 3838 3847 3856 3863 3866 3868 3866 3865 3865 3865 3869 3875 3884 3891 3898 3901 3897 3884 3861 3834 -9999 -9999 -9999 -9999 -9999 -9999 -9999 -9999 -9999 -9999 -9999 -9999 -9999 -9999 -9999 -9999 -9999 -9999 -9999 -9999 -9999 -9999 -9999 -9999 -9999 -9999 -9999 -9999 -9999 -9999 -9999 -9999 -9999 -9999 -9999 -9999 -9999 -9999 -9999 -9999 -9999 3444 3434 3457 3504 3569
4203 4191 4166 4061 4004 3970 3939 3905 3874 3848 3829 3816 3810 3811 3815 3824 3834 3846 3858 3867 3871 3871 3871 3871 3872 3875 3884 3896 3912 3930 3945 3956 3957 3947 3924 3893 3856 -9999 -9999 -9999 -9999 -9999 -9999 -9999 -9999 -9999 -9999 -9999 -9999 -9999 -9999 -9999 -9999 -9999 -9999 -9999 -9999 -9999 -9999 -9999 -9999 -9999 -9999 -9999 -9999 -9999 -9999 -9999 -9999 -9999 -9999 -9999 -9999 -9999 -9999 -9999 -9999 3498 3498 3536 3603 3670
4073 4097 4075 4004 3958 3930 3902 3873 3846 3825 3809 3799 3796 3800 3808 3818 3831 3844 3858 3869 3873 3875 3876 3876 3880 3890 3904 3929 3959 3989 4019 4041 4047 4040 4017 3981 3937 3887 -9999 -9999 -9999 -9999 -9999 -9999 -9999 -9999 -9999 -9999 -9999 -9999 -9999 -9999 -9999 -9999 -9999 -9999 -9999 -9999 -9999 -9999 -9999 -9999 -9999 -9999 -9999 -9999 -9999 -9999 -9999 -9999 -9999 -9999 -9999 -9999 -9999 -9999 3586 3564 3571 3621 3695 3757
3989 3978 3966 3933 3907 3883 3859 3835 3816 3801 3791 3784 3784 3789 3799 3814 3827 3841 3856 3867 3875 3877 3878 3883 3893 3914 3947 3994 4045 4092 4136 4172 4188 4177 4148 4108 4057 3998 -9999 -9999 -9999 -9999 -9999 -9999 -9999 -9999 -9999 -9999 -9999 -9999 -9999 -9999 -9999 -9999 -9999 -9999 -9999 -9999 -9999 -9999 -9999 -9999 -9999 -9999 -9999 -9999 -9999 -9999 -9999 -9999 -9999 -9999 -9999 -9999 -9999 3671 3649 3636 3649 3705 3771 3835
3940 3917 3897 3876 3856 3837 3816 3799 3787 3794 3799 3789 3776 3778 3791 3806 3822 3838 3852 3863 3870 3873 3877 3888 3915 3962 4031 4117 4195 4257 4314 4365 4388 4374 4336 4289 4232 4161 4079 -9999 -9999 -9999 -9999 -9999 -9999 -9999 -9999 -9999 -9999 -9999 -9999 -9999 -9999 -9999 -9999 -9999 -9999 -9999 -9999 -9999 -9999 -9999 -9999 -9999 -9999 -9999 -9999 -9999 -9999 -9999 -9999 -9999 -9999 -9999 3755 3739 3727 3719 3731 3784 3835 3897
3902 3873 3849 3829 3810 3793 3776 3762 3762 3794 3822 3800 3767 3765 3778 3796 3814 3830 3844 3855 3863 3865 3871 3889 3937 4021 4139 4261 4363 4452 4523 4587 4619 4610 4572 4523 4464 4382 4277 4169 -9999 -9999 -9999 -9999 -9999 -9999 -9999 -9999 -9999 -9999 -9999 -9999 -9999 -9999 -9999 -9999 -9999 -9999 -9999 -9999 -9999 -9999 -9999 -9999 -9999 -9999 -9999 -9999 -9999 -9999 -9999 -9999 -9999 3847 3825 3825 3823 3813 3817 3841 3884 3942
3871 3835 3808 3787 3769 3753 3739 3728 3730 3763 3790 3771 3744 3746 3761 3780 3800 3817 3830 3842 3850 3855 3864 3891 3954 4068 4217 4334 4463 4590 4702 4789 4845 4853 4825 4782 4726 4641 4521 4389 4256 -9999 -9999 -9999 -9999 -9999 -9999 -9999 -9999 -9999 -9999 -9999 -9999 -9999 3842 3975 4066 4124 4164 4176 -9999 -9999 -9999 -9999 -9999 -9999 -9999 -9999 -9999 -9999 -9999 -9999 3939 3878 3870 3881 3869 3852 3855 3877 3913 3963
3843 3805 3775 3753 3736 3722 3708 3698 3694 3704 3715 3713 3710 3722 3738 3760 3784 3799 3810 3823 3833 3842 3859 3900 3977 4103 4251 4390 4542 4695 4832 4944 5022 5060 5064 5037 4983 4904 4784 4641 4480 -9999 -9999 -9999 -9999 -9999 -9999 -9999 -9999 -9999 -9999 -9999 -9999 3845 3973 4084 4185 4272 4336 4358 4331 4290 -9999 -9999 -9999 -9999 -9999 -9999 -9999 -9999 -9999 -9999 3936 3876 3863 3868 3869 3868 3872 3890 3921 3962
3821 3781 3749 3726 3707 3694 3683 3673 3667 3666 3669 3673 3682 3696 3716 3749 3782 3784 3787 3798 3811 3825 3850 3908 4002 4131 4269 4423 4595 4771 4933 5071 5175 5236 5256 5241 5195 5119 5019 4886 4699 4498 -9999 -9999 -9999 -9999 -9999 -9999 -9999 -9999 -9999 -9999 3845 3945 4062 4183 4297 4396 4472 4519 4532 4513 4469 4404 -9999 -9999 -9999 -9999 -9999 -9999 -9999 3976 3924 3861 3838 3844 3853 3867 3873 3888 3911 3942
3805 3764 3731 3706 3687 3673 3661 3653 3649 3646 3647 3651 3661 3681 3711 3747 3778 3763 3758 3772 3790 3807 3838 3905 4009 4141 4268 4431 4617 4811 4998 5162 5292 5377 5417 5417 5381 5307 5204 5072 4897 4668 -9999 -9999 -9999 -9999 -9999 -9999 -9999 -9999 -9999 3813 3907 4020 4148 4279 4406 4517 4606 4661 4684 4673 4630 4562 4466 4339 4262 4197 4123 4057 4009 3972 3924 3867 3844 3855 3876 3868 3865 3874 3890 3908
3797 3753 3720 3694 3674 3659 3648 3640 3635 3632 3632 3636 3647 3676 3712 3733 3738 3722 3725 3752 3788 3809 3830 3892 3994 4119 4247 4412 4607 4815 5020 5207 5363 5472 5535 5552 5525 5457 5354 5219 5057 4813 4562 -9999 -9999 -9999 -9999 -9999 -9999 -9999 3711 3783 3904 4046 4200 4369 4505 4627 4725 4791 4820 4812 4771 4701 4612 4481 4378 4290 4191 4102 4036 3992 3954 3912 3886 3891 3876 3861 3854 3855 3854 3861
3798 3754 3718 3690 3668 3653 3643 3635 3631 3629 3628 3629 3637 3661 3688 3690 3680 3678 3700 3759 3832 3855 3844 3878 3972 4089 4210 4373 4568 4782 4999 5206 5384 5516 5600 5635 5620 5560 5460 5326 5161 4924 4658 -9999 -9999 -9999 -9999 -9999 -9999 3667 3714 3807 3943 4104 4274 4459 4597 4724 4827 4899 4931 4926 4885 4815 4723 4611 4487 4371 4255 4150 4073 4029 4004 3981 3937 3901 3873 3853 3839 3832 3806 3819
3815 3768 3729 3698 3674 3658 3649 3643 3640 3639 3638 3637 3637 3644 3650 3645 3640 3646 3681 3774 3837 3859 3853 3860 3944 4053 4167 4320 4506 4715 4938 5154 5347 5498 5604 5658 5658 5609 5515 5385 5223 4998 4724 -9999 -9999 -9999 -9999 -9999 3701 3728 3804 3916 4073 4263 4410 4549 4683 4804 4907 4977 5011 5007 4968 4901 4809 4706 4580 4467 4344 4219 4122 4074 4056 3995 3944 3900 3866 3840 3806 3773 3767 3780
3854 3802 3756 3720 3694 3677 3668 3665 3666 3667 3666 3662 3656 3647 3637 3628 3620 3623 3653 3739 3807 3833 3809 3818 3900 4020 4123 4259 4429 4625 4839 5055 5254 5420 5542 5616 5633 5596 5515 5394 5235 5014 4747 4476 -9999 -9999 -9999 3796 3801 3870 3972 4098 4242 4383 4519 4645 4762 4869 4959 5023 5055 5051 5016 4953 4866 4767 4663 4559 4453 4305 4168 4101 4078 4009 3948 3898 3858 3807 3755 3734 3738 3748
3913 3854 3803 3762 3731 3712 3705 3707 3712 3714 3714 3706 3692 3671 3648 3627 3611 3604 3617 3664 3722 3745 3749 3787 3868 3979 4102 4216 4358 4528 4722 4923 5118 5289 5425 5515 5550 5530 5463 5352 5202 4974 4720 4456 -9999 4016 3898 3875 3928 3986 4087 4217 4357 4496 4619 4727 4825 4911 4986 5040 5067 5068 5037 4979 4902 4809 4711 4607 4502 4376 4205 4103 4050 4000 3950 3889 3830 3775 3735 3720 3729 3740
3995 3930 3873 3825 3790 3772 3771 3780 3787 3789 3784 3769 3743 3708 3671 3636 3609 3595 3600 3627 3670 3717 3767 3828 3899 3988 4112 4215 4317 4447 4602 4775 4951 5115 5257 5360 5410 5408 5358 5263 5106 4888 4644 4390 4158 3985 3906 3932 3962 4041 4161 4299 4442 4574 4684 4775 4854 4925 4987 5033 5059 5063 5040 4990 4919 4835 4741 4640 4536 4413 4246 4128 4046 3966 3904 3856 3802 3763 3742 3734 3738 3753
4104 4028 3964 3912 3879 3872 3892 3917 3922 3908 3885 3854 3811 3759 3702 3652 3613 3596 3609 3651 3718 3807 3900 3977 4031 4084 4164 4271 4324 4397 4501 4629 4771 4917 5054 5160 5224 5241 5209 5130 4959 4754 4521 4287 4078 3934 3891 3932 3967 4060 4188 4330 4470 4597 4698 4778 4845 4909 4965 5010 5039 5049 5032 4992 4927 4847 4756 4656 4551 4431 4290 4179 4091 3995 3923 3874 3817 3787 3787 3787 3788 3796
4231 4140 4071 4021 3999 4024 4083 4126 4131 4084 4018 3951 3884 3811 3737 3670 3622 3607 3643 3726 3849 3996 4134 4225 4258 4262 4279 4323 4367 4379 4421 4494 4593 4710 4831 4936 5008 5040 5026 4943 4788 4595 4382 4171 3988 3869 3854 3895 3943 4042 4172 4310 4446 4566 4661 4736 4801 4866 4923 4972 5006 5023 5014 4977 4916 4838 4748 4650 4545 4432 4299 4198 4121 4033 3960 3909 3855 3821 3822 3835 3843 3849
4358 4257 4194 4160 4159 4209 4239 4260 4273 4264 4173 4059 3954 3858 3765 3683 3632 3633 3712 3857 4021 4173 4323 4447 4523 4511 4459 4417 4394 4383 4363 4377 4428 4510 4609 4704 4780 4821 4822 4743 4603 4429 4237 4048 3891 3796 3795 3843 3895 3992 4116 4249 4377 4493 4586 4664 4732 4801 4865 4921 4961 4982 4976 4941 4880 4801 4709 4609 4506 4385 4259 4172 4114 4054 3996 3949 3911 3883 3877 3891 3905 3913
4495 4375 4321 4316 4337 4355 4370 4392 4399 4379 4319 4165 4013 3891 3780 3690 3643 3674 3800 3946 4106 4288 4466 4609 4693 4716 4683 4559 4444 4357 4305 4283 4286 4332 4405 4486 4554 4599 4599 4530 4407 4255 4087 3926 3794 3716 3716 3779 3829 3919 4031 4155 4276 4389 4484 4567 4644 4720 4792 4855 4900 4922 4914 4876 4812 4729 4633 4532 4429 4314 4197 4119 4081 4042 4003 3979 3964 3961 3962 3967 3978 3989
4634 4477 4414 4426 4463 4474 4490 4508 4507 4473 4404 4234 4051 3903 3780 3683 3648 3709 3846 3985 4166 4371 4566 4722 4809 4829 4783 4655 4486 4333 4221 4156 4142 4170 4216 4280 4337 4372 4375 4323 4219 4089 3946 3809 3698 3638 3635 3681 3755 3832 3932 4044 4158 4268 4366 4458 4545 4628 4705 4770 4817 4837 4826 4783 4714 4626 4530 4428 4329 4218 4106 4033 4013 4003 3984 3980 3986 3999 4015 4033 4052 4070
4699 4541 4479 4503 4554 4569 4589 4600 4590 4538 4423 4242 4055 3897 3765 3668 3642 3723 3847 3992 4180 4389 4589 4745 4832 4850 4800 4643 4458 4281 4135 4037 3992 3995 4025 4076 4128 4159 4164 4131 4052 3944 3822 3707 3616 3566 3566 3599 3661 3745 3835 3933 4039 4145 4246 4343 4434 4523 4603 4666 4709 4724 4708 4662 4551 4436 4351 4276 4189 4087 3992 3931 3922 3954 3957 3973 3997 4026 4057 4088 4118 4145
4684 4578 4554 4609 4613 4632 4652 4659 4631 4509 4361 4194 4024 3869 3735 3644 3629 3714 3820 3958 4134 4327 4512 4658 4741 4760 4714 4554 4377 4198 4041 3924 3857 3842 3862 3905 3952 3978 3982 3961 3904 3818 3718 3625 3551 3509 3509 3537 3595 3667 3748 3839 3935 4036 4137 4232 4325 4412 4489 4547 4580 4588 4552 4451 4350 4259 4177 4103 4028 3954 3891 3850 3850 3892 3927 3956 3994 4037 4083 4127 4170 4208
4669 4609 4616 4601 4618 4646 4669 4670 4576 4429 4284 4132 3975 3823 3694 3614 3610 3685 3776 3895 4045 4210 4368 4494 4568 4589 4527 4407 4259 4097 3945 3825 3751 3727 3742 3781 3824 3845 3846 3825 3777 3707 3632 3562 3502 3465 3460 3481 3529 3591 3666 3761 3849 3944 4043 4138 4228 4313 4383 4434 4443 4399 4355 4292 4219 4144 4069 3999 3933 3877 3832 3806 3810 3853 3903 3937 3982 4035 4090 4147 4199 4247
4647 4599 4555 4542 4565 4599 4625 4624 4517 4353 4211 4063 3912 3768 3649 3576 3571 3636 3720 3817 3937 4070 4195 4297 4362 4342 4290 4206 4091 3961 3839 3740 3678 3666 3692 3726 3751 3756 3745 3718 3672 3619 3567 3516 3471 3438 3424 3435 3473 3522 3576 3654 3768 3872 3968 4066 4157 4241 4307 4321 4300 4277 4258 4214 4155 4093 4031 3970 3913 3865 3827 3805 3810 3848 3895 3927 3970 4021 4078 4140 4200 4257
