Capas/PRESENTE/Eje_30s/ASC/bio_12.asc
ncols         993
nrows         433
xllcorner     -105.25566776747
yllcorner     17.599810932142
cellsize      0.0083333333
NODATA_value  -9999
[rows 245 to 279 of 433, columns 790 to 868 of 993]
13581 13652 13869 14153 14484 14184 13855 13613 13565 13519 13373 13219 13020 12701 12307 11892 11427 11031 10666 10442 10245 10037 9868 9713 9579 9409 9258 9103 8957 8827 8701 8580 8473 8365 8254 8145 8042 7950 7837 7718 7611 7527 7481 7479 7476 7436 7397 7364 7328 7283 7236 7190 7167 7169 7210 7282 7381 7492 7591 7701 7812 7921 8024 8129 8232 8337 8440 8543 8650 8766 8887 9013 9146 9286 9416 9548 9657 9744 9789
13746 13643 13722 13951 14204 14096 13962 13742 13527 13612 13552 13343 13096 12723 12365 11956 11570 11178 10875 10569 10305 10108 9934 9777 9637 9490 9339 9191 9048 8924 8801 8680 8567 8450 8332 8222 8111 7995 7874 7772 7678 7586 7549 7551 7550 7510 7469 7429 7388 7344 7292 7253 7229 7201 7228 7308 7402 7492 7580 7677 7776 7873 7966 8060 8153 8244 8336 8431 8530 8633 8744 8856 8978 9097 9208 9318 9405 9474 9509
13771 13768 13748 13740 14136 14214 13953 13737 13724 13713 13648 13432 13161 12856 12490 12099 11669 11237 10843 10565 10328 10099 9942 9799 9668 9553 9423 9306 9160 9023 8898 8778 8653 8525 8387 8257 8133 8017 7900 7815 7738 7656 7608 7607 7603 7585 7564 7503 7453 7402 7356 7324 7308 7253 7235 7302 7413 7489 7568 7655 7739 7825 7910 7990 8070 8152 8234 8318 8404 8496 8596 8695 8801 8899 8994 9077 9140 9196 9216
13756 13675 13741 13878 13970 14137 14041 14011 14105 14096 13844 13532 13227 12911 12580 12155 11703 11311 10960 10621 10371 10212 10036 9876 9747 9633 9509 9377 9245 9115 8989 8858 8726 8594 8438 8290 8163 8060 7955 7869 7795 7720 7656 7629 7632 7631 7609 7558 7510 7464 7418 7390 7353 7269 7240 7300 7397 7477 7546 7622 7699 7772 7846 7918 7989 8057 8129 8203 8282 8370 8450 8537 8622 8703 8774 8833 8880 8919 8933
13567 13733 13903 13919 13902 14065 14050 14078 14191 14043 13843 13628 13402 13016 12638 12193 11799 11351 11021 10712 10462 10256 10100 9957 9825 9698 9558 9424 9298 9167 9035 8913 8783 8648 8499 8344 8220 8132 8025 7922 7848 7768 7695 7651 7639 7647 7632 7597 7558 7511 7477 7441 7356 7261 7256 7309 7388 7462 7525 7589 7657 7727 7787 7848 7909 7969 8036 8100 8170 8243 8313 8384 8448 8517 8566 8602 8642 8664 8670
13811 13852 13999 13953 13916 14072 14274 14296 14291 14233 14087 13858 13583 13215 12682 12289 11825 11435 11027 10760 10539 10326 10139 9989 9871 9748 9619 9492 9365 9221 9079 8956 8828 8695 8552 8422 8300 8198 8088 7968 7866 7796 7733 7688 7665 7672 7670 7645 7597 7538 7497 7432 7336 7252 7265 7313 7378 7440 7496 7557 7616 7675 7730 7782 7840 7894 7952 8008 8068 8126 8181 8237 8287 8337 8369 8396 8418 8432 8438
14017 13908 13965 14087 14076 14137 14473 14473 14475 14401 14263 14024 13693 13298 12791 12322 11880 11512 11144 10814 10557 10366 10200 10042 9911 9788 9673 9541 9416 9283 9158 9024 8885 8753 8619 8492 8364 8248 8127 7983 7881 7815 7756 7714 7689 7695 7681 7647 7593 7516 7456 7374 7297 7257 7298 7341 7383 7432 7476 7520 7571 7621 7674 7725 7777 7827 7878 7924 7974 8018 8061 8105 8139 8172 8196 8217 8231 8238 8236
13753 13807 13992 14086 14203 14289 14443 14631 14848 14537 14325 14165 13857 13320 12826 12447 11969 11482 11174 10845 10618 10427 10242 10103 9982 9872 9751 9625 9510 9380 9239 9095 8947 8805 8666 8529 8397 8281 8154 8029 7920 7834 7773 7729 7699 7687 7665 7628 7561 7472 7395 7310 7251 7242 7282 7327 7364 7410 7442 7476 7525 7574 7623 7673 7722 7769 7813 7848 7887 7921 7954 7983 8008 8030 8051 8063 8073 8073 8075
13654 13783 13932 14067 14237 14406 14563 14704 14794 14634 14497 14288 13959 13534 12992 12429 12004 11641 11184 10915 10642 10472 10331 10182 10061 9955 9828 9704 9577 9442 9298 9142 8982 8829 8684 8549 8406 8273 8161 8058 7955 7873 7800 7741 7698 7672 7643 7590 7514 7421 7338 7264 7207 7203 7227 7259 7300 7363 7393 7435 7479 7526 7575 7623 7675 7718 7751 7782 7810 7836 7859 7879 7894 7912 7928 7937 7942 7944 7946
13586 13693 13898 14126 14317 14506 14657 14770 14836 14794 14654 14485 14124 13677 13175 12625 12106 11656 11303 10942 10697 10496 10369 10260 10131 10019 9909 9791 9661 9504 9326 9154 8997 8837 8685 8541 8399 8285 8212 8116 8013 7902 7820 7755 7698 7653 7612 7547 7471 7388 7311 7252 7203 7203 7218 7237 7261 7300 7342 7387 7436 7483 7532 7581 7626 7666 7697 7723 7745 7764 7778 7789 7801 7816 7829 7838 7843 7846 7847
13694 13760 13971 14206 14432 14595 14743 14865 14954 14880 14754 14537 14210 13787 13317 12796 12284 11847 11421 11047 10819 10615 10419 10322 10236 10154 9942 9795 9667 9490 9308 9152 9013 8856 8671 8525 8388 8299 8255 8206 8067 7949 7836 7769 7707 7644 7582 7509 7439 7372 7319 7271 7218 7225 7248 7256 7256 7272 7301 7340 7390 7446 7492 7536 7582 7617 7648 7672 7688 7702 7712 7721 7732 7746 7756 7765 7772 7777 7781
13793 13845 14031 14267 14484 14738 14912 14942 15005 14945 14822 14639 14308 13894 13422 12943 12533 12077 11660 11228 10930 10684 10506 10378 10288 10161 9979 9827 9662 9458 9268 9156 9026 8900 8660 8495 8361 8265 8234 8195 8090 7966 7840 7773 7711 7639 7565 7494 7428 7367 7314 7258 7223 7250 7283 7283 7265 7258 7272 7308 7352 7400 7450 7500 7542 7579 7608 7630 7648 7659 7669 7680 7691 7704 7723 7732 7737 7741 7745
13374 13624 14056 14313 14497 14700 14795 14959 15081 15028 14891 14643 14358 14036 13595 13173 12690 12210 11806 11398 11080 10868 10649 10470 10338 10223 10059 9866 9693 9470 9246 9125 8957 8749 8577 8431 8291 8199 8136 8097 8034 7933 7828 7766 7705 7624 7551 7487 7432 7375 7322 7266 7242 7282 7301 7290 7268 7250 7275 7316 7330 7357 7399 7451 7506 7544 7576 7599 7618 7635 7652 7666 7683 7697 7715 7729 7739 7741 7744
13544 13637 13693 14040 14480 14612 14747 14979 15134 15155 15036 14730 14475 14205 13786 13288 12810 12328 11861 11527 11218 10972 10777 10601 10439 10252 10077 9889 9702 9479 9241 9044 8864 8661 8469 8322 8198 8112 8061 8019 7958 7882 7811 7753 7695 7617 7548 7485 7431 7379 7329 7285 7268 7314 7305 7286 7251 7235 7269 7316 7308 7314 7352 7412 7487 7512 7539 7572 7600 7632 7657 7683 7703 7723 7743 7759 7775 7781 7786
13727 13833 13859 13994 14367 14633 14816 15058 15153 15166 15096 14811 14539 14257 13841 13393 12878 12377 11989 11649 11325 11061 10849 10672 10498 10339 10124 9925 9723 9479 9229 8987 8755 8553 8354 8211 8108 8042 7992 7946 7900 7847 7800 7747 7684 7622 7561 7504 7444 7387 7336 7298 7266 7271 7274 7259 7236 7221 7227 7252 7268 7291 7324 7373 7439 7468 7503 7544 7581 7615 7654 7701 7747 7775 7799 7819 7835 7847 7855
13674 13888 14038 14228 14530 14901 15062 15177 15140 15145 15087 14856 14601 14246 13879 13407 12940 12486 12063 11687 11347 11087 10872 10686 10505 10343 10188 9947 9705 9460 9196 8935 8685 8458 8270 8148 8057 7989 7942 7908 7870 7829 7794 7760 7700 7643 7593 7545 7479 7410 7346 7316 7272 7246 7243 7238 7221 7208 7216 7239 7277 7337 7358 7363 7405 7466 7531 7582 7626 7670 7714 7760 7806 7845 7877 7894 7913 7932 7952
13639 13777 14020 14351 14821 15350 15538 15363 15133 15047 14968 14909 14651 14315 13898 13440 12960 12477 12017 11660 11345 11045 10808 10636 10471 10286 10114 9900 9672 9428 9158 8874 8611 8377 8213 8116 8029 7971 7911 7879 7841 7813 7797 7786 7732 7671 7623 7569 7494 7423 7360 7329 7292 7252 7233 7226 7221 7223 7230 7251 7315 7354 7380 7399 7441 7495 7558 7628 7670 7725 7776 7838 7894 7938 7976 7982 7996 8033 8063
13536 13683 13947 14320 14911 15585 15634 15387 15130 14998 14871 14784 14618 14385 13930 13487 12982 12483 12027 11610 11269 10976 10695 10522 10347 10151 9983 9798 9587 9341 9060 8778 8532 8312 8179 8072 8002 7935 7885 7855 7829 7805 7799 7793 7750 7698 7643 7574 7497 7425 7366 7329 7296 7262 7244 7243 7243 7245 7243 7259 7304 7346 7379 7411 7453 7519 7589 7657 7701 7762 7819 7867 7926 7967 8019 8053 8067 8132 8176
13364 13551 13813 14174 14700 15055 15123 15112 15017 14922 14830 14777 14621 14320 13919 13451 12968 12488 12001 11507 11192 10871 10571 10338 10146 9946 9748 9557 9390 9172 8905 8661 8429 8245 8130 8024 7949 7901 7873 7864 7840 7816 7809 7801 7765 7722 7664 7588 7510 7438 7368 7339 7327 7307 7285 7275 7271 7265 7258 7277 7314 7344 7364 7402 7448 7502 7573 7631 7695 7745 7812 7866 7909 7955 8000 8050 8108 8184 8253
13328 13443 13631 13929 14271 14507 14603 14697 14759 14809 14716 14660 14539 14211 13799 13338 12829 12321 11769 11337 11005 10661 10341 10070 9887 9678 9473 9282 9108 8917 8732 8550 8348 8154 8048 7960 7904 7874 7868 7868 7869 7846 7829 7819 7790 7739 7677 7608 7536 7460 7389 7372 7368 7358 7333 7315 7300 7282 7270 7289 7303 7325 7341 7373 7420 7474 7538 7602 7664 7722 7788 7838 7883 7928 7968 8035 8111 8203 8295
13200 13276 13442 13631 13904 14117 14241 14430 14551 14583 14602 14582 14384 14084 13636 13120 12583 12039 11537 11111 10782 10415 10056 9790 9577 9379 9154 8985 8830 8664 8531 8391 8224 8051 7942 7868 7830 7830 7862 7864 7869 7879 7858 7851 7824 7764 7684 7610 7535 7471 7429 7421 7407 7383 7359 7347 7329 7308 7263 7240 7253 7284 7297 7332 7378 7445 7510 7578 7640 7688 7738 7797 7842 7882 7925 7999 8097 8174 8265
13011 13043 13188 13370 13608 13784 13957 14243 14399 14452 14425 14408 14227 13853 13403 12869 12339 11802 11293 10849 10488 10112 9762 9448 9255 9058 8853 8702 8561 8423 8294 8192 8072 7960 7820 7787 7777 7781 7817 7845 7885 7893 7899 7903 7852 7783 7689 7620 7571 7526 7501 7471 7439 7407 7376 7358 7338 7314 7243 7199 7197 7232 7296 7341 7376 7436 7498 7572 7624 7664 7693 7745 7786 7841 7872 7921 7992 8071 8174
12862 12888 12992 13162 13361 13569 13752 13954 14200 14310 14267 14139 13908 13558 13127 12600 12046 11499 10990 10527 10134 9774 9445 9144 8941 8738 8555 8451 8335 8208 8093 8006 7937 7844 7712 7687 7703 7710 7754 7811 7877 7913 7951 7939 7877 7787 7702 7642 7624 7601 7546 7501 7466 7427 7387 7363 7335 7308 7226 7194 7195 7235 7291 7340 7372 7429 7492 7549 7602 7643 7675 7707 7742 7786 7819 7860 7910 7987 8079
12754 12771 12894 13047 13146 13413 13573 13685 13861 14024 14014 13905 13577 13206 12770 12262 11706 11163 10649 10189 9782 9438 9132 8851 8630 8444 8333 8237 8133 8036 7916 7842 7785 7694 7596 7573 7596 7663 7694 7793 7835 7911 7908 7902 7875 7803 7734 7678 7657 7640 7582 7532 7489 7437 7393 7366 7331 7282 7215 7174 7165 7210 7270 7315 7353 7424 7490 7528 7586 7644 7663 7705 7715 7731 7781 7814 7845 7914 7989
12681 12689 12825 12957 13012 13180 13395 13470 13558 13668 13635 13497 13201 12796 12347 11852 11327 10792 10288 9840 9456 9134 8861 8617 8373 8240 8128 8051 7953 7846 7774 7690 7628 7550 7493 7465 7490 7580 7589 7706 7814 7860 7862 7907 7888 7807 7779 7728 7689 7664 7627 7564 7515 7455 7397 7353 7300 7259 7200 7156 7151 7201 7239 7284 7319 7396 7466 7501 7544 7605 7625 7668 7680 7682 7722 7756 7789 7846 7911
12558 12632 12777 12881 12901 12950 13160 13243 13249 13263 13181 12978 12660 12323 11878 11400 10900 10405 9925 9505 9156 8863 8626 8426 8209 8078 7951 7900 7781 7708 7644 7620 7546 7489 7427 7405 7421 7399 7388 7501 7654 7852 7908 7901 7872 7798 7791 7773 7719 7690 7646 7608 7568 7480 7394 7333 7277 7243 7194 7158 7190 7231 7234 7264 7290 7351 7410 7454 7493 7555 7588 7609 7629 7625 7661 7701 7726 7770 7841
12428 12586 12697 12784 12743 12713 12807 12916 12873 12835 12705 12473 12133 11748 11373 10933 10464 10011 9581 9199 8884 8631 8426 8255 8051 7948 7781 7731 -9999 7549 7560 7549 7492 7449 7395 7371 7380 7315 7278 7366 7632 7738 7810 7867 7864 7799 7823 7849 7856 7820 7736 7640 7583 7485 7404 7343 7284 7246 7208 7178 7224 7225 7226 7240 7274 7305 7353 7410 7451 7501 7539 7562 7551 7559 7586 7629 7675 7736 7814
12364 12553 12590 12517 12526 12459 12487 12551 12482 12360 12164 11973 11626 11217 10830 10457 10050 9629 9256 8924 8653 8441 8268 8117 7931 7780 7658 -9999 -9999 -9999 -9999 -9999 -9999 7409 7372 7325 7333 7270 7231 7314 7548 7695 7754 7792 7825 7886 7944 7976 7973 7929 7878 7727 7637 7572 7500 7417 7338 7285 7243 7202 7219 7228 7228 7230 7254 7276 7341 7394 7438 7475 7505 7512 7517 7525 7557 7615 7689 7774 7843
12287 12476 12390 12356 12319 12187 12149 12190 12049 11898 11659 11397 11123 10717 10331 9959 9622 9281 8967 8692 8467 8293 8153 8030 7902 7726 -9999 -9999 -9999 -9999 -9999 -9999 -9999 -9999 7335 7290 7266 7235 7225 7301 7549 7665 7696 7779 7819 7942 8035 8070 8038 8011 7940 7869 7853 7787 7707 7594 7493 7376 7299 7244 7242 7255 7235 7232 7227 7252 7341 7392 7442 7484 7514 7539 7547 7530 7555 7630 7722 7787 7862
12363 12356 12169 12039 12047 11926 11806 11809 11566 11389 11139 10910 10597 10255 9903 9564 9248 8972 8721 8501 8325 8184 8070 7958 7838 -9999 -9999 -9999 -9999 -9999 -9999 -9999 -9999 -9999 -9999 7284 7249 7236 7264 7374 7510 7638 7687 7764 7831 7966 8018 8039 8085 8075 8089 8066 8039 7965 7872 7754 7644 7497 7370 7304 7272 7273 7270 7270 7225 7242 7322 7411 7462 7487 7501 7540 7575 7560 7595 7670 7741 7807 7882
12159 12110 12035 11862 11723 11585 11487 11366 11185 10897 10632 10439 10190 9867 9541 9248 8969 8730 8528 8352 8213 8108 8018 7934 -9999 -9999 -9999 -9999 -9999 -9999 -9999 -9999 -9999 -9999 -9999 7307 7280 7275 7355 7536 7679 7718 7708 7786 7879 7917 7985 8075 8160 8215 8264 8231 8190 8101 7992 7865 7747 7599 7456 7371 7313 7282 7284 7298 7290 7291 7340 7430 7492 7512 7508 7528 7570 7608 7668 7735 7782 7845 7922
11850 11830 11719 11630 11525 11366 11189 11045 10859 10555 10239 10015 9822 9583 9290 8997 8760 8555 8389 8250 8139 8058 7990 -9999 -9999 -9999 -9999 -9999 -9999 -9999 -9999 -9999 -9999 -9999 -9999 7326 7320 7322 7425 7585 7754 7717 7735 7771 7750 7866 8030 8149 8238 8326 8395 8377 8323 8242 8134 7978 7826 7684 7555 7457 7386 7341 7352 7357 7384 7416 7464 7541 7599 7655 7609 7576 7604 7671 7746 7778 7822 7884 7958
11594 11589 11479 11478 11335 11120 10903 10762 10575 10279 9989 9712 9489 9278 9071 8831 8610 8440 8299 8185 8099 8030 7975 -9999 -9999 -9999 -9999 -9999 -9999 -9999 -9999 -9999 -9999 -9999 -9999 -9999 7352 7375 7439 7542 7650 7600 7583 7624 7741 7890 8063 8190 8306 8436 8492 8500 8465 8342 8251 8107 7932 7780 7667 7572 7494 7439 7410 7414 7440 7475 7551 7619 7699 7759 7778 7698 7689 7759 7823 7845 7879 7924 7978
11331 11325 11201 11181 11069 10902 10679 10509 10328 10087 9814 9539 9295 9053 8849 8665 8509 8367 8247 8154 8075 8020 -9999 -9999 -9999 -9999 -9999 -9999 -9999 -9999 -9999 -9999 -9999 -9999 -9999 -9999 7386 7397 7408 7471 7514 7477 7442 7561 7740 7937 8092 8187 8343 8500 8586 8594 8546 8460 8364 8229 8056 7896 7774 7655 7553 7482 7442 7433 7460 7517 7597 7684 7760 7827 7870 7838 7762 7819 7882 7901 7916 7950 7991
11082 11055 10921 10841 10760 10651 10512 10304 10161 9948 9723 9490 9250 9006 8773 8581 8439 8324 8219 8143 8071 -9999 -9999 -9999 -9999 -9999 -9999 -9999 -9999 -9999 -9999 -9999 -9999 -9999 -9999 -9999 7441 7442 7485 7570 7516 7398 7405 7544 7694 7889 8074 8189 8354 8490 8588 8596 8584 8545 8418 8270 8090 7942 7819 7704 7596 7513 7445 7441 7484 7555 7628 7724 7822 7882 7931 7941 7850 7882 7946 7940 7938 7953 7985
