Capas/PRESENTE/Eje_30s/ASC/bio_08.asc
ncols         993
nrows         433
xllcorner     -105.25566776747
yllcorner     17.599810932142
cellsize      0.0083333333
NODATA_value  -9999
[rows 180 to 215 of 433, columns 164 to 245 of 993]
-9999 -9999 -9999 2961 2959 2958 2958 2956 2954 2952 2951 2949 2947 2946 2945 2942 2939 2936 2931 2926 2919 2911 2909 2903 2891 2883 2872 2869 2879 2860 2853 2849 2867 2872 2884 2895 2907 2918 2919 2922 2923 2924 2926 2928 2929 2931 2932 2933 2934 2934 2934 2933 2934 2926 2921 2914 2914 2913 2913 2921 2917 2917 2933 2945 2958 2957 2953 2950 2949 2954 2958 2961 2950 2947 2951 2957 2960 2962 2959 2961 2964 2965
-9999 -9999 -9999 2960 2959 2957 2956 2954 2953 2951 2949 2948 2944 2944 2943 2942 2939 2936 2933 2927 2920 2911 2902 2898 2888 2876 2865 2863 2871 2872 2862 2854 2857 2874 2888 2898 2907 2914 2918 2920 2921 2923 2925 2926 2928 2930 2931 2932 2933 2934 2933 2933 2931 2927 2920 2915 2918 2916 2911 2917 2920 2924 2948 2958 2962 2961 2960 2958 2958 2961 2963 2964 2962 2961 2955 2952 2956 2963 2963 2964 2965 2964
-9999 -9999 2961 2960 2958 2957 2955 2953 2951 2950 2948 2946 2942 2942 2941 2941 2940 2938 2933 2928 2921 2910 2906 2898 2888 2875 2869 2876 2870 2862 2862 2851 2855 2867 2884 2898 2908 2914 2916 2918 2920 2921 2923 2925 2927 2929 2931 2932 2933 2933 2933 2932 2927 2918 2915 2914 2928 2936 2928 2925 2929 2934 2944 2955 2962 2963 2964 2964 2964 2964 2964 2964 2965 2965 2962 2952 2949 2962 2965 2964 2964 2963
-9999 -9999 2960 2959 2958 2956 2955 2953 2951 2949 2947 2945 2943 2942 2940 2938 2936 2934 2933 2929 2921 2916 2912 2902 2895 2897 2890 2889 2882 2874 2874 2868 2869 2871 2885 2898 2907 2911 2913 2915 2917 2920 2922 2924 2926 2928 2930 2931 2932 2932 2931 2930 2920 2912 2917 2923 2937 2949 2948 2946 2950 2947 2951 2956 2962 2963 2963 2964 2965 2965 2965 2964 2963 2963 2964 2964 2960 2965 2964 2963 2963 2962
-9999 -9999 2960 2959 2958 2956 2955 2953 2951 2949 2946 2944 2942 2940 2939 2936 2934 2932 2929 2927 2924 2918 2916 2911 2903 2899 2898 2893 2885 2884 2884 2879 2877 2879 2890 2900 2906 2908 2911 2913 2915 2918 2921 2923 2926 2928 2929 2931 2931 2931 2926 2922 2916 2915 2915 2926 2943 2953 2955 2956 2958 2959 2960 2961 2961 2962 2963 2963 2965 2964 2964 2957 2955 2950 2961 2965 2965 2964 2963 2961 2956 2961
-9999 -9999 2960 2959 2957 2956 2954 2952 2951 2949 2947 2944 2941 2939 2937 2935 2933 2931 2928 2924 2921 2917 2913 2903 2895 2884 2884 2878 2884 2890 2885 2883 2880 2880 2894 2900 2902 2905 2907 2910 2913 2916 2919 2922 2924 2927 2929 2930 2930 2930 2924 2918 2917 2921 2921 2928 2943 2954 2955 2956 2957 2958 2959 2960 2961 2962 2963 2964 2962 2954 2958 2956 2958 2953 2961 2964 2964 2962 2961 2959 2951 2957
-9999 -9999 2960 2959 2957 2956 2954 2953 2951 2950 2947 2944 2942 2939 2935 2932 2926 2930 2928 2925 2922 2920 2916 2912 2905 2895 2885 2879 2888 2889 2881 2880 2874 2882 2888 2893 2898 2901 2903 2907 2906 2913 2917 2919 2922 2925 2927 2928 2930 2931 2930 2927 2925 2928 2932 2935 2946 2949 2954 2955 2956 2958 2959 2960 2960 2961 2962 2964 2954 2955 2960 2957 2957 2961 2962 2964 2964 2962 2957 2946 2943 2952
-9999 -9999 2960 2959 2958 2956 2955 2953 2951 2949 2947 2945 2943 2940 2937 2933 2929 2930 2928 2925 2922 2918 2915 2912 2909 2901 2896 2892 2891 2887 2882 2872 2874 2879 2883 2888 2892 2896 2899 2900 2903 2910 2914 2917 2921 2924 2926 2926 2928 2931 2933 2934 2936 2937 2936 2942 2946 2948 2950 2951 2952 2957 2958 2959 2960 2961 2962 2965 2963 2964 2964 2954 2952 2959 2962 2964 2964 2962 2958 2948 2939 2949
-9999 -9999 2961 2960 2959 2957 2955 2953 2951 2949 2947 2944 2941 2939 2937 2934 2931 2929 2928 2924 2919 2914 2911 2908 2905 2902 2899 2893 2887 2879 2878 2864 2868 2871 2875 2880 2886 2891 2893 2893 2902 2907 2912 2916 2920 2922 2924 2925 2927 2930 2933 2936 2938 2939 2941 2944 2946 2947 2949 2950 2951 2952 2954 2958 2955 2957 2962 2963 2964 2965 2962 2954 2954 2960 2961 2963 2964 2962 2957 2948 2938 2939
-9999 -9999 2962 2960 2959 2957 2955 2953 2950 2948 2946 2944 2942 2940 2937 2934 2927 2926 2926 2924 2919 2912 2907 2904 2898 2895 2892 2886 2880 2875 2868 2858 2857 2860 2866 2870 2878 2883 2883 2890 2896 2901 2908 2914 2918 2920 2923 2923 2926 2931 2933 2936 2938 2940 2942 2944 2945 2947 2948 2950 2951 2952 2953 2946 2945 2957 2961 2962 2963 2964 2964 2959 2956 2958 2961 2962 2963 2961 2956 2945 2944 2937
-9999 -9999 2962 2961 2959 2957 2955 2953 2951 2949 2947 2945 2943 2940 2937 2934 2931 2928 2924 2921 2919 2916 2910 2903 2896 2888 2886 2881 2869 2864 2860 2852 2841 2842 2853 2857 2864 2871 2870 2881 2891 2901 2907 2911 2915 2919 2922 2925 2927 2930 2933 2935 2937 2940 2942 2944 2945 2947 2948 2950 2951 2952 2949 2941 2950 2961 2963 2963 2963 2964 2965 2964 2953 2955 2960 2961 2962 2962 2958 2955 2955 2943
-9999 -9999 2963 2961 2956 2954 2955 2953 2951 2950 2948 2945 2942 2939 2935 2933 2929 2926 2923 2918 2914 2914 2907 2900 2895 2886 2879 2874 2867 2858 2847 2840 2832 2830 2834 2848 2845 2854 2858 2873 2889 2897 2902 2907 2912 2917 2920 2923 2926 2929 2932 2934 2937 2939 2942 2944 2946 2947 2949 2950 2951 2951 2943 2952 2957 2962 2963 2963 2964 2965 2963 2961 2955 2957 2958 2958 2955 2961 2961 2961 2958 2949
-9999 -9999 -9999 2961 2944 2939 2952 2954 2953 2950 2948 2946 2943 2940 2937 2933 2930 2927 2922 2918 2914 2907 2905 2896 2888 2882 2870 2866 2857 2848 2837 2824 2814 2812 2816 2830 2822 2835 2848 2864 2876 2890 2896 2901 2908 2913 2918 2922 2925 2928 2931 2934 2937 2939 2942 2944 2946 2948 2949 2951 2951 2950 2952 2956 2958 2958 2963 2964 2964 2965 2963 2956 2952 2949 2947 2952 2955 2959 2958 2961 2961 2957
-9999 -9999 -9999 2961 2942 2943 2951 2954 2953 2951 2949 2946 2943 2940 2937 2933 2929 2925 2921 2916 2910 2907 2899 2893 2885 2875 2861 2851 2848 2836 2824 2808 2795 2792 2796 2808 2809 2823 2836 2855 2874 2886 2891 2898 2904 2910 2915 2920 2924 2928 2931 2934 2937 2939 2942 2944 2946 2948 2950 2951 2952 2954 2955 2956 2957 2958 2964 2965 2965 2965 2964 2961 2959 2947 2941 2949 2953 2950 2951 2956 2959 2960
-9999 -9999 -9999 -9999 2951 2953 2955 2957 2954 2952 2949 2946 2943 2939 2934 2930 2925 2922 2919 2916 2911 2907 2906 2911 2902 2891 2883 2862 2839 2824 2811 2794 2779 2776 2792 2804 2807 2819 2832 2848 2867 2880 2891 2899 2906 2910 2914 2919 2923 2927 2931 2934 2937 2940 2942 2944 2946 2948 2950 2952 2953 2954 2956 2957 2958 2959 2961 2964 2963 2963 2964 2963 2960 2950 2946 2949 2947 2944 2940 2943 2953 2956
-9999 -9999 -9999 -9999 -9999 2961 2959 2957 2954 2951 2948 2945 2942 2939 2935 2932 2928 2925 2919 2923 2923 2921 2918 2907 2903 2899 2887 2864 2842 2824 2805 2787 2778 2778 2792 2801 2812 2822 2835 2843 2856 2869 2883 2899 2908 2912 2917 2921 2924 2927 2931 2935 2938 2940 2943 2945 2947 2948 2948 2951 2954 2955 2956 2957 2958 2960 2958 2957 2959 2962 2963 2964 2958 2957 2950 2945 2937 2940 2933 2941 2943 2949
-9999 -9999 -9999 -9999 -9999 2962 2960 2958 2955 2952 2949 2946 2943 2940 2936 2933 2929 2927 2931 2929 2918 2910 2900 2889 2872 2878 2877 2862 2845 2827 2807 2790 2773 2775 2776 2792 2815 2829 2846 2859 2858 2856 2870 2890 2902 2911 2916 2919 2925 2928 2932 2936 2939 2941 2944 2945 2947 2944 2936 2947 2953 2955 2957 2958 2960 2956 2954 2953 2951 2955 2960 2963 2963 2961 2958 2947 2941 2946 2936 2938 2947 2952
-9999 -9999 -9999 -9999 -9999 -9999 2961 2958 2955 2952 2949 2946 2943 2940 2937 2933 2938 2939 2930 2923 2916 2908 2896 2884 2875 2866 2864 2852 2839 2823 2801 2786 2775 2762 2764 2790 2807 2823 2844 2864 2874 2881 2888 2894 2903 2909 2914 2917 2923 2929 2935 2937 2941 2943 2945 2947 2947 2933 2925 2941 2954 2956 2957 2958 2960 2948 2946 2950 2949 2954 2958 2955 2958 2962 2961 2955 2951 2951 2944 2938 2947 2953
-9999 -9999 -9999 -9999 -9999 -9999 -9999 2958 2955 2952 2950 2947 2945 2942 2939 2940 2943 2933 2928 2922 2915 2907 2899 2891 2885 2880 2870 2857 2840 2822 2808 2798 2788 2775 2783 2792 2804 2823 2838 2857 2874 2891 2903 2900 2901 2908 2915 2915 2921 2932 2940 2939 2942 2945 2947 2948 2949 2940 2942 2949 2956 2957 2957 2958 2959 2946 2936 2939 2948 2953 2956 2954 2952 2954 2956 2960 2957 2954 2948 2942 2943 2947
-9999 -9999 -9999 -9999 -9999 -9999 -9999 -9999 2956 2954 2951 2949 2947 2944 2947 2946 2940 2934 2929 2924 2918 2912 2908 2897 2893 2884 2879 2870 2853 2835 2821 2811 2802 2793 2791 2801 2809 2821 2841 2857 2873 2885 2898 2912 2914 2914 2912 2914 2929 2936 2940 2943 2945 2947 2949 2950 2951 2952 2953 2956 2958 2957 2958 2960 2961 2955 2949 2943 2947 2953 2953 2947 2945 2944 2953 2957 2956 2957 2950 2950 2942 2945
-9999 -9999 -9999 -9999 -9999 -9999 -9999 -9999 -9999 2955 2953 2952 2951 2954 2949 2946 2941 2935 2930 2926 2922 2914 2907 2898 2899 2892 2888 2875 2863 2848 2828 2816 2809 2804 2808 2809 2816 2832 2850 2863 2871 2888 2897 2900 2907 2916 2924 2931 2934 2937 2943 2947 2950 2949 2952 2954 2953 2954 2955 2956 2958 2958 2959 2961 2960 2960 2958 2948 2943 2947 2946 2943 2936 2945 2953 2952 2954 2953 2953 2952 2943 2942
-9999 -9999 -9999 -9999 -9999 -9999 -9999 -9999 -9999 2958 2956 2955 2957 2953 2951 2945 2941 2936 2932 2927 2922 2916 2910 2908 2905 2897 2890 2878 2863 2841 2821 2821 2821 2814 2813 2825 2831 2840 2848 2862 2876 2886 2894 2897 2899 2906 2917 2924 2929 2934 2939 2944 2949 2954 2959 2959 2955 2955 2956 2958 2959 2960 2960 2956 2960 2960 2959 2956 2947 2947 2941 2940 2938 2947 2950 2950 2951 2950 2951 2943 2934 2942
-9999 -9999 -9999 -9999 -9999 -9999 -9999 -9999 -9999 -9999 -9999 2963 2958 2952 2947 2946 2943 2936 2932 2927 2922 2916 2916 2911 2906 2902 2892 2880 2865 2842 2833 2825 2807 2804 2811 2828 2840 2849 2862 2874 2883 2893 2900 2906 2907 2913 2924 2927 2931 2936 2941 2945 2949 2952 2959 2956 2958 2957 2958 2960 2960 2958 2958 2951 2953 2960 2960 2958 2955 2953 2953 2951 2942 2945 2947 2946 2947 2949 2949 2944 2930 2932
2974 -9999 -9999 -9999 -9999 -9999 -9999 -9999 -9999 -9999 -9999 2963 2958 2954 2951 2943 2938 2934 2931 2927 2923 2921 2916 2915 2913 2907 2898 2888 2874 2848 2841 2824 2790 2789 2814 2836 2854 2863 2875 2882 2892 2898 2905 2911 2913 2917 2923 2932 2935 2938 2942 2947 2951 2957 2959 2944 2956 2960 2959 2959 2958 2957 2951 2941 2941 2957 2960 2958 2957 2956 2956 2951 2944 2946 2940 2941 2945 2939 2943 2945 2940 2928
2972 2980 -9999 -9999 -9999 -9999 -9999 -9999 -9999 -9999 -9999 -9999 2955 2952 2948 2944 2940 2938 2933 2929 2927 2921 2922 2919 2913 2908 2904 2897 2885 2865 2853 2834 2814 2811 2827 2851 2869 2879 2888 2894 2900 2908 2913 2915 2920 2924 2925 2929 2938 2942 2944 2947 2952 2960 2955 2937 2953 2959 2958 2958 2957 2957 2953 2938 2942 2954 2959 2959 2958 2957 2956 2951 2948 2949 2942 2940 2939 2935 2938 2938 2943 2933
2966 2972 2979 -9999 -9999 -9999 -9999 -9999 -9999 -9999 -9999 -9999 -9999 -9999 2950 2948 2943 2939 2937 2937 2930 2927 2923 2919 2917 2915 2909 2902 2889 2876 2863 2850 2843 2839 2844 2866 2881 2890 2895 2906 2911 2914 2919 2922 2925 2929 2930 2933 2940 2946 2947 2950 2954 2960 2954 2940 2953 2958 2957 2957 2957 2957 2956 2948 2946 2955 2958 2959 2957 2957 2956 2955 2953 2952 2948 2939 2929 2926 2925 2926 2936 2937
2954 2957 2969 -9999 -9999 -9999 -9999 -9999 -9999 -9999 -9999 -9999 -9999 -9999 -9999 2957 2952 2948 2944 2936 2931 2926 2925 2927 2922 2916 2908 2900 2892 2884 2872 2864 2857 2855 2864 2876 2887 2897 2903 2909 2918 2917 2923 2927 2929 2934 2937 2940 2944 2946 2952 2956 2963 2962 2947 2934 2946 2956 2958 2958 2957 2957 2956 2954 2946 2953 2956 2957 2958 2957 2956 2955 2955 2953 2950 2945 2937 2928 2921 2929 2935 2935
2940 2934 2944 2966 -9999 -9999 -9999 -9999 -9999 -9999 -9999 -9999 -9999 -9999 2951 2946 2945 2944 2939 2934 2930 2930 2934 2927 2924 2920 2915 2908 2904 2897 2875 2873 2872 2873 2879 2888 2893 2901 2908 2913 2918 2926 2928 2930 2935 2936 2941 2943 2949 2949 2951 2961 2965 2956 2943 2934 2938 2952 2954 2956 2957 2957 2957 2956 2949 2949 2954 2957 2957 2957 2956 2953 2954 2953 2950 2942 2934 2926 2925 2931 2934 2931
2905 2915 2935 2951 2961 -9999 -9999 -9999 -9999 -9999 -9999 -9999 -9999 2959 2950 2944 2942 2940 2937 2935 2934 2938 2936 2935 2930 2925 2919 2915 2911 2899 2887 2882 2882 2885 2890 2895 2900 2904 2910 2916 2921 2927 2932 2937 2941 2944 2946 2947 2949 2953 2953 2963 2966 2957 2952 2946 2935 2940 2938 2941 2951 2955 2956 2957 2954 2949 2954 2956 2956 2956 2956 2948 2952 2950 2948 2945 2934 2924 2928 2932 2929 2927
2888 2900 2926 2947 2962 2968 -9999 -9999 -9999 -9999 -9999 -9999 -9999 2950 2947 2944 2942 2940 2938 2939 2940 2943 2939 2937 2932 2928 2924 2917 2911 2904 2898 2888 2888 2891 2899 2901 2905 2909 2914 2919 2924 2930 2934 2937 2940 2946 2950 2952 2951 2955 2955 2964 2964 -9999 2957 2951 2938 2936 2933 2933 2937 2947 2952 2951 2956 2954 2951 2955 2955 2955 2956 2953 2950 2944 2943 2938 2930 2925 2931 2930 2927 2924
2886 2894 2916 2939 2961 2971 -9999 -9999 -9999 -9999 -9999 -9999 -9999 2954 2950 2947 2945 2945 2947 2943 2947 2945 2941 2937 2933 2930 2927 2923 2918 2913 2908 2896 2894 2897 2904 2908 2911 2914 2918 2922 2929 2935 2939 2940 2943 2945 2949 2954 2958 2959 2958 2968 -9999 -9999 2952 2939 2929 2930 2920 2934 2937 2940 2940 2937 2952 2953 2952 2952 2951 2952 2954 2954 2948 2941 2932 2930 2926 2928 2925 2927 2924 2931
2879 2893 2910 2935 2947 2968 -9999 -9999 -9999 -9999 -9999 -9999 -9999 2956 2951 2949 2954 2956 2954 2951 2947 2942 2936 2934 2932 2932 2929 2925 2921 2916 2909 2905 2904 2904 2908 2909 2915 2918 2921 2925 2929 2933 2938 2942 2945 2948 2950 2953 2956 2962 2966 2967 -9999 -9999 2950 2935 2932 2931 2922 2934 2943 2938 2929 2936 2949 2944 2948 2947 2949 2952 2953 2953 2948 2942 2929 2918 2925 2922 2916 2926 2928 2927
2885 2889 2894 2908 2933 2961 2973 -9999 -9999 -9999 -9999 -9999 -9999 -9999 2958 2960 2955 2949 2946 2943 2940 2938 2932 2931 2929 2930 2926 2919 2919 2916 2908 2911 2914 2912 2915 2915 2918 2922 2924 2926 2930 2933 2938 2942 2945 2948 2952 2955 2957 2960 2969 -9999 -9999 -9999 2945 2936 2951 2943 2939 2946 2949 2944 2938 2934 2944 2945 2938 2940 2946 2950 2951 2949 2948 2942 2925 2913 2921 2914 2919 2932 2933 2929
2879 2881 2895 2904 2917 2946 2962 -9999 -9999 -9999 -9999 -9999 -9999 -9999 2961 2956 2951 2951 2948 2946 2943 2938 2932 2926 2924 2923 2919 2913 2913 2914 2914 2916 2916 2918 2920 2921 2922 2926 2927 2928 2932 2935 2938 2942 2946 2950 2952 2956 2959 2969 -9999 -9999 -9999 -9999 2954 2947 2958 2955 2951 2958 2957 2946 2942 2942 2944 2941 2944 2942 2944 2945 2945 2940 2938 2937 2919 2910 2914 2917 2926 2936 2936 2933
2877 2880 2894 2905 2921 2945 2958 -9999 -9999 -9999 -9999 -9999 -9999 -9999 -9999 2951 2948 2947 2944 2941 2936 2936 2933 2931 2927 2923 2922 2920 2921 2919 2918 2919 2918 2920 2922 2925 2928 2930 2931 2933 2935 2937 2940 2944 2948 2952 2954 2955 2962 2967 -9999 -9999 -9999 2962 2961 2957 2962 -9999 -9999 -9999 2957 2948 2948 2945 2944 2942 2937 2939 2938 2930 2930 2926 2918 2920 2912 2906 2909 2925 2932 2937 2943 2940
2874 2878 2892 2907 2928 2952 2962 -9999 -9999 -9999 -9999 -9999 -9999 -9999 -9999 -9999 2952 2949 2945 2942 2937 2937 2937 2936 2931 2927 2925 2926 2927 2925 2923 2922 2922 2922 2926 2929 2932 2933 2934 2938 2939 2942 2943 2945 2949 2952 2956 2958 2963 -9999 -9999 -9999 -9999 -9999 -9999 -9999 -9999 -9999 -9999 -9999 -9999 2953 2948 2945 2944 2942 2939 2933 2931 2931 2928 2923 2920 2915 2913 2903 2908 2924 2936 2942 2945 2946
