Capas/PRESENTE/Eje_30s/ASC/bio_10.asc
ncols         993
nrows         433
xllcorner     -105.25566776747
yllcorner     17.599810932142
cellsize      0.0083333333
NODATA_value  -9999
[rows 216 to 251 of 433, columns 902 to 983 of 993]
2887 2885 2883 2880 2883 2890 2890 2889 2888 2886 2889 2889 2893 2895 2896 2896 2896 2896 2896 2895 2892 2891 2891 2892 2893 2893 2893 2893 2892 2891 2892 2894 2895 2895 2896 2896 2895 2895 2894 2893 2894 2894 2894 2894 2893 2893 2892 2891 2891 2890 2890 2889 2889 2888 2887 2886 2885 2884 2880 2872 2863 2860 2860 2857 2858 2861 2860 2859 2860 2862 2867 2871 2876 2879 2883 2891 2901 2909 2913 2917 2922 2922
2890 2888 2886 2884 2885 2888 2888 2885 2885 2882 2885 2883 2892 2894 2896 2896 2896 2896 2896 2896 2894 2891 2892 2893 2893 2892 2891 2890 2888 2889 2890 2893 2894 2895 2896 2896 2895 2895 2895 2894 2894 2894 2894 2893 2893 2893 2892 2891 2891 2890 2889 2888 2888 2887 2886 2885 2883 2882 2878 2872 2866 2856 2854 2853 2855 2863 2862 2863 2865 2865 2870 2875 2880 2885 2892 2897 2902 2907 2913 2921 2923 2927
2891 2890 2890 2888 2887 2885 2882 2879 2879 2882 2884 2885 2891 2895 2896 2896 2896 2896 2896 2896 2896 2894 2894 2894 2893 2891 2890 2887 2887 2889 2889 2892 2893 2895 2895 2895 2895 2895 2895 2894 2891 2893 2894 2893 2893 2893 2892 2892 2891 2890 2889 2888 2887 2887 2886 2884 2881 2878 2874 2870 2865 2857 2848 2855 2862 2868 2873 2869 2867 2867 2875 2881 2884 2889 2892 2896 2902 2907 2918 2924 2928 2929
2892 2892 2892 2889 2891 2890 2885 2882 2883 2885 2891 2887 2888 2894 2896 2896 2896 2896 2896 2895 2896 2896 2895 2894 2893 2891 2889 2886 2883 2883 2887 2891 2893 2894 2895 2895 2895 2895 2894 2893 2889 2893 2893 2893 2893 2892 2892 2891 2891 2890 2888 2888 2886 2885 2879 2881 2879 2878 2874 2870 2865 2856 2854 2866 2873 2876 2880 2878 2875 2877 2882 2885 2886 2883 2886 2892 2899 2908 2916 2923 2927 2931
2893 2893 2893 2893 2893 2891 2887 2884 2888 2889 2892 2894 2895 2895 2896 2896 2896 2896 2896 2895 2896 2896 2895 2894 2893 2891 2888 2885 2879 2875 2884 2890 2892 2894 2893 2893 2893 2893 2892 2888 2890 2893 2893 2893 2892 2892 2892 2891 2890 2890 2888 2887 2885 2883 2879 2875 2876 2870 2871 2868 2861 2855 2864 2874 2879 2883 2884 2882 2883 2885 2888 2891 2892 2894 2889 2896 2900 2906 2912 2921 2925 2926
2893 2893 2893 2894 2894 2893 2892 2888 2890 2892 2894 2895 2896 2896 2896 2896 2896 2896 2896 2896 2896 2896 2895 2895 2893 2891 2889 2886 2881 2882 2887 2890 2892 2891 2890 2892 2891 2891 2889 2889 2893 2893 2893 2893 2892 2892 2892 2890 2890 2889 2888 2886 2884 2882 2879 2875 2872 2870 2869 2865 2858 2856 2867 2875 2877 2881 2883 2883 2885 2889 2893 2898 2900 2904 2908 2910 2902 2909 2915 2919 2923 2925
2893 2893 2894 2894 2894 2894 2893 2892 2893 2893 2895 2895 2894 2896 2896 2896 2896 2897 2897 2896 2896 2896 2896 2895 2894 2892 2891 2889 2888 2888 2889 2890 2892 2891 2891 2892 2892 2892 2892 2890 2893 2893 2893 2892 2892 2892 2891 2890 2889 2888 2887 2885 2882 2878 2874 2869 2867 2868 2868 2863 2856 2859 2867 2872 2870 2878 2881 2886 2888 2892 2898 2902 2902 2903 2911 2915 2915 2912 2917 2920 2924 2925
2892 2893 2894 2894 2894 2895 2894 2894 2895 2896 2896 2895 2895 2896 2896 2896 2896 2897 2897 2897 2896 2892 2895 2895 2895 2894 2893 2892 2891 2891 2891 2890 2892 2892 2892 2892 2892 2891 2891 2893 2893 2893 2892 2892 2892 2891 2891 2890 2889 2888 2887 2885 2881 2876 2872 2864 2865 2865 2864 2860 2855 2855 2862 2868 2866 2868 2873 2883 2889 2893 2895 2896 2897 2900 2900 2906 2919 2920 2918 2922 2927 2928
2891 2893 2894 2894 2895 2895 2895 2895 2895 2895 2895 2896 2896 2896 2896 2897 2897 2897 2897 2897 2896 2894 2896 2895 2894 2894 2894 2894 2893 2893 2893 2892 2892 2890 2890 2892 2891 2888 2890 2893 2892 2892 2892 2892 2892 2891 2891 2890 2889 2888 2886 2883 2880 2877 2873 2869 2865 2862 2860 2859 2855 2851 2855 2862 2857 2857 2870 2882 2890 2889 2884 2886 2890 2878 2876 2890 2909 2919 2924 2923 2927 2932
2891 2893 2894 2894 2895 2894 2894 2895 2895 2894 2895 2896 2897 2895 2896 2897 2897 2897 2897 2897 2897 2896 2895 2894 2894 2895 2895 2895 2894 2893 2892 2891 2891 2890 2891 2892 2892 2891 2892 2892 2892 2892 2892 2892 2891 2891 2890 2890 2889 2887 2885 2882 2879 2873 2870 2868 2864 2860 2855 2860 2861 2857 2862 2860 2855 2852 2864 2877 2887 2884 2871 2875 2876 2877 2887 2885 2890 2903 2918 2928 2929 2932
2892 2892 2893 2893 2894 2893 2892 2893 2893 2894 2896 2897 2896 2896 2897 2897 2897 2897 2897 2897 2897 2897 2896 2896 2895 2895 2895 2895 2894 2892 2890 2888 2886 2887 2889 2891 2892 2892 2892 2892 2892 2892 2892 2891 2891 2890 2890 2889 2887 2886 2881 2876 2871 2865 2864 2863 2861 2857 2851 2854 2862 2858 2861 2863 2861 2858 2863 2873 2878 2872 2867 2865 2864 2870 2879 2892 2896 2901 2901 2923 2934 2938
2892 2892 2891 2891 2893 2894 2892 2892 2891 2895 2897 2897 2897 2897 2897 2897 2897 2897 2897 2897 2897 2897 2896 2896 2895 2895 2895 2894 2894 2891 2887 2881 2878 2879 2885 2890 2892 2892 2892 2892 2892 2892 2891 2891 2891 2890 2889 2888 2887 2886 2882 2871 2865 2865 2861 2858 2855 2854 2851 2859 2863 2861 2860 2864 2867 2863 2860 2871 2873 2877 2876 2884 2880 2886 2887 2890 2899 2911 2919 2928 2934 2941
2893 2892 2891 2893 2893 2895 2892 2888 2891 2897 2897 2897 2897 2897 2897 2897 2897 2897 2897 2897 2897 2897 2897 2896 2896 2895 2895 2894 2893 2890 2882 2868 2862 2868 2880 2887 2891 2891 2891 2892 2892 2892 2891 2891 2890 2889 2889 2888 2887 2885 2882 2876 2871 2866 2861 2854 2850 2846 2851 2861 2864 2863 2864 2865 2869 2866 2867 2875 2884 2885 2894 2896 2899 2899 2906 2906 2910 2914 2924 2934 2936 2918
2894 2893 2893 2894 2895 2896 2895 2894 2895 2897 2897 2897 2897 2897 2897 2897 2897 2897 2897 2897 2897 2897 2897 2896 2896 2895 2895 2894 2893 2888 2879 2864 2864 2874 2882 2887 2889 2890 2890 2889 2891 2889 2891 2891 2890 2889 2888 2887 2886 2884 2880 2875 2869 2864 2859 2852 2846 2839 2845 2857 2862 2867 2867 2868 2869 2867 2874 2884 2887 2893 2890 2901 2910 2915 2919 2921 2921 2926 2929 2936 2921 2895
2895 2894 2894 2895 2895 2897 2897 2897 2897 2897 2897 2897 2897 2897 2897 2897 2897 2897 2897 2897 2897 2897 2897 2896 2896 2895 2895 2895 2892 2889 2884 2875 2875 2880 2881 2883 2887 2889 2890 2889 2889 2888 2890 2890 2889 2888 2888 2886 2884 2882 2877 2875 2870 2864 2858 2854 2848 2840 2842 2851 2860 2865 2868 2870 2871 2869 2871 2884 2893 2899 2893 2896 2906 2907 2922 2926 2929 2930 2932 2935 2907 2896
2896 2896 2896 2896 2896 2897 2897 2897 2897 2898 2898 2897 2897 2897 2897 2897 2897 2897 2897 2897 2897 2897 2897 2896 2896 2896 2895 2895 2892 2891 2889 2885 2879 2878 2868 2873 2882 2887 2888 2888 2888 2888 2888 2888 2888 2887 2886 2885 2883 2882 2881 2878 2872 2867 2861 2853 2846 2841 2848 2857 2861 2865 2869 2872 2873 2872 2875 2877 2886 2900 2907 2912 2915 2920 2924 2914 2905 2902 2918 2916 2900 2889
2896 2896 2896 2897 2897 2897 2897 2897 2898 2898 2898 2898 2897 2897 2897 2897 2897 2897 2897 2897 2897 2897 2897 2897 2896 2896 2895 2894 2893 2892 2890 2888 2884 2872 2859 2862 2878 2885 2887 2886 2888 2888 2887 2886 2886 2886 2885 2883 2882 2882 2880 2876 2872 2868 2863 2859 2853 2848 2856 2862 2865 2861 2866 2868 2874 2876 2882 2881 2883 2893 2903 2908 2912 2918 2911 2889 2889 2894 2908 2899 2893 2886
2897 2897 2897 2897 2897 2897 2897 2897 2898 2898 2898 2898 2898 2897 2898 2897 2897 2897 2897 2897 2897 2897 2897 2897 2896 2896 2895 2895 2894 2892 2891 2889 2887 2876 2864 2860 2875 2886 2887 2888 2888 2888 2886 2886 2885 2886 2884 2882 2881 2879 2877 2873 2870 2868 2864 2861 2854 2849 2852 2858 2864 2868 2866 2870 2874 2884 2887 2888 2884 2889 2897 2909 2910 2909 2906 2884 2889 2896 2901 2895 2891 2891
2897 2897 2897 2897 2897 2898 2898 2898 2898 2898 2898 2898 2898 2898 2898 2897 2897 2897 2897 2897 2897 2897 2897 2896 2896 2896 2895 2895 2894 2893 2892 2889 2887 2884 2880 2877 2883 2887 2888 2888 2889 2888 2888 2887 2886 2885 2883 2881 2879 2878 2876 2872 2866 2864 2862 2859 2854 2852 2851 2857 2863 2866 2868 2873 2879 2883 2888 2892 2893 2897 2901 2905 2899 2904 2902 2879 2885 2893 2899 2897 2894 2895
2897 2897 2897 2898 2898 2898 2898 2898 2898 2898 2898 2898 2898 2898 2898 2897 2897 2897 2897 2897 2897 2897 2897 2896 2896 2896 2894 2891 2894 2894 2892 2887 2889 2889 2888 2887 2887 2887 2889 2889 2889 2889 2888 2887 2886 2884 2882 2880 2878 2876 2874 2871 2866 2859 2856 2856 2852 2849 2850 2855 2860 2865 2867 2874 2878 2884 2887 2890 2895 2891 2892 2894 2899 2889 2881 2871 2872 2889 2896 2898 2896 2897
2898 2898 2898 2898 2898 2898 2898 2898 2898 2898 2898 2898 2898 2898 2898 2897 2897 2897 2897 2897 2897 2897 2897 2896 2896 2895 2893 2890 2894 2894 2893 2889 2892 2891 2890 2890 2889 2890 2890 2889 2889 2889 2889 2887 2885 2883 2881 2879 2877 2875 2872 2868 2864 2852 2846 2849 2847 2843 2848 2855 2859 2862 2866 2875 2880 2878 2876 2885 2885 2884 2886 2893 2895 2877 2868 2860 2868 2878 2887 2894 2896 2904
2898 2898 2898 2898 2898 2898 2898 2898 2898 2898 2898 2898 2898 2898 2898 2897 2897 2897 2897 2897 2897 2897 2897 2896 2896 2895 2895 2895 2894 2894 2894 2893 2893 2892 2892 2891 2890 2890 2890 2890 2889 2889 2888 2887 2885 2883 2880 2877 2875 2872 2870 2865 2860 2853 2844 2842 2838 2837 2844 2848 2854 2860 2867 2874 2866 2866 2871 2877 2876 2880 2883 2888 2878 2871 2875 2873 2861 2874 2885 2892 2896 2900
2898 2898 2898 2898 2898 2898 2898 2898 2898 2898 2898 2898 2898 2898 2898 2897 2897 2897 2897 2897 2897 2897 2896 2896 2896 2895 2895 2895 2894 2894 2894 2893 2893 2893 2892 2892 2891 2890 2890 2890 2889 2889 2888 2886 2885 2883 2881 2877 2873 2870 2867 2862 2855 2849 2840 2831 2831 2830 2836 2844 2852 2854 2860 2865 2855 2859 2865 2869 2871 2875 2882 2886 2878 2878 2878 2880 2871 2870 2881 2891 2897 2900
2898 2898 2898 2899 2899 2899 2898 2898 2898 2898 2898 2898 2898 2898 2898 2898 2897 2897 2897 2897 2897 2897 2896 2896 2896 2895 2895 2895 2894 2894 2894 2893 2893 2893 2892 2892 2891 2890 2890 2889 2889 2888 2887 2885 2884 2882 2878 2875 2871 2868 2864 2860 2853 2839 2828 2822 2822 2823 2833 2840 2842 2845 2855 2850 2849 2855 2859 2864 2868 2875 2881 2877 2876 2879 2882 2885 2884 2875 2881 2895 2902 2909
2899 2899 2899 2899 2899 2899 2899 2898 2898 2898 2898 2898 2898 2898 2898 2898 2897 2897 2897 2897 2897 2897 2896 2896 2896 2895 2895 2895 2894 2894 2893 2893 2893 2892 2892 2891 2891 2889 2889 2889 2888 2887 2886 2884 2883 2881 2876 2870 2867 2866 2859 2857 2851 2840 2825 2819 2816 2823 2831 2830 2833 2840 2847 2838 2844 2851 2859 2864 2871 2874 2874 2871 2879 2885 2886 2888 2889 2887 2893 2902 2907 2913
2899 2899 2899 2899 2899 2899 2899 2899 2899 2898 2898 2898 2898 2898 2898 2898 2897 2897 2897 2897 2897 2897 2896 2896 2896 2895 2895 2895 2894 2894 2893 2893 2893 2892 2892 2891 2890 2888 2889 2888 2887 2886 2885 2883 2881 2879 2875 2869 2864 2861 2856 2851 2846 2841 2832 2818 2815 2817 2828 2825 2824 2835 2831 2831 2839 2845 2859 2866 2871 2875 2879 2878 2884 2888 2893 2892 2893 2896 2898 2900 2906 2913
2899 2899 2899 2899 2899 2899 2899 2899 2899 2898 2898 2898 2898 2898 2898 2898 2897 2897 2897 2897 2897 2897 2896 2896 2896 2895 2895 2894 2894 2893 2893 2893 2892 2892 2891 2891 2890 2890 2887 2887 2886 2885 2884 2883 2880 2877 2875 2870 2865 2859 2853 2843 2834 2828 2826 2829 2820 2816 2825 2824 2819 2827 2831 2840 2844 2854 2863 2868 2868 2874 2878 2882 2885 2889 2891 2896 2900 2903 2907 2907 2912 2919
2900 2900 2899 2899 2899 2899 2899 2899 2899 2898 2898 2898 2898 2898 2898 2898 2897 2897 2897 2897 2897 2897 2896 2896 2895 2895 2895 2894 2894 2893 2893 2892 2892 2891 2891 2890 2890 2889 2886 2885 2886 2884 2883 2881 2879 2876 2873 2869 2865 2860 2853 2846 2836 2824 2817 2818 2822 2816 2820 2818 2825 2829 2835 2847 2854 2857 2858 2862 2869 2873 2874 2878 2882 2886 2892 2891 2897 2904 2910 2912 2910 2914
2900 2900 2900 2899 2899 2899 2899 2899 2899 2899 2898 2898 2898 2898 2898 2897 2897 2896 2895 2895 2896 2896 2896 2896 2895 2895 2894 2894 2893 2893 2892 2892 2891 2890 2890 2889 2889 2886 2885 2886 2885 2883 2882 2880 2878 2875 2872 2868 2864 2858 2852 2847 2838 2829 2823 2818 2818 2824 2828 2829 2833 2838 2845 2853 2856 2850 2852 2861 2869 2880 2878 2878 2883 2885 2886 2889 2892 2898 2902 2901 2900 2902
2900 2900 2900 2900 2899 2899 2899 2899 2899 2898 2898 2898 2898 2898 2898 2897 2896 2895 2893 2894 2894 2895 2895 2895 2895 2895 2894 2894 2893 2892 2892 2891 2891 2890 2889 2889 2888 2884 2883 2884 2884 2882 2880 2879 2876 2875 2872 2869 2865 2857 2850 2844 2835 2828 2824 2818 2820 2818 2824 2833 2852 2856 2864 2865 2872 2869 2869 2874 2878 2882 2890 2883 2885 2885 2892 2892 2894 2896 2895 2894 2892 2895
2900 2900 2900 2900 2900 2899 2899 2899 2899 2898 2898 2898 2898 2898 2897 2896 2894 2892 2889 2889 2891 2892 2893 2894 2895 2894 2894 2893 2893 2892 2892 2891 2890 2889 2888 2888 2887 2880 2881 2883 2883 2881 2879 2877 2875 2873 2871 2868 2865 2856 2848 2842 2832 2821 2819 2818 2822 2818 2831 2840 2848 2850 2858 2875 2882 2883 2885 2891 2894 2896 2895 2895 2891 2892 2896 2900 2900 2905 2898 2899 2898 2897
2899 2899 2900 2900 2900 2899 2899 2899 2899 2898 2898 2898 2898 2898 2897 2895 2893 2888 2884 2885 2888 2889 2892 2894 2895 2894 2893 2893 2892 2892 2891 2890 2890 2889 2888 2887 2885 2878 2878 2882 2882 2881 2880 2877 2872 2871 2869 2867 2863 2855 2849 2843 2835 2828 2821 2815 2819 2826 2829 2835 2836 2839 2848 2868 2880 2886 2888 2885 2882 2885 2895 2903 2904 2904 2905 2907 2906 2902 2905 2901 2903 2901
2898 2898 2899 2899 2899 2900 2899 2899 2899 2899 2897 2896 2897 2898 2897 2895 2893 2888 2882 2882 2885 2889 2891 2893 2894 2893 2893 2892 2892 2891 2891 2890 2889 2888 2887 2886 2885 2883 2876 2881 2882 2880 2879 2877 2870 2866 2868 2864 2862 2856 2851 2845 2842 2834 2828 2820 2816 2820 2836 2844 2852 2854 2867 2876 2877 2869 2870 2864 2878 2889 2888 2892 2896 2900 2898 2901 2905 2909 2910 -9999 -9999 -9999
2896 2896 2897 2898 2899 2899 2900 2900 2899 2899 2898 2897 2897 2897 2896 2895 2893 2890 2885 2881 2888 2890 2892 2894 2894 2893 2893 2892 2891 2891 2890 2889 2888 2887 2886 2886 2885 2884 2881 2881 2881 2880 2878 2876 2872 2864 2865 2862 2859 2856 2852 2847 2839 2831 2824 2822 2819 2828 2832 2834 2852 2863 2870 2856 2858 2856 2864 2879 2884 2879 2886 2886 2888 2886 2883 2891 2903 2911 -9999 -9999 -9999 -9999
2894 2894 2895 2897 2898 2898 2899 2900 2900 2899 2899 2899 2898 2896 2895 2894 2894 2892 2889 2889 2892 2892 2894 2894 2893 2893 2892 2891 2891 2890 2890 2889 2888 2886 2885 2885 2884 2883 2882 2880 2879 2878 2877 2874 2872 2868 2864 2860 2857 2855 2853 2848 2842 2834 2825 2821 2817 2826 2830 2843 2852 2860 2859 2852 2859 2866 2874 2875 2877 2879 2865 2863 2868 2880 2886 2890 2897 -9999 -9999 -9999 -9999 -9999
2889 2890 2892 2894 2896 2897 2897 2900 2900 2900 2899 2898 2895 2894 2893 2895 2895 2893 2892 2891 2893 2894 2894 2894 2893 2892 2891 2890 2889 2890 2889 2888 2888 2887 2885 2884 2883 2882 2881 2880 2878 2877 2874 2868 2868 2864 2863 2860 2856 2853 2849 2848 2840 2830 2828 2822 2817 2819 2831 2841 2852 2850 2850 2856 2861 2865 2869 2873 2875 2864 2865 2864 2869 2878 2890 2896 2903 -9999 -9999 -9999 -9999 -9999
