Capas/PRESENTE/Eje_30s/ASC/bio_18.asc
ncols         993
nrows         433
xllcorner     -105.25566776747
yllcorner     17.599810932142
cellsize      0.0083333333
NODATA_value  -9999
[rows 324 to 359 of 433, columns 902 to 983 of 993]
2327 2333 2342 2357 2381 2413 2454 2502 2554 2612 2667 2716 2753 2777 2779 2762 2720 2672 2621 2565 2503 2443 2391 2320 2257 2210 2166 2125 2081 2039 1999 1965 1934 1910 1889 1874 1861 1855 1855 1865 1894 1933 1962 1990 2008 2020 2061 2122 2213 2285 2356 2421 2472 -9999 -9999 -9999 -9999 -9999 -9999 -9999 -9999 -9999 -9999 -9999 -9999 -9999 -9999 -9999 -9999 -9999 -9999 -9999 -9999 -9999 -9999 -9999 -9999 -9999 -9999 -9999 -9999 -9999
2316 2323 2334 2355 2385 2417 2463 2521 2578 2634 2687 2729 2767 2782 2780 2765 2735 2683 2631 2580 2534 2488 2436 2371 2305 2256 2213 2170 2127 2082 2038 1996 1961 1929 1903 1881 1862 1849 1841 1843 1856 1882 1916 1941 1956 1974 2019 2084 2166 2234 2302 2361 2414 2455 -9999 -9999 -9999 -9999 -9999 -9999 -9999 -9999 -9999 -9999 -9999 -9999 -9999 -9999 -9999 -9999 -9999 -9999 -9999 -9999 -9999 -9999 -9999 -9999 -9999 -9999 -9999 -9999
2299 2310 2326 2348 2384 2425 2467 2524 2588 2650 2699 2738 2772 2786 2774 2755 2730 2693 2642 2600 2559 2518 2463 2398 2344 2297 2254 2211 2167 2123 2078 2034 1993 1960 1931 1903 1878 1857 1844 1835 1836 1846 1868 1890 1903 1929 1982 2056 2117 2176 2236 2294 2347 2382 2461 -9999 -9999 -9999 -9999 -9999 -9999 -9999 -9999 -9999 -9999 -9999 -9999 -9999 -9999 -9999 -9999 -9999 -9999 -9999 -9999 -9999 -9999 -9999 -9999 -9999 -9999 -9999
2274 2287 2308 2332 2368 2412 2464 2518 2581 2644 2697 2737 2769 2781 2769 2750 2722 2686 2634 2593 2561 2534 2486 2436 2383 2336 2292 2249 2207 2166 2122 2078 2040 2007 1979 1946 1913 1885 1862 1847 1835 1832 1836 1843 1858 1894 1956 2008 2064 2118 2168 2211 2255 2313 2401 2474 2561 2651 -9999 2815 2899 2993 3087 3174 3260 3333 3399 3474 -9999 -9999 -9999 -9999 -9999 -9999 -9999 -9999 -9999 -9999 -9999 -9999 -9999 -9999
2248 2258 2277 2303 2342 2388 2442 2499 2564 2627 2677 2719 2750 2765 2768 2753 2722 2664 2637 2620 2589 2562 2529 2495 2444 2390 2341 2296 2255 2213 2172 2133 2098 2067 2038 2004 1966 1927 1896 1871 1851 1837 1828 1823 1829 1862 1918 1962 2008 2054 2090 2124 2174 2239 2327 2405 2494 2585 2671 2754 2842 2936 3035 3123 3204 3279 3342 3413 3475 -9999 -9999 -9999 -9999 -9999 -9999 -9999 -9999 -9999 -9999 -9999 -9999 -9999
2219 2230 2248 2271 2307 2353 2409 2464 2527 2590 2640 2686 2723 2747 2753 2743 2720 2677 2672 2655 2622 2604 2569 2528 2497 2455 2415 2364 2312 2268 2229 2192 2160 2129 2097 2062 2021 1978 1937 1905 1879 1856 1837 1820 1816 1835 1875 1915 1951 1978 2006 2049 2100 2162 2247 2329 2418 2510 2601 2690 2782 2877 2978 3069 3149 3214 3281 3345 3400 3459 -9999 -9999 -9999 -9999 -9999 -9999 -9999 -9999 -9999 -9999 -9999 -9999
2194 2202 2221 2243 2273 2314 2367 2415 2475 2538 2596 2645 2688 2721 2736 2730 2716 2700 2690 2679 2653 2636 2604 2572 2540 2507 2469 2425 2383 2340 2302 2262 2228 2196 2160 2119 2076 2028 1981 1945 1912 1882 1854 1828 1812 1815 1837 1863 1880 1901 1938 1986 2030 2088 2163 2246 2335 2426 2522 2618 2715 2810 2907 2997 3076 3143 3204 3268 3319 3363 3421 -9999 -9999 -9999 -9999 -9999 -9999 -9999 -9999 -9999 -9999 -9999
2167 2172 2185 2204 2231 2271 2316 2363 2418 2480 2543 2600 2651 2687 2710 2717 2710 2707 2711 2702 2687 2668 2641 2611 2580 2545 2511 2472 2433 2398 2362 2325 2289 2253 2216 2176 2132 2074 2024 1983 1946 1909 1875 1842 1816 1805 1809 1820 1829 1848 1882 1924 1964 2019 2083 2155 2248 2339 2436 2534 2635 2738 2835 2919 2992 3060 3115 3176 3226 3269 3328 -9999 -9999 -9999 -9999 -9999 -9999 -9999 -9999 -9999 -9999 -9999
2143 2143 2149 2164 2187 2222 2267 2312 2364 2425 2494 2562 2619 2655 2683 2700 2704 2708 2717 2719 2713 2692 2671 2640 2610 2579 2548 2515 2482 2447 2411 2375 2337 2301 2264 2225 2182 2120 2065 2018 1977 1937 1898 1861 1827 1804 1794 1793 1796 1808 1833 1865 1903 1956 2012 2073 2154 2252 2343 2444 2551 2654 2750 2836 2907 2969 3024 3078 3128 3169 3242 3312 -9999 -9999 -9999 -9999 -9999 -9999 -9999 -9999 -9999 -9999
2119 2116 2116 2128 2148 2178 2220 2265 2318 2382 2451 2524 2588 2631 2665 2690 2699 2703 2705 2707 2708 2701 2676 2652 2631 2606 2579 2552 2517 2482 2446 2409 2372 2338 2301 2262 2217 2164 2104 2052 2006 1961 1921 1881 1844 1812 1793 1782 1777 1782 1797 1821 1854 1899 1947 1999 2064 2145 2242 2354 2459 2562 2659 2745 2815 2880 2929 2988 3042 3084 3152 3218 -9999 -9999 -9999 -9999 -9999 -9999 -9999 -9999 -9999 -9999
2090 2087 2090 2097 2112 2140 2177 2223 2281 2345 2416 2492 2559 2608 2648 2679 2686 2690 2688 2687 2683 2674 2661 2647 2632 2615 2598 2576 2543 2508 2472 2436 2398 2365 2328 2290 2246 2197 2143 2082 2029 1983 1942 1903 1863 1828 1802 1784 1773 1770 1776 1794 1819 1851 1889 1933 1986 2055 2146 2260 2364 2466 2564 2651 2727 2793 2844 2903 2962 3007 3070 3147 3218 -9999 -9999 -9999 -9999 -9999 -9999 -9999 -9999 -9999
2070 2060 2061 2067 2080 2107 2145 2189 2249 2318 2386 2461 2531 2585 2627 2652 2662 2661 2652 2639 2629 2615 2604 2598 2594 2588 2585 2575 2550 2518 2488 2456 2423 2387 2349 2307 2264 2217 2166 2103 2049 2004 1962 1923 1884 1848 1817 1794 1777 1767 1766 1776 1793 1817 1846 1880 1925 1985 2064 2167 2275 2371 2466 2557 2640 2711 2775 2828 2890 2938 2998 3067 3140 -9999 -9999 -9999 -9999 -9999 -9999 -9999 -9999 -9999
2065 2047 2039 2038 2050 2078 2113 2156 2215 2284 2359 2429 2497 2557 2596 2615 2619 2608 2588 2558 2537 2526 2522 2527 2533 2539 2539 2537 2528 2514 2496 2472 2441 2405 2364 2308 2272 2226 2175 2119 2066 2021 1981 1942 1904 1868 1836 1810 1786 1771 1765 1768 1779 1794 1816 1844 1880 1930 1997 2083 2184 2281 2373 2467 2554 2638 2709 2764 2813 2849 2894 2980 3082 -9999 -9999 -9999 -9999 -9999 -9999 -9999 -9999 -9999
2070 2044 2029 2021 2027 2055 2087 2128 2183 2252 2326 2400 2459 2512 2548 2558 2541 2519 2487 2455 2431 2419 2423 2438 2454 2469 2478 2487 2496 2497 2488 2474 2445 2409 2357 2292 2248 2213 2177 2131 2084 2037 1994 1955 1918 1884 1855 1825 1797 1777 1768 1766 1771 1780 1796 1817 1848 1889 1941 2010 2091 2182 2276 2376 2473 2565 2646 2713 2760 2771 2824 2922 3031 -9999 -9999 -9999 -9999 -9999 -9999 -9999 -9999 -9999
2084 2051 2028 2014 2015 2033 2063 2101 2153 2217 2287 2356 2415 2457 2480 2479 2460 2424 2384 2349 2321 2309 2316 2335 2354 2372 2393 2413 2434 2448 2454 2449 2427 2395 2350 2278 2223 2184 2165 2125 2087 2053 2008 1967 1929 1896 1866 1833 1803 1781 1772 1768 1769 1772 1781 1799 1823 1856 1898 1952 2020 2099 2186 2281 2382 2499 2592 2664 2721 2725 2782 2886 2997 -9999 -9999 -9999 -9999 -9999 -9999 -9999 -9999 -9999
2103 2062 2032 2014 2010 2018 2038 2077 2120 2177 2238 2300 2351 2384 2397 2389 2364 2325 2271 2231 2213 2198 2199 2211 2229 2252 2276 2302 2332 2364 2384 2390 2381 2357 2325 2260 2196 2151 2126 2104 2078 2047 2019 1979 1939 1902 1869 1836 1806 1787 1777 1771 1766 1765 1772 1785 1804 1830 1867 1912 1968 2038 2120 2211 2315 2438 2544 2621 2667 2687 2756 2858 2968 -9999 -9999 -9999 -9999 -9999 -9999 -9999 -9999 -9999
2119 2072 2039 2016 2005 2008 2022 2055 2092 2136 2188 2241 2283 2304 2308 2296 2253 2203 2158 2123 2106 2091 2086 2093 2104 2122 2143 2171 2208 2250 2282 2301 2307 2296 2270 2225 2164 2119 2086 2060 2058 2035 2010 1985 1944 1904 1866 1834 1809 1792 1780 1772 1763 1759 1764 1775 1790 1813 1842 1881 1930 1992 2068 2158 2263 2391 2505 2589 2635 2664 2753 2876 3007 -9999 -9999 -9999 -9999 -9999 -9999 -9999 -9999 -9999
2123 2077 2041 2016 2002 2001 2014 2037 2064 2100 2143 2188 2222 2229 2224 2201 2160 2111 2061 2025 2000 1989 1985 1985 1988 1999 2012 2040 2077 2118 2155 2183 2198 2202 2186 2157 2116 2093 2061 2020 2007 2008 1993 1968 1934 1898 1861 1830 1807 1791 1780 1770 1759 1754 1759 1768 1781 1798 1823 1856 1901 1957 2027 2112 2216 2344 2462 2554 2614 2654 2747 2879 3020 -9999 -9999 -9999 -9999 -9999 -9999 -9999 -9999 -9999
2110 2069 2037 2012 1998 1995 2005 2023 2042 2069 2100 2131 2151 2156 2149 2132 2106 2056 1994 1949 1915 1897 1895 1892 1879 1871 1877 1907 1947 1981 2012 2041 2063 2073 2072 2044 2035 2035 2021 1984 1959 1955 1952 1936 1911 1882 1850 1822 1800 1786 1774 1761 1751 1748 1754 1762 1773 1788 1809 1838 1875 1926 1992 2073 2173 2295 2418 2513 2585 2640 2737 2870 3026 -9999 -9999 -9999 -9999 -9999 -9999 -9999 -9999 -9999
2086 2053 2027 2006 1992 1989 1993 2008 2024 2042 2060 2077 2088 2090 2086 2069 2042 2009 1947 1895 1858 1833 1825 1817 1796 1777 1773 1788 1814 1843 1875 1903 1926 1933 1926 1924 1936 1960 1961 1955 1930 1920 1914 1903 1885 1862 1835 1810 1791 1780 1768 1755 1745 1745 1751 1759 1768 1780 1797 1821 1856 1900 1960 2036 2133 2250 2370 2458 2530 2617 2736 2887 3063 -9999 -9999 -9999 -9999 -9999 -9999 -9999 -9999 -9999
2059 2038 2021 2006 1995 1991 1991 2001 2015 2021 2028 2034 2037 2033 2029 2015 1988 1948 1903 1860 1824 1799 1788 1772 1740 1712 1698 1696 1702 1713 1732 1756 1777 1792 1807 1825 1847 1894 1909 1919 1914 1902 1892 1880 1865 1847 1824 1802 1786 1776 1766 1756 1746 1744 1749 1757 1765 1774 1787 1808 1837 1877 1932 2003 2095 2206 2314 2396 2481 2598 2743 2911 3076 -9999 -9999 -9999 -9999 -9999 -9999 -9999 -9999 -9999
2033 2029 2025 2018 2012 2012 2010 2009 2011 2011 2008 2003 1989 1974 1962 1948 1926 1903 1876 1847 1818 1792 1773 1742 1705 1674 1653 1638 1631 1634 1644 1662 1686 1709 1732 1759 1787 1831 1877 1893 1892 1892 1888 1879 1864 1847 1826 1805 1788 1775 1767 1756 1749 1745 1748 1755 1761 1767 1778 1794 1821 1858 1907 1973 2062 2167 2267 2349 2445 2576 2735 2906 3074 -9999 -9999 -9999 -9999 -9999 -9999 -9999 -9999 -9999
2017 2028 2042 2044 2040 2036 2032 2025 2011 2007 1996 1977 1950 1931 1916 1905 1901 1896 1887 1868 1843 1815 1783 1740 1698 1664 1637 1615 1601 1597 1604 1629 1664 1686 1705 1732 1762 1799 1840 1865 1881 1895 1899 1895 1884 1866 1842 1819 1798 1781 1767 1757 1748 1746 1747 1751 1754 1758 1767 1784 1807 1839 1885 1945 2027 2127 2221 2305 2409 2545 2704 2873 3052 -9999 -9999 -9999 -9999 -9999 -9999 -9999 -9999 -9999
2019 2035 2043 2044 2047 2047 2043 2035 2015 1999 1990 1973 1946 1924 1906 1902 1912 1933 1946 1936 1904 1865 1822 1770 1724 1684 1650 1623 1604 1595 1603 1641 1693 1714 1725 1745 1774 1809 1851 1885 1906 1920 1925 1923 1915 1897 1870 1844 1821 1799 1780 1766 1754 1747 1746 1746 1746 1749 1758 1774 1796 1825 1865 1921 1994 2083 2170 2260 2371 2509 2665 2830 3003 -9999 -9999 -9999 -9999 -9999 -9999 -9999 -9999 -9999
2009 2022 2033 2044 2050 2052 2050 2041 2019 1991 1980 1971 1956 1935 1917 1922 1953 1990 2001 1998 1979 1928 1875 1821 1774 1731 1692 1660 1637 1623 1632 1676 1736 1770 1789 1798 1818 1854 1909 1951 1959 1959 1960 1959 1950 1930 1904 1877 1851 1828 1805 1786 1771 1760 1752 1748 1744 1748 1753 1769 1788 1814 1850 1898 1962 2037 2121 2217 2330 2468 2624 2793 2976 -9999 -9999 -9999 -9999 -9999 -9999 -9999 -9999 -9999
1993 2009 2023 2036 2046 2052 2051 2041 2020 1985 1973 1971 1963 1953 1945 1962 2005 2035 2055 2059 2043 1988 1932 1883 1839 1793 1750 1716 1687 1672 1679 1727 1787 1829 1863 1882 1885 1915 1978 2006 2018 2017 2007 2000 1987 1964 1939 1913 1887 1862 1839 1817 1798 1781 1767 1758 1754 1754 1758 1768 1785 1809 1840 1881 1934 2000 2080 2174 2287 2422 2579 2758 2948 -9999 -9999 -9999 -9999 -9999 -9999 -9999 -9999 -9999
1977 1993 2009 2021 2033 2041 2041 2033 2007 1979 1973 1974 1968 1971 1983 2007 2043 2083 2111 2121 2106 2053 1999 1950 1903 1856 1814 1779 1750 1731 1735 1782 1846 1890 1929 1959 1965 1984 2045 2070 2081 2084 2065 2049 2027 2003 1976 1950 1925 1898 1872 1848 1828 1808 1791 1778 1770 1766 1768 1775 1789 1809 1835 1869 1913 1971 2045 2135 2242 2375 2532 2711 2906 -9999 -9999 -9999 -9999 -9999 -9999 -9999 -9999 -9999
1961 1976 1992 2005 2011 2021 2022 2016 1983 1968 1968 1968 1971 1983 2003 2036 2080 2123 2158 2172 2161 2127 2064 2010 1960 1917 1881 1847 1816 1795 1795 1832 1901 1945 1985 2016 2048 2054 2110 2138 2148 2144 2129 2103 2079 2049 2018 1989 1961 1933 1904 1879 1858 1838 1819 1804 1793 1787 1786 1788 1797 1814 1834 1860 1897 1946 2014 2096 2199 2328 2482 2655 2843 -9999 -9999 -9999 -9999 -9999 -9999 -9999 -9999 -9999
1947 1959 1972 1984 1988 1989 1986 1970 1957 1956 1956 1957 1967 1994 2023 2061 2108 2155 2194 2213 2212 2189 2125 2065 2017 1978 1948 1919 1890 1866 1862 1886 1949 1988 2031 2069 2101 2120 2168 2196 2212 2208 2196 2170 2141 2106 2068 2032 1996 1964 1937 1910 1889 1869 1850 1834 1821 1814 1808 1807 1812 1821 1836 1855 1884 1925 1982 2059 2157 2282 2429 2595 2777 2976 -9999 -9999 -9999 -9999 -9999 -9999 -9999 -9999
1923 1931 1945 1957 1952 1938 1933 1934 1942 1952 1958 1964 1981 2016 2048 2089 2137 2186 2225 2247 2250 2234 2173 2119 2078 2045 2017 1997 1975 1948 1942 1956 1989 2021 2062 2103 2138 2176 2212 2247 2269 2269 2257 2237 2208 2173 2130 2081 2036 2000 1969 1945 1924 1904 1885 1870 1858 1849 1840 1834 1832 1836 1843 1857 1878 1910 1958 2027 2120 2238 2378 2538 2717 2919 -9999 -9999 -9999 -9999 -9999 -9999 -9999 -9999
1876 1892 1907 1918 1926 1930 1930 1934 1944 1962 1975 1990 2016 2042 2077 2118 2165 2214 2252 2275 2282 2261 2207 2174 2149 2118 2091 2072 2044 2018 2007 2011 2020 2047 2081 2119 2161 2202 2242 2280 2311 2320 2312 2295 2267 2229 2190 2135 2083 2042 2010 1983 1960 1942 1923 1909 1900 1891 1880 1869 1861 1859 1861 1866 1878 1901 1939 2000 2085 2195 2327 2480 2655 2855 -9999 -9999 -9999 -9999 -9999 3754 -9999 -9999
1856 1871 1893 1917 1944 1961 1967 1958 1957 1974 1995 2018 2044 2072 2107 2147 2195 2240 2276 2300 2307 2284 2250 2239 2229 2196 2163 2131 2098 2057 2045 2042 2044 2062 2090 2125 2168 2215 2257 2300 2334 2354 2357 2344 2315 2281 2237 2184 2130 2088 2053 2022 1996 1976 1959 1947 1938 1931 1918 1902 1890 1886 1880 1878 1883 1897 1927 1977 2052 2152 2276 2420 2585 2779 -9999 -9999 -9999 -9999 3582 3689 3779 -9999
1867 1878 1896 1925 1950 1964 1975 1987 1981 1993 2018 2044 2071 2101 2135 2176 2220 2261 2296 2320 2329 2329 2318 2299 2276 2247 2217 2185 2148 2090 2060 2066 2067 2078 2098 2129 2170 2217 2264 2308 2344 2371 2383 2377 2356 2326 2282 2231 2174 2127 2089 2055 2026 2002 1984 1971 1961 1951 1938 1923 1908 1901 1895 1890 1890 1900 1921 1960 2024 2111 2223 2355 2509 2690 -9999 -9999 -9999 -9999 3526 3610 3675 -9999
1909 1910 1904 1913 1944 1964 1979 1993 2010 2022 2048 2069 2095 2126 2161 2200 2241 2282 2314 2338 2353 2357 2351 2338 2318 2294 2263 2229 2190 2138 2079 2065 2079 2089 2105 2133 2173 2216 2261 2302 2338 2367 2387 2393 2385 2364 2325 2277 2223 2169 2124 2085 2050 2022 2001 1983 1968 1955 1942 1929 1918 1912 1909 1905 1905 1910 1924 1952 2001 2075 2172 2290 2431 2598 2787 -9999 -9999 3293 3427 3529 3583 -9999
-9999 -9999 -9999 1907 1920 1962 1977 1994 2011 2033 2057 2082 2111 2143 2179 2217 2257 2296 2329 2353 2369 2377 2377 2368 2353 2331 2302 2266 2226 2183 2118 2078 2073 2096 2113 2140 2174 2210 2250 2285 2318 2348 2372 2387 2392 2381 2355 2315 2266 2212 2161 2115 2075 2043 2017 1994 1975 1958 1946 1936 1931 1933 1935 1931 1925 1925 1932 1950 1986 2044 2126 2230 2356 2509 2682 -9999 -9999 3171 3300 3399 3440 -9999
-9999 -9999 -9999 -9999 -9999 -9999 1970 1986 2008 2030 2055 2081 2112 2146 2184 2224 2263 2302 2335 2362 2381 2392 2396 2391 2378 2357 2329 2294 2252 2206 2164 2126 2113 2108 2120 2141 2168 2199 2230 2262 2291 2315 2341 2364 2381 2382 2366 2336 2297 2252 2203 2148 2103 2065 2033 2006 1985 1969 1959 1951 1951 1961 1970 1964 1952 1943 1942 1952 1977 2022 2090 2178 2287 2422 2579 2750 2909 3043 3161 3237 -9999 -9999
