Capas/PRESENTE/Eje_30s/ASC/bio_12.asc
ncols         993
nrows         433
xllcorner     -105.25566776747
yllcorner     17.599810932142
cellsize      0.0083333333
NODATA_value  -9999
[rows 105 to 139 of 433, columns 316 to 394 of 993]
7392 7335 7316 7324 7341 7358 7382 7409 7426 7432 7430 7424 7418 7417 7419 7425 7430 7435 7445 7455 7463 7474 7483 7494 7501 7504 7503 7497 7478 7451 7409 7356 7294 7224 7155 7089 7025 6960 6902 6851 6813 6780 6763 6766 6800 6865 6937 7012 7106 7198 7221 7234 7179 7142 7158 7235 7382 7607 7832 8119 8430 8718 8936 9081 9140 9115 9019 8872 8682 8448 8211 7928 7598 7305 7083 6926 6854 6863 6784
7383 7337 7319 7323 7341 7354 7368 7384 7397 7395 7390 7379 7372 7370 7369 7371 7378 7389 7404 7415 7428 7442 7456 7472 7490 7505 7511 7501 7485 7452 7409 7354 7290 7216 7144 7078 7012 6948 6890 6837 6789 6749 6716 6700 6702 6724 6753 6803 6879 6978 7065 7100 7090 7097 7158 7285 7486 7708 7966 8289 8634 8947 9182 9330 9389 9356 9252 9094 8892 8663 8380 8073 7726 7423 7198 7031 6921 6864 6779
7362 7319 7308 7317 7334 7346 7350 7356 7365 7361 7348 7337 7328 7322 7318 7318 7327 7343 7359 7375 7390 7409 7431 7460 7502 7561 7588 7549 7496 7453 7410 7351 7283 7211 7139 7072 7012 6952 6898 6847 6798 6753 6712 6680 6661 6651 6645 6663 6712 6790 6883 6957 7004 7064 7175 7342 7555 7769 8045 8385 8744 9068 9309 9463 9522 9496 9395 9231 9027 8793 8507 8208 7865 7548 7306 7139 7023 6929 6810
7332 7299 7295 7304 7322 7326 7325 7328 7329 7318 7304 7287 7277 7270 7265 7269 7279 7298 7317 7337 7357 7380 7407 7455 7558 7685 7702 7676 7528 7450 7401 7347 7280 7206 7138 7077 7024 6974 6929 6881 6837 6794 6747 6702 6661 6628 6605 6610 6644 6708 6797 6888 6962 7053 7193 7390 7565 7784 8056 8390 8739 9056 9297 9454 9526 9509 9420 9271 9080 8833 8577 8308 8000 7668 7395 7227 7132 7036 6902
7289 7268 7266 7273 7283 7291 7293 7294 7287 7275 7258 7242 7228 7222 7215 7219 7231 7250 7275 7299 7325 7354 7391 7455 7579 7677 7695 7695 7541 7446 7392 7337 7272 7204 7144 7093 7054 7020 6990 6958 6923 6878 6825 6764 6704 6650 6608 6603 6623 6667 6741 6833 6933 7053 7213 7392 7553 7756 8009 8312 8629 8926 9157 9318 9404 9410 9344 9222 9038 8818 8591 8346 8059 7734 7459 7295 7205 7110 6967
7233 7226 7227 7235 7245 7249 7251 7250 7245 7236 7222 7200 7185 7175 7173 7174 7187 7209 7236 7265 7297 7336 7385 7457 7559 7656 7678 7623 7498 7430 7384 7329 7270 7208 7161 7129 7111 7103 7102 7095 7077 7030 6962 6882 6798 6718 6657 6635 6635 6661 6723 6822 6937 7064 7217 7381 7526 7699 7915 8172 8446 8707 8921 9083 9183 9213 9181 9096 8940 8765 8571 8343 8080 7785 7532 7372 7286 7187 7034
7186 7185 7194 7199 7206 7212 7216 7211 7205 7200 7188 7164 7144 7135 7135 7141 7158 7181 7208 7244 7283 7330 7382 7433 7481 7518 7525 7489 7446 7416 7375 7326 7273 7225 7196 7191 7212 7252 7307 7349 7355 7294 7181 7062 6941 6834 6761 6732 6721 6727 6780 6880 6990 7087 7201 7350 7489 7627 7796 7994 8214 8428 8620 8775 8887 8945 8953 8915 8807 8673 8520 8341 8112 7844 7609 7468 7377 7259 7105
7140 7149 7158 7166 7171 7171 7175 7171 7165 7154 7142 7124 7110 7105 7111 7119 7142 7172 7207 7246 7287 7327 7359 7383 7398 7414 7424 7428 7426 7409 7381 7342 7311 7296 7279 7299 7385 7520 7663 7760 7775 7661 7463 7284 7122 6983 6899 6869 6848 6844 6895 6992 7073 7128 7192 7298 7424 7544 7661 7806 7967 8132 8292 8435 8553 8641 8687 8691 8635 8552 8457 8326 8133 7883 7664 7533 7439 7328 7199
7108 7117 7125 7130 7134 7136 7134 7133 7126 7117 7104 7093 7084 7086 7089 7106 7140 7187 7234 7268 7289 7310 7330 7346 7358 7378 7401 7421 7432 7430 7420 7407 7422 7449 7438 7480 7662 7872 8000 8098 8128 8010 7754 7524 7315 7129 6999 6944 6930 6951 7013 7085 7166 7204 7221 7289 7370 7437 7520 7622 7733 7853 7980 8102 8229 8337 8423 8482 8476 8432 8372 8272 8101 7884 7701 7579 7480 7386 7301
7085 7094 7097 7100 7102 7099 7099 7099 7096 7086 7077 7068 7065 7066 7074 7095 7131 7178 7227 7259 7267 7277 7296 7325 7356 7386 7419 7457 7488 7503 7521 7536 7576 7610 7603 7699 7942 8109 8268 8383 8423 8355 8054 7766 7508 7268 7078 6982 6978 7023 7053 7117 7188 7250 7292 7298 7323 7322 7342 7389 7460 7544 7634 7738 7910 8075 8189 8288 8354 8387 8310 8212 8073 7904 7759 7650 7565 7516 7486
7069 7072 7072 7074 7072 7071 7069 7071 7067 7060 7054 7051 7049 7052 7060 7078 7101 7134 7172 7202 7216 7227 7254 7303 7376 7444 7500 7569 7622 7640 7673 7694 7697 7696 7736 7922 8156 8347 8520 8641 8674 8601 8332 7997 7693 7401 7156 7016 7004 7055 7075 7127 7189 7239 7272 7236 7201 7178 7177 7204 7255 7314 7386 7478 7639 7860 7992 8120 8229 8302 8307 8210 8104 7970 7844 7739 7673 7660 7612
7055 7053 7054 7051 7053 7049 7047 7046 7045 7039 7037 7034 7035 7038 7051 7068 7083 7104 7129 7153 7168 7187 7222 7291 7404 7527 7627 7733 7808 7816 7824 7826 7804 7801 7914 8195 8376 8567 8737 8836 8849 8754 8506 8197 7869 7513 7215 7032 6980 7045 7065 7108 7155 7192 7200 7103 7077 7076 7086 7107 7144 7195 7253 7331 7465 7686 7843 7989 8126 8233 8293 8234 8166 8052 7931 7826 7766 7760 7712
7046 7043 7041 7040 7037 7035 7032 7033 7031 7027 7025 7023 7021 7027 7039 7051 7067 7084 7105 7126 7146 7171 7210 7299 7444 7575 7680 7793 7900 7988 7995 7954 7928 7964 8140 8412 8594 8764 8889 8952 8893 8733 8561 8312 7987 7567 7232 7024 6917 6909 6984 7046 7081 7097 7013 6972 6988 7016 7038 7063 7104 7161 7208 7270 7379 7556 7731 7892 8048 8183 8273 8270 8230 8128 8010 7906 7845 7841 7805
7041 7040 7037 7035 7033 7029 7026 7027 7025 7024 7021 7018 7017 7018 7024 7031 7045 7059 7082 7111 7146 7175 7216 7311 7459 7568 7688 7819 7944 8051 8147 8144 8098 8156 8365 8623 8794 8929 9004 8990 8771 8624 8518 8246 7958 7561 7219 7005 6870 6802 6803 6842 6876 6858 6831 6848 6908 6965 7004 7045 7100 7151 7186 7236 7327 7470 7662 7825 7995 8148 8268 8332 8300 8203 8090 7987 7929 7931 7897
7038 7041 7041 7039 7037 7031 7028 7026 7026 7025 7026 7023 7020 7016 7016 7017 7022 7034 7052 7084 7128 7170 7211 7291 7421 7539 7662 7800 7937 8064 8184 8286 8284 8373 8581 8816 8965 9064 9081 8854 8645 8473 8360 8127 7849 7511 7179 6973 6838 6748 6704 6694 6697 6696 6708 6757 6838 6917 6978 7039 7109 7157 7174 7205 7294 7449 7619 7783 7961 8132 8269 8357 8385 8307 8192 8090 8031 8040 7990
7040 7046 7047 7047 7046 7043 7040 7035 7036 7033 7028 7026 7021 7016 7014 7012 7015 7019 7032 7054 7088 7132 7179 7258 7377 7486 7601 7731 7868 7999 8131 8239 8398 8617 8795 8968 9106 9113 8947 8755 8542 8318 8144 7976 7719 7379 7103 6929 6807 6722 6667 6633 6624 6634 6663 6716 6791 6880 6956 7028 7109 7165 7181 7191 7280 7451 7599 7763 7948 8132 8282 8388 8439 8418 8311 8212 8163 8155 8084
7044 7053 7056 7057 7058 7055 7055 7051 7047 7044 7038 7031 7024 7017 7012 7010 7010 7014 7020 7030 7047 7075 7133 7228 7336 7406 7486 7616 7755 7877 7965 8164 8420 8657 8886 9070 9192 9091 8904 8705 8461 8183 7912 7675 7432 7196 7015 6888 6793 6718 6664 6636 6637 6665 6706 6748 6796 6879 6993 7090 7154 7203 7215 7212 7293 7460 7592 7756 7947 8140 8311 8434 8505 8495 8430 8362 8320 8271 8195
7055 7065 7071 7075 7075 7074 7071 7070 7063 7057 7046 7039 7028 7018 7015 7010 7009 7012 7017 7019 7026 7037 7085 7179 7265 7298 7351 7457 7591 7682 7827 8093 8351 8627 8882 9082 9206 9157 8897 8659 8386 8072 7754 7471 7247 7080 6962 6869 6801 6754 6718 6706 6725 6776 6834 6874 6898 6974 7136 7222 7265 7293 7284 7277 7331 7482 7601 7761 7954 8159 8347 8494 8590 8610 8583 8532 8480 8406 8320
7065 7082 7093 7100 7102 7105 7104 7098 7090 7079 7065 7051 7038 7026 7018 7011 7010 7013 7018 7023 7029 7036 7056 7100 7146 7185 7241 7332 7438 7513 7691 7955 8216 8506 8781 8994 9126 9141 8838 8583 8309 7997 7676 7393 7186 7043 6953 6893 6854 6835 6831 6843 6883 6952 7026 7084 7118 7188 7332 7436 7464 7446 7420 7389 7395 7509 7625 7774 7966 8183 8392 8565 8695 8760 8768 8723 8651 8565 8466
7085 7109 7126 7139 7148 7157 7157 7154 7144 7128 7110 7091 7071 7052 7037 7029 7025 7028 7035 7041 7047 7054 7066 7085 7103 7132 7173 7227 7289 7352 7504 7781 8046 8326 8602 8830 8982 8990 8722 8498 8251 7956 7649 7377 7184 7062 6998 6969 6971 6991 7022 7064 7127 7213 7301 7384 7464 7538 7617 7674 7686 7667 7618 7545 7500 7545 7662 7793 7985 8214 8446 8651 8812 8910 8937 8908 8837 8741 8630
7118 7148 7179 7208 7233 7253 7263 7264 7251 7229 7201 7170 7136 7106 7084 7071 7070 7088 7092 7087 7090 7103 7121 7141 7158 7178 7194 7215 7236 7275 7365 7554 7861 8154 8412 8648 8826 8773 8604 8442 8229 7961 7672 7420 7243 7144 7111 7137 7192 7260 7328 7405 7501 7618 7733 7839 7957 8027 8063 8042 7991 7926 7842 7741 7658 7630 7707 7829 8015 8255 8507 8743 8936 9067 9119 9101 9036 8932 8807
7161 7212 7264 7318 7365 7406 7431 7441 7427 7396 7356 7305 7254 7208 7170 7146 7157 7204 7222 7197 7180 7189 7215 7252 7291 7320 7328 7319 7310 7310 7344 7449 7660 7928 8202 8449 8584 8590 8540 8442 8268 8025 7760 7532 7381 7314 7337 7442 7578 7697 7802 7908 8033 8191 8316 8376 8437 8489 8508 8489 8340 8203 8082 7970 7865 7786 7797 7888 8062 8299 8571 8834 9063 9226 9300 9295 9235 9129 8990
7216 7291 7373 7458 7538 7609 7657 7680 7672 7632 7576 7508 7436 7370 7314 7277 7274 7322 7363 7353 7324 7323 7362 7432 7520 7603 7621 7558 7477 7424 7409 7451 7591 7798 8029 8263 8444 8538 8560 8506 8368 8149 7906 7719 7615 7580 7657 7846 8067 8268 8412 8525 8673 8792 8850 8895 8933 8955 8937 8873 8684 8501 8349 8212 8084 7968 7925 7976 8127 8357 8629 8912 9165 9362 9456 9471 9419 9319 9174
7276 7383 7503 7625 7743 7851 7930 7974 7975 7930 7864 7779 7690 7606 7538 7485 7457 7475 7523 7553 7540 7537 7591 7700 7867 7993 8003 7958 7760 7609 7523 7521 7643 7858 8097 8343 8551 8666 8695 8656 8537 8332 8100 7941 7886 7888 7975 8158 8417 8682 8905 9075 9202 9291 9337 9353 9364 9352 9300 9207 9036 8822 8629 8441 8270 8122 8046 8100 8210 8413 8675 8962 9226 9445 9563 9599 9565 9475 9333
7368 7503 7660 7827 7993 8135 8246 8309 8318 8281 8208 8119 8021 7931 7854 7787 7736 7721 7771 7836 7856 7889 7973 8089 8219 8276 8271 8210 8086 7832 7673 7647 7788 8026 8223 8482 8753 8973 8983 8921 8794 8572 8318 8154 8116 8114 8187 8406 8717 9029 9284 9463 9588 9661 9687 9679 9662 9619 9545 9448 9328 9122 8910 8690 8487 8314 8203 8217 8320 8468 8686 8947 9219 9457 9595 9658 9655 9591 9465
7540 7713 7934 8166 8388 8561 8672 8729 8718 8660 8584 8497 8414 8337 8270 8195 8108 8053 8071 8132 8200 8258 8336 8413 8479 8521 8501 8419 8269 7988 7820 7816 7964 8095 8297 8572 8876 9128 9279 9257 9083 8812 8525 8321 8257 8273 8348 8579 8908 9256 9531 9714 9829 9876 9877 9836 9795 9747 9680 9609 9513 9394 9227 9028 8825 8629 8451 8370 8435 8535 8690 8910 9159 9402 9564 9663 9700 9666 9562
7636 7832 8072 8332 8597 8834 9021 9159 9227 9152 9041 8955 8908 8897 8877 8775 8612 8472 8424 8468 8497 8511 8555 8620 8677 8695 8656 8560 8305 8059 7912 7914 8035 8148 8338 8633 8971 9239 9394 9449 9306 8979 8666 8431 8335 8365 8423 8643 8958 9306 9589 9771 9880 9906 9885 9838 9794 9762 9732 9701 9658 9594 9501 9367 9210 9038 8806 8600 8541 8628 8713 8877 9092 9308 9497 9637 9716 9717 9639
7612 7803 8046 8333 8633 8901 9123 9323 9459 9522 9539 9540 9527 9497 9447 9347 9214 9010 8827 8785 8733 8712 8716 8726 8748 8733 8691 8529 8294 8078 7926 7874 7928 8094 8325 8614 8940 9212 9373 9435 9369 9031 8704 8460 8347 8363 8392 8578 8857 9159 9424 9605 9714 9744 9690 9653 9665 9703 9727 9760 9785 9787 9747 9666 9536 9363 9171 8900 8733 8700 8772 8872 9044 9253 9445 9611 9722 9752 9692
7541 7704 7939 8207 8497 8783 9049 9297 9503 9649 9760 9835 9886 9909 9882 9764 9601 9406 9180 8999 8891 8815 8766 8741 8642 8560 8538 8431 8237 8053 7902 7808 7809 7954 8261 8518 8799 9057 9218 9284 9240 8966 8635 8396 8296 8284 8289 8422 8641 8885 9111 9282 9393 9441 9414 9453 9512 9591 9688 9790 9889 9965 9986 9950 9848 9677 9471 9209 8962 8843 8857 8909 9030 9214 9411 9591 9730 9775 9731
7325 7469 7698 8019 8281 8564 8852 9129 9382 9605 9785 9930 10034 10091 10078 9969 9811 9608 9295 9023 8934 8809 8712 8664 8531 8436 8369 8271 8136 7990 7857 7764 7746 7857 8131 8374 8607 8820 8972 9037 9006 8784 8471 8265 8196 8149 8130 8217 8378 8566 8740 8887 8998 9058 9110 9180 9296 9453 9626 9797 9961 10095 10183 10183 10106 9939 9716 9456 9149 8991 8957 8979 9058 9206 9402 9600 9747 9803 9776
7174 7286 7440 7653 7923 8248 8572 8862 9137 9396 9615 9801 9945 10016 10022 9954 9759 9479 9185 8917 8726 8593 8480 8421 8422 8401 8287 8136 8017 7905 7798 7718 7699 7801 8057 8233 8409 8560 8640 8679 8639 8464 8220 8057 8015 7983 7950 7999 8103 8240 8361 8449 8554 8656 8748 8869 9051 9294 9546 9773 9979 10157 10287 10344 10270 10108 9885 9587 9277 9130 9105 9081 9135 9261 9448 9642 9796 9857 9826
7089 7167 7266 7401 7590 7867 8225 8530 8804 9071 9305 9508 9675 9780 9822 9672 9494 9289 9053 8805 8577 8381 8235 8188 8254 8293 8203 8017 7908 7821 7739 7674 7653 7745 7967 8095 8211 8304 8224 8222 8188 8075 7920 7798 7734 7684 7656 7688 7776 7868 7926 7963 8037 8174 8401 8585 8831 9130 9431 9695 9935 10147 10306 10384 10316 10160 9941 9602 9356 9287 9218 9191 9228 9338 9513 9706 9856 9919 9882
7023 7079 7145 7237 7367 7570 7855 8189 8465 8722 8958 9157 9330 9474 9566 9519 9363 9159 8933 8701 8472 8263 8101 8022 8042 8079 8007 7886 7815 7759 7701 7650 7628 7672 7822 7953 8019 7971 7897 7878 7842 7765 7667 7570 7493 7453 7449 7465 7500 7549 7577 7590 7647 7800 8076 8319 8606 8941 9278 9573 9819 10040 10207 10289 10247 10098 9901 9553 9394 9360 9279 9265 9302 9405 9570 9756 9906 9963 9928
6978 7016 7065 7132 7231 7382 7613 7917 8206 8435 8644 8704 8866 9151 9308 9367 9294 9066 8836 8615 8398 8194 8031 7926 7887 7871 7831 7792 7765 7735 7696 7660 7636 7632 7680 7740 7753 7712 7684 7671 7637 7576 7500 7426 7381 7399 7439 7404 7346 7333 7339 7351 7408 7552 7808 8087 8381 8715 9047 9356 9617 9836 9999 10081 10052 9932 9762 9460 9362 9303 9258 9282 9327 9426 9599 9789 9937 9987 9947
6945 6977 7021 7083 7172 7303 7510 7793 8062 8251 8320 8403 8608 8936 9092 9182 9211 9044 8790 8570 8367 8172 8012 7896 7830 7798 7781 7772 7772 7760 7739 7714 7686 7663 7642 7628 7609 7587 7567 7554 7529 7465 7397 7343 7333 7405 7475 7400 7275 7215 7201 7204 7258 7394 7621 7888 8164 8473 8793 9089 9348 9563 9718 9806 9781 9692 9551 9312 9238 9164 9140 9183 9271 9386 9572 9764 9900 9954 9927
