Capas/PRESENTE/Eje_30s/ASC/bio_04.asc
ncols         993
nrows         433
xllcorner     -105.25566776747
yllcorner     17.599810932142
cellsize      0.0083333333
NODATA_value  -9999
[rows 216 to 251 of 433, columns 902 to 983 of 993]
1677 1704 1728 1746 1702 1632 1639 1638 1649 1660 1627 1617 1593 1540 1540 1541 1533 1527 1514 1515 1556 1556 1554 1552 1540 1529 1541 1525 1555 1551 1542 1509 1487 1495 1487 1489 1502 1481 1481 1516 1516 1485 1481 1495 1503 1499 1508 1523 1528 1530 1552 1540 1550 1573 1581 1595 1595 1615 1664 1728 1803 1812 1822 1820 1844 1811 1816 1848 1838 1840 1823 1810 1815 1831 1820 1818 1800 1814 1814 1838 1850 1861
1647 1674 1684 1712 1684 1642 1647 1666 1659 1660 1660 1685 1585 1549 1534 1542 1520 1514 1514 1522 1538 1565 1552 1542 1529 1540 1546 1555 1585 1576 1557 1522 1506 1502 1481 1481 1501 1491 1495 1509 1512 1485 1481 1482 1509 1484 1509 1509 1513 1527 1527 1545 1545 1563 1580 1595 1604 1628 1664 1714 1770 1840 1854 1855 1840 1793 1801 1814 1829 1811 1801 1800 1791 1794 1789 1784 1806 1808 1821 1814 1845 1860
1637 1650 1652 1677 1684 1693 1717 1733 1745 1698 1660 1655 1592 1554 1540 1550 1529 1529 1500 1514 1522 1519 1519 1535 1546 1546 1555 1599 1601 1573 1567 1550 1520 1495 1487 1487 1487 1499 1481 1499 1516 1509 1495 1503 1499 1498 1509 1498 1523 1523 1540 1548 1545 1572 1585 1595 1638 1659 1703 1744 1778 1813 1884 1845 1801 1763 1761 1791 1797 1803 1784 1773 1772 1794 1795 1784 1806 1818 1811 1814 1844 1862
1638 1628 1623 1655 1624 1631 1669 1701 1680 1659 1607 1630 1645 1563 1540 1529 1533 1515 1514 1525 1515 1518 1510 1519 1531 1563 1585 1588 1628 1639 1586 1550 1516 1510 1487 1499 1481 1481 1487 1509 1534 1490 1499 1499 1484 1491 1505 1510 1513 1527 1548 1549 1563 1580 1630 1638 1632 1653 1690 1726 1778 1829 1835 1758 1738 1738 1707 1732 1765 1779 1758 1757 1779 1788 1798 1798 1806 1814 1805 1827 1845 1867
1638 1623 1621 1612 1607 1644 1662 1695 1627 1635 1599 1574 1554 1560 1548 1533 1525 1511 1505 1514 1514 1509 1512 1519 1538 1551 1577 1620 1679 1727 1632 1550 1524 1495 1510 1510 1500 1509 1495 1543 1524 1499 1475 1499 1475 1502 1491 1513 1509 1529 1531 1559 1563 1592 1634 1661 1663 1709 1696 1736 1788 1829 1774 1725 1715 1686 1707 1736 1721 1758 1751 1742 1757 1774 1798 1818 1803 1816 1838 1827 1845 1867
1630 1620 1628 1616 1607 1618 1633 1662 1618 1598 1554 1554 1544 1547 1540 1532 1532 1511 1521 1507 1500 1500 1512 1526 1534 1542 1569 1599 1662 1641 1582 1550 1522 1520 1543 1517 1524 1532 1538 1534 1484 1488 1478 1490 1490 1495 1493 1488 1507 1527 1548 1563 1561 1595 1632 1663 1685 1692 1713 1755 1813 1828 1744 1720 1710 1700 1707 1712 1714 1720 1720 1729 1731 1767 1751 1787 1814 1818 1827 1835 1862 1876
1637 1643 1616 1628 1601 1585 1618 1618 1606 1597 1558 1554 1555 1538 1539 1540 1531 1534 1521 1516 1494 1526 1508 1510 1528 1534 1562 1557 1579 1564 1572 1564 1533 1532 1516 1503 1509 1509 1501 1516 1490 1478 1491 1475 1496 1491 1496 1496 1509 1524 1548 1548 1590 1615 1675 1702 1713 1722 1721 1770 1810 1787 1736 1725 1739 1707 1716 1708 1711 1726 1699 1731 1743 1767 1740 1759 1795 1831 1840 1846 1858 1891
1637 1609 1628 1593 1603 1607 1607 1594 1574 1574 1574 1552 1538 1541 1541 1541 1526 1521 1522 1522 1522 1569 1512 1512 1518 1510 1529 1531 1520 1541 1541 1554 1529 1523 1520 1509 1509 1516 1515 1490 1491 1491 1468 1488 1495 1473 1495 1496 1509 1524 1543 1554 1599 1638 1687 1747 1737 1726 1758 1793 1816 1821 1789 1753 1785 1761 1743 1714 1714 1699 1729 1735 1743 1768 1769 1798 1781 1811 1835 1852 1869 1887
1646 1637 1603 1603 1616 1585 1585 1577 1578 1574 1574 1544 1538 1538 1524 1513 1513 1515 1515 1515 1507 1526 1512 1516 1526 1528 1506 1518 1512 1519 1509 1515 1520 1520 1541 1503 1516 1542 1515 1482 1490 1473 1482 1481 1482 1496 1501 1504 1519 1527 1535 1563 1599 1624 1670 1713 1713 1753 1784 1780 1816 1851 1826 1787 1820 1824 1758 1737 1698 1735 1757 1773 1780 1817 1827 1814 1804 1823 1845 1852 1880 1883
1664 1637 1621 1603 1616 1603 1593 1610 1588 1574 1567 1558 1544 1567 1515 1523 1524 1514 1515 1515 1506 1507 1511 1521 1518 1510 1496 1508 1520 1515 1528 1519 1528 1541 1519 1514 1523 1523 1491 1473 1487 1498 1491 1490 1496 1486 1496 1509 1517 1524 1546 1562 1617 1653 1668 1703 1730 1766 1800 1787 1769 1799 1787 1799 1823 1853 1781 1748 1715 1763 1803 1803 1832 1810 1813 1823 1839 1848 1852 1860 1876 1889
1637 1639 1617 1646 1621 1607 1616 1610 1588 1601 1567 1567 1558 1543 1538 1539 1539 1524 1514 1514 1515 1508 1498 1508 1516 1499 1512 1496 1509 1520 1555 1574 1593 1574 1523 1515 1492 1492 1489 1496 1477 1491 1490 1473 1495 1496 1504 1509 1527 1527 1581 1618 1668 1721 1738 1736 1745 1798 1834 1810 1753 1804 1791 1788 1794 1804 1797 1768 1757 1794 1809 1823 1847 1849 1843 1814 1831 1853 1863 1862 1889 1896
1645 1652 1646 1650 1637 1616 1625 1632 1618 1588 1566 1531 1531 1531 1538 1539 1524 1524 1520 1514 1506 1515 1500 1478 1490 1498 1496 1498 1517 1520 1563 1644 1704 1662 1604 1540 1505 1501 1492 1496 1477 1490 1473 1489 1503 1501 1504 1524 1519 1537 1562 1665 1712 1723 1751 1776 1820 1807 1834 1789 1753 1775 1787 1785 1756 1795 1806 1772 1780 1766 1794 1774 1810 1812 1838 1814 1831 1820 1847 1854 1885 1910
1639 1639 1646 1624 1624 1614 1625 1663 1610 1566 1537 1531 1538 1531 1532 1532 1532 1509 1502 1506 1506 1506 1515 1490 1503 1490 1495 1498 1513 1531 1626 1779 1856 1802 1651 1550 1514 1515 1500 1497 1490 1482 1489 1486 1489 1488 1502 1507 1502 1532 1564 1622 1661 1701 1736 1796 1837 1861 1816 1754 1758 1756 1758 1753 1738 1772 1774 1758 1736 1735 1737 1740 1754 1792 1782 1795 1828 1842 1843 1874 1880 1911
1639 1645 1637 1626 1603 1593 1603 1610 1566 1577 1541 1541 1541 1545 1537 1505 1505 1505 1509 1511 1507 1514 1514 1490 1506 1494 1516 1515 1490 1577 1662 1841 1812 1726 1620 1558 1523 1515 1505 1521 1496 1489 1474 1503 1501 1497 1502 1527 1537 1545 1591 1630 1678 1721 1757 1829 1854 1934 1865 1769 1756 1748 1746 1752 1759 1762 1768 1728 1726 1724 1737 1733 1733 1750 1775 1775 1809 1818 1834 1858 1904 1935
1626 1614 1639 1603 1603 1592 1584 1584 1571 1541 1548 1557 1557 1545 1515 1510 1505 1505 1505 1488 1492 1507 1514 1494 1506 1494 1490 1497 1544 1554 1621 1723 1717 1641 1646 1617 1542 1515 1514 1515 1514 1523 1497 1487 1488 1488 1502 1527 1555 1553 1597 1629 1684 1721 1757 1807 1845 1894 1871 1827 1776 1757 1731 1738 1755 1765 1758 1708 1705 1702 1743 1748 1748 1766 1759 1769 1783 1839 1846 1869 1904 1938
1630 1623 1617 1601 1596 1593 1586 1573 1584 1566 1566 1557 1557 1522 1522 1510 1505 1505 1505 1496 1475 1484 1499 1494 1482 1503 1490 1503 1523 1542 1553 1617 1650 1662 1782 1709 1607 1538 1519 1523 1516 1489 1527 1507 1511 1516 1517 1540 1555 1560 1573 1597 1635 1697 1730 1803 1871 1897 1849 1753 1772 1750 1739 1706 1712 1749 1742 1751 1730 1706 1694 1690 1725 1735 1775 1787 1814 1864 1860 1887 1910 1947
1614 1614 1601 1608 1593 1586 1586 1583 1581 1566 1566 1566 1557 1514 1514 1522 1505 1505 1505 1496 1475 1471 1499 1508 1494 1472 1490 1490 1490 1524 1544 1577 1610 1725 1874 1842 1643 1558 1536 1519 1512 1527 1526 1513 1527 1527 1530 1542 1553 1556 1573 1616 1633 1677 1719 1749 1787 1841 1764 1756 1751 1761 1756 1745 1712 1712 1707 1737 1751 1722 1710 1719 1735 1735 1790 1831 1871 1866 1879 1891 1925 1938
1617 1608 1596 1601 1596 1583 1583 1583 1567 1567 1567 1567 1547 1545 1524 1514 1502 1505 1505 1496 1475 1471 1507 1501 1494 1499 1494 1485 1521 1490 1545 1552 1573 1683 1802 1857 1690 1557 1519 1518 1488 1503 1520 1534 1540 1538 1532 1553 1556 1569 1602 1620 1659 1688 1714 1749 1785 1826 1808 1789 1748 1721 1752 1738 1712 1668 1693 1699 1730 1736 1732 1718 1725 1761 1802 1840 1865 1867 1887 1907 1910 1949
1623 1608 1608 1614 1595 1602 1586 1571 1571 1560 1547 1547 1524 1524 1524 1514 1502 1498 1505 1496 1475 1486 1507 1492 1494 1471 1490 1477 1490 1490 1512 1542 1556 1584 1641 1673 1577 1547 1512 1494 1503 1511 1507 1502 1517 1517 1540 1553 1562 1593 1608 1643 1691 1708 1727 1755 1784 1804 1806 1776 1748 1733 1739 1710 1678 1687 1687 1678 1694 1710 1710 1724 1755 1770 1811 1870 1879 1867 1891 1889 1926 1935
1614 1614 1614 1608 1599 1584 1577 1571 1571 1558 1552 1547 1524 1524 1524 1514 1502 1498 1498 1496 1475 1471 1494 1487 1494 1466 1487 1526 1503 1490 1494 1570 1520 1516 1536 1545 1523 1523 1516 1507 1502 1500 1488 1493 1507 1526 1526 1562 1578 1591 1624 1629 1706 1758 1768 1768 1804 1825 1827 1772 1765 1756 1739 1707 1685 1669 1693 1692 1694 1726 1737 1764 1777 1792 1840 1877 1892 1883 1893 1910 1920 1939
1620 1608 1608 1608 1592 1577 1577 1577 1564 1559 1552 1528 1531 1531 1524 1514 1502 1502 1498 1496 1485 1479 1494 1487 1490 1487 1505 1526 1486 1490 1490 1545 1506 1490 1516 1513 1507 1503 1503 1494 1488 1475 1500 1493 1524 1548 1556 1570 1586 1606 1630 1652 1690 1804 1834 1817 1846 1876 1812 1784 1785 1748 1733 1707 1680 1702 1746 1724 1742 1762 1754 1764 1767 1838 1876 1877 1885 1885 1891 1910 1922 1936
1611 1602 1592 1577 1577 1577 1577 1564 1564 1559 1535 1543 1536 1531 1531 1514 1502 1502 1498 1489 1485 1479 1494 1485 1471 1487 1481 1466 1487 1490 1471 1490 1496 1494 1483 1494 1494 1483 1483 1480 1487 1465 1475 1490 1507 1534 1565 1587 1603 1608 1639 1687 1714 1795 1867 1871 1906 1900 1846 1826 1799 1755 1744 1703 1749 1774 1758 1736 1761 1761 1761 1760 1806 1844 1846 1869 1906 1903 1883 1907 1922 1930
1616 1601 1596 1596 1587 1574 1574 1574 1574 1550 1557 1552 1529 1536 1531 1509 1502 1502 1498 1489 1475 1475 1485 1478 1466 1474 1487 1460 1487 1460 1460 1474 1488 1460 1487 1464 1483 1483 1489 1487 1483 1500 1500 1488 1500 1517 1554 1586 1616 1646 1659 1698 1768 1829 1884 1944 1935 1952 1884 1837 1804 1796 1776 1762 1799 1799 1779 1783 1773 1776 1768 1770 1806 1838 1856 1864 1890 1892 1891 1909 1922 1936
1608 1608 1601 1595 1595 1590 1574 1551 1551 1551 1545 1545 1538 1526 1524 1522 1502 1502 1498 1484 1468 1475 1485 1478 1471 1474 1487 1466 1474 1487 1460 1474 1480 1483 1481 1474 1483 1481 1464 1487 1487 1475 1500 1503 1500 1532 1562 1603 1608 1634 1685 1718 1785 1889 1957 2015 2003 1989 1923 1879 1846 1854 1776 1826 1838 1817 1803 1798 1776 1768 1782 1822 1838 1832 1856 1847 1874 1912 1893 1895 1922 1927
1615 1615 1602 1589 1589 1579 1564 1555 1551 1551 1545 1545 1526 1526 1524 1510 1502 1502 1498 1484 1468 1490 1480 1478 1463 1474 1487 1466 1474 1479 1474 1487 1460 1474 1482 1474 1483 1500 1487 1468 1476 1481 1497 1510 1534 1547 1586 1647 1664 1662 1714 1746 1795 1867 1978 2029 2051 1977 1923 1923 1922 1854 1821 1876 1865 1819 1803 1789 1777 1780 1793 1806 1814 1825 1835 1847 1854 1897 1889 1892 1918 1945
1601 1601 1592 1587 1572 1565 1565 1565 1564 1551 1551 1532 1526 1526 1512 1510 1502 1502 1489 1484 1468 1468 1480 1478 1468 1474 1478 1483 1486 1452 1474 1470 1468 1476 1468 1487 1487 1476 1467 1491 1481 1488 1510 1532 1547 1548 1571 1642 1672 1707 1726 1795 1813 1866 1935 2020 2047 2011 1936 1955 1945 1899 1922 1917 1888 1848 1795 1782 1785 1763 1782 1791 1809 1802 1831 1854 1874 1871 1895 1910 1930 1946
1606 1592 1577 1577 1572 1572 1572 1565 1565 1551 1538 1532 1526 1526 1515 1510 1496 1502 1498 1484 1468 1483 1473 1478 1463 1474 1459 1474 1463 1474 1478 1483 1473 1483 1481 1473 1487 1487 1476 1497 1486 1497 1510 1532 1532 1567 1586 1608 1660 1706 1768 1837 1909 1978 1973 1957 2003 2020 1944 1936 1993 1939 1913 1882 1853 1804 1776 1782 1804 1780 1784 1801 1816 1806 1820 1854 1849 1878 1887 1907 1912 1926
1608 1608 1592 1577 1577 1559 1559 1559 1552 1543 1538 1532 1526 1526 1502 1497 1496 1484 1491 1468 1490 1476 1465 1468 1450 1465 1459 1474 1452 1486 1483 1486 1483 1475 1487 1475 1473 1486 1510 1499 1500 1510 1510 1525 1532 1557 1600 1644 1668 1700 1768 1832 1890 1978 2028 2007 2008 2020 1985 2004 1948 1924 1883 1821 1804 1805 1795 1789 1787 1805 1800 1802 1789 1825 1822 1844 1854 1857 1883 1892 1909 1936
1596 1589 1589 1580 1575 1574 1562 1559 1545 1552 1538 1533 1526 1526 1516 1496 1490 1507 1499 1499 1490 1478 1478 1459 1466 1468 1467 1478 1474 1473 1474 1480 1475 1474 1467 1478 1467 1505 1510 1495 1495 1510 1532 1541 1547 1567 1600 1652 1662 1706 1760 1804 1866 1955 1979 1986 2011 1960 1939 1927 1892 1859 1841 1799 1799 1817 1810 1795 1786 1763 1791 1792 1787 1818 1847 1847 1854 1884 1897 1913 1909 1946
1587 1596 1587 1580 1571 1571 1566 1560 1552 1553 1538 1533 1526 1526 1516 1521 1504 1525 1529 1516 1501 1493 1478 1465 1478 1457 1465 1457 1465 1467 1473 1473 1487 1467 1475 1487 1475 1526 1518 1504 1495 1525 1538 1532 1570 1557 1589 1600 1671 1714 1779 1841 1886 1944 1969 2013 1988 1988 1933 1892 1776 1744 1721 1729 1702 1737 1736 1737 1746 1757 1749 1794 1797 1822 1814 1835 1854 1884 1898 1919 1922 1946
1596 1596 1587 1580 1580 1556 1556 1546 1544 1553 1538 1526 1526 1526 1496 1507 1529 1552 1565 1544 1522 1509 1486 1479 1468 1466 1463 1474 1467 1473 1480 1467 1475 1486 1478 1497 1467 1562 1542 1510 1515 1523 1538 1547 1557 1600 1600 1618 1650 1726 1804 1836 1905 1987 2021 2006 1960 1996 1902 1847 1799 1798 1768 1688 1663 1666 1685 1690 1690 1717 1729 1749 1789 1813 1814 1854 1861 1867 1877 1913 1936 1942
1603 1588 1589 1587 1565 1556 1556 1551 1546 1536 1529 1529 1526 1526 1520 1526 1537 1575 1632 1597 1563 1544 1510 1473 1466 1465 1466 1473 1466 1482 1473 1478 1490 1490 1490 1490 1497 1589 1577 1504 1502 1515 1520 1539 1600 1592 1614 1637 1671 1715 1779 1817 1888 1944 1987 2028 1985 1945 1902 1869 1871 1860 1812 1716 1666 1658 1672 1696 1739 1741 1736 1727 1750 1771 1774 1841 1833 1877 1884 1909 1946 1939
1604 1603 1603 1580 1571 1558 1536 1536 1531 1538 1533 1539 1524 1510 1504 1512 1537 1599 1642 1624 1607 1547 1509 1496 1478 1472 1465 1471 1467 1473 1480 1482 1481 1480 1480 1480 1480 1504 1587 1523 1513 1523 1538 1552 1609 1645 1622 1662 1676 1704 1757 1804 1831 1885 1937 1988 1996 1963 1871 1808 1769 1764 1694 1681 1681 1731 1756 1787 1748 1728 1755 1755 1783 1784 1809 1854 1854 1868 1907 -9999 -9999 -9999
1604 1604 1603 1604 1582 1556 1544 1544 1531 1531 1531 1538 1530 1515 1521 1514 1542 1556 1618 1642 1556 1539 1471 1471 1478 1458 1457 1473 1471 1467 1473 1490 1490 1509 1491 1496 1509 1499 1523 1513 1532 1532 1538 1557 1571 1652 1643 1674 1706 1711 1738 1784 1839 1913 1947 1958 1982 1908 1891 1883 1764 1716 1689 1784 1773 1789 1767 1726 1735 1784 1755 1789 1800 1814 1847 1854 1843 1860 -9999 -9999 -9999 -9999
1640 1629 1618 1590 1578 1576 1561 1545 1535 1531 1520 1524 1519 1524 1528 1529 1514 1552 1556 1537 1510 1490 1480 1458 1471 1491 1471 1471 1467 1471 1491 1491 1491 1491 1501 1491 1491 1510 1528 1517 1523 1524 1547 1567 1590 1624 1656 1679 1711 1717 1724 1761 1821 1868 1935 1973 1998 1917 1906 1829 1763 1721 1747 1799 1777 1750 1732 1747 1743 1765 1826 1845 1825 1820 1820 1854 1857 -9999 -9999 -9999 -9999 -9999
1671 1668 1640 1628 1582 1573 1561 1544 1535 1530 1520 1530 1539 1557 1547 1514 1529 1514 1518 1533 1493 1471 1471 1458 1473 1490 1491 1481 1471 1491 1466 1471 1479 1499 1505 1500 1504 1495 1533 1523 1515 1538 1551 1637 1599 1643 1664 1669 1696 1750 1746 1764 1831 1885 1905 1950 1992 1954 1884 1830 1768 1769 1799 1768 1755 1737 1744 1747 1769 1823 1802 1834 1843 1828 1815 1833 1852 -9999 -9999 -9999 -9999 -9999
