Capas/PRESENTE/Eje_30s/ASC/bio_18.asc
ncols         993
nrows         433
xllcorner     -105.25566776747
yllcorner     17.599810932142
cellsize      0.0083333333
NODATA_value  -9999
[rows 252 to 287 of 433, columns 574 to 655 of 993]
-9999 -9999 -9999 -9999 -9999 -9999 -9999 -9999 -9999 -9999 -9999 -9999 -9999 -9999 -9999 -9999 -9999 -9999 -9999 -9999 -9999 -9999 -9999 -9999 -9999 3590 3648 3684 3736 3760 3794 3843 3925 3996 4017 4048 4061 4054 4047 4050 4038 4017 4020 4026 4046 4069 4074 4090 4069 4035 4028 4038 4020 4011 4010 4008 4020 4035 4047 4051 4058 4069 4108 4149 4191 4248 4315 4382 4445 4517 4572 4630 4683 4725 4753 4765 4759 4779 4795 4816 4828 4860
-9999 -9999 -9999 -9999 -9999 -9999 -9999 -9999 -9999 -9999 -9999 -9999 -9999 -9999 -9999 -9999 -9999 -9999 -9999 -9999 -9999 -9999 -9999 -9999 -9999 3541 3577 3600 3630 3660 3707 3762 3813 3911 3976 4008 4033 4041 4029 4014 4008 4006 4022 4055 4070 4100 4114 4127 4107 4086 4080 4090 4071 4054 4032 4034 4054 4066 4074 4086 4098 4122 4153 4193 4235 4289 4353 4416 4479 4535 4589 4646 4703 4744 4796 4783 4771 4788 4819 4819 4835 4864
-9999 -9999 -9999 -9999 -9999 -9999 -9999 -9999 -9999 -9999 -9999 -9999 -9999 -9999 -9999 -9999 -9999 -9999 -9999 -9999 -9999 -9999 -9999 -9999 3401 3437 3476 3505 3533 3587 3617 3667 3733 3809 3887 3933 3962 3963 3946 3955 3956 3981 3999 4029 4067 4109 4128 4129 4121 4119 4117 4123 4116 4093 4084 4084 4082 4104 4118 4134 4144 4165 4209 4252 4278 4335 4386 4451 4508 4580 4613 4659 4700 4751 4791 4776 4776 4796 4818 4833 4839 4855
-9999 -9999 -9999 -9999 -9999 -9999 -9999 -9999 -9999 -9999 -9999 -9999 -9999 -9999 -9999 -9999 -9999 -9999 -9999 -9999 -9999 -9999 -9999 -9999 3303 3343 3367 3415 3470 3518 3548 3608 3676 3751 3781 3816 3838 3852 3882 3904 3936 3984 3995 4015 4059 4099 4106 4127 4138 4136 4134 4125 4121 4122 4132 4124 4123 4153 4166 4162 4177 4209 4234 4276 4319 4368 4434 4470 4525 4595 4633 4671 4703 4742 4770 4770 4778 4792 4792 4806 4843 4880
-9999 -9999 -9999 -9999 -9999 -9999 -9999 -9999 -9999 -9999 -9999 -9999 -9999 -9999 -9999 -9999 -9999 -9999 -9999 -9999 -9999 -9999 -9999 -9999 3194 3239 3285 3337 3388 3433 3484 3551 3636 3662 3691 3725 3754 3787 3821 3888 3936 3983 4000 4006 4021 4061 4104 4113 4127 4134 4111 4096 4115 4151 4173 4162 4166 4178 4192 4185 4208 4234 4263 4303 4356 4409 4462 4495 4554 4615 4654 4683 4712 4735 4759 4767 4786 4785 4812 4853 4849 4864
-9999 -9999 -9999 -9999 -9999 -9999 -9999 -9999 -9999 -9999 -9999 -9999 -9999 -9999 -9999 -9999 -9999 -9999 -9999 -9999 -9999 -9999 -9999 -9999 3082 3144 3221 3277 3315 3369 3412 3474 3543 3580 3614 3652 3694 3731 3797 3904 3929 3895 3913 3943 3940 4007 4084 4095 4118 4129 4100 4086 4129 4178 4196 4193 4189 4178 4186 4194 4228 4273 4307 4347 4390 4430 4473 4521 4565 4621 4664 4692 4717 4737 4754 4769 4779 4774 4802 4857 4841 4842
-9999 -9999 -9999 -9999 -9999 -9999 -9999 -9999 -9999 -9999 -9999 -9999 -9999 -9999 -9999 -9999 -9999 -9999 -9999 -9999 -9999 -9999 -9999 -9999 2983 3054 3132 3203 3241 3285 3336 3404 3453 3508 3554 3604 3652 3708 3793 3832 3841 3830 3838 3872 3900 3969 4036 4059 4104 4132 4096 4109 4150 4191 4220 4236 4224 4217 4223 4236 4289 4337 4360 4390 4437 4487 4538 4574 4630 4667 4691 4709 4731 4738 4756 4761 4768 4762 4766 4779 4799 4831
-9999 -9999 -9999 -9999 -9999 -9999 -9999 -9999 -9999 -9999 -9999 -9999 -9999 -9999 -9999 -9999 -9999 -9999 -9999 -9999 -9999 -9999 -9999 -9999 -9999 2993 3071 3138 3179 3204 3283 3353 3412 3472 3522 3571 3630 3724 3792 3763 3757 3778 3800 3826 3862 3927 4000 4043 4095 4090 4094 4130 4179 4229 4262 4277 4267 4264 4278 4300 4336 4389 4429 4467 4501 4561 4617 4641 4685 4704 4724 4726 4728 4735 4750 4753 4760 4751 4751 4767 4792 4829
-9999 -9999 -9999 -9999 -9999 -9999 -9999 -9999 -9999 -9999 -9999 -9999 -9999 -9999 -9999 -9999 -9999 -9999 -9999 -9999 -9999 -9999 -9999 -9999 -9999 -9999 3018 3071 3120 3148 3243 3313 3375 3437 3500 3566 3622 3684 3733 3737 3732 3740 3756 3784 3846 3908 3980 4043 4059 4095 4179 4245 4280 4317 4358 4382 4362 4343 4353 4369 4397 4439 4488 4538 4584 4623 4680 4708 4712 4723 4735 4737 4733 4734 4744 4749 4753 4750 4747 4770 4801 4815
-9999 -9999 -9999 -9999 -9999 -9999 -9999 -9999 -9999 -9999 -9999 -9999 -9999 -9999 -9999 -9999 -9999 -9999 -9999 -9999 -9999 -9999 -9999 -9999 -9999 -9999 -9999 3030 3086 3093 3171 3252 3326 3394 3486 3565 3637 3668 3692 3720 3726 3707 3719 3756 3834 3917 3992 4044 4065 4136 4248 4316 4366 4416 4460 4490 4498 4491 4471 4488 4499 4539 4578 4637 4674 4692 4725 4755 4751 4747 4747 4750 4750 4739 4748 4764 4748 4749 4753 4774 4792 4791
-9999 -9999 -9999 -9999 -9999 -9999 -9999 -9999 -9999 -9999 -9999 -9999 -9999 -9999 -9999 -9999 -9999 -9999 -9999 -9999 -9999 -9999 -9999 -9999 -9999 -9999 -9999 -9999 -9999 3060 3144 3224 3314 3393 3479 3533 3609 3653 3678 3701 3697 3694 3712 3762 3837 3905 3968 4042 4141 4227 4288 4351 4403 4459 4509 4547 4564 4580 4599 4627 4645 4674 4692 4719 4782 4798 4796 4799 4794 4788 4779 4763 4756 4752 4753 4758 4753 4750 4754 4764 4768 4776
-9999 -9999 -9999 -9999 -9999 -9999 -9999 -9999 -9999 -9999 -9999 -9999 -9999 -9999 -9999 -9999 -9999 -9999 -9999 -9999 -9999 -9999 -9999 -9999 -9999 -9999 -9999 -9999 -9999 -9999 3108 3191 3289 3398 3460 3516 3601 3637 3649 3665 3707 3752 3792 3849 3887 3926 4004 4106 4228 4304 4342 4395 4441 4492 4537 4582 4617 4640 4669 4714 4768 4798 4815 4837 4843 4854 4852 4847 4827 4807 4799 4783 4778 4770 4766 4768 4761 4755 4758 4737 4748 4750
-9999 -9999 -9999 -9999 -9999 -9999 -9999 -9999 -9999 -9999 -9999 -9999 -9999 -9999 -9999 -9999 -9999 -9999 -9999 -9999 -9999 -9999 -9999 -9999 -9999 -9999 -9999 -9999 -9999 -9999 -9999 3190 3269 3360 3440 3496 3578 3641 3639 3694 3763 3825 3888 3954 4014 4039 4085 4168 4272 4335 4381 4420 4453 4506 4565 4613 4667 4715 4752 4802 4858 4906 4912 4905 4883 4894 4885 4862 4839 4818 4808 4800 4805 4803 4793 4784 4775 4764 4748 4726 4728 4712
-9999 -9999 -9999 -9999 -9999 -9999 -9999 -9999 -9999 -9999 -9999 -9999 -9999 -9999 -9999 -9999 -9999 -9999 -9999 -9999 -9999 -9999 -9999 -9999 -9999 -9999 -9999 -9999 -9999 -9999 -9999 3290 3319 3376 3423 3491 3567 3624 3659 3734 3804 3860 3938 4019 4102 4160 4191 4226 4295 4352 4391 4423 4461 4513 4587 4664 4731 4814 4843 4879 4941 4981 4946 4912 4907 4917 4896 4856 4847 4849 4827 4820 4825 4826 4828 4816 4797 4775 4742 4718 4704 4677
-9999 -9999 -9999 -9999 -9999 -9999 -9999 -9999 -9999 -9999 -9999 -9999 -9999 -9999 -9999 -9999 -9999 -9999 -9999 -9999 -9999 -9999 -9999 -9999 -9999 -9999 -9999 -9999 -9999 -9999 -9999 -9999 3445 3511 3509 3529 3599 3649 3711 3784 3847 3908 4001 4093 4187 4244 4314 4337 4343 4372 4403 4443 4479 4534 4612 4701 4775 4866 4943 4964 5016 5003 4950 4959 4961 4940 4897 4856 4845 4846 4838 4840 4847 4852 4860 4846 4825 4790 4742 4698 4663 4641
-9999 -9999 -9999 -9999 -9999 -9999 -9999 -9999 -9999 -9999 -9999 -9999 -9999 -9999 -9999 -9999 -9999 -9999 -9999 -9999 -9999 -9999 -9999 -9999 -9999 -9999 -9999 -9999 -9999 -9999 -9999 -9999 -9999 3631 3645 3639 3657 3744 3836 3883 3908 3973 4087 4179 4260 4326 4394 4451 4448 4437 4463 4497 4532 4601 4710 4767 4834 4921 5016 5060 5047 4999 4969 4995 4974 4932 4872 4839 4828 4837 4838 4857 4881 4897 4896 4886 4861 4809 4741 4674 4619 4588
-9999 -9999 -9999 -9999 -9999 -9999 -9999 -9999 -9999 -9999 -9999 -9999 -9999 -9999 -9999 -9999 -9999 -9999 -9999 -9999 -9999 -9999 -9999 -9999 -9999 -9999 -9999 -9999 -9999 -9999 -9999 -9999 -9999 -9999 3734 3768 3792 3860 3951 3988 4000 4037 4153 4231 4340 4405 4462 4515 4529 4516 4549 4584 4624 4697 4794 4860 4928 4977 5055 5098 5073 5006 4986 4988 4951 4900 4835 4821 4814 4820 4838 4869 4908 4916 4946 4923 4877 4823 4733 4635 4569 4519
-9999 -9999 -9999 -9999 -9999 -9999 -9999 -9999 -9999 -9999 -9999 -9999 -9999 -9999 -9999 -9999 -9999 -9999 -9999 -9999 -9999 -9999 -9999 -9999 -9999 -9999 -9999 -9999 -9999 -9999 -9999 -9999 -9999 -9999 3773 3867 3901 3942 4032 4053 4055 4100 4183 4309 4385 4464 4522 4562 4580 4585 4631 4672 4705 4749 4812 4897 4972 5019 5049 5052 5068 5009 4991 4982 4904 4838 4810 4816 4800 4809 4835 4873 4893 4906 4949 4935 4883 4817 4726 4593 4500 4438
-9999 -9999 -9999 -9999 -9999 -9999 -9999 -9999 -9999 -9999 -9999 -9999 -9999 -9999 -9999 -9999 -9999 -9999 -9999 -9999 -9999 -9999 -9999 -9999 -9999 -9999 -9999 -9999 -9999 -9999 -9999 -9999 -9999 -9999 -9999 3833 3925 3973 3976 4053 4094 4138 4218 4336 4429 4498 4572 4606 4618 4636 4695 4764 4792 4822 4867 4926 5009 5047 5057 5049 5039 4991 4958 4919 4858 4809 4784 4791 4777 4788 4818 4842 4890 4906 4920 4901 4876 4796 4685 4530 4434 4357
-9999 -9999 -9999 -9999 -9999 -9999 -9999 -9999 -9999 -9999 -9999 -9999 -9999 -9999 -9999 -9999 -9999 -9999 -9999 -9999 -9999 -9999 -9999 -9999 -9999 -9999 -9999 -9999 -9999 -9999 -9999 -9999 -9999 -9999 -9999 3750 3851 3891 3901 3972 4074 4144 4231 4345 4411 4479 4569 4603 4633 4641 4711 4804 4853 4929 4952 4980 5029 5018 5058 5067 5063 4999 4928 4873 4814 4776 4780 4771 4763 4767 4789 4823 4866 4911 4922 4893 4817 4733 4627 4448 4349 4261
-9999 -9999 -9999 -9999 -9999 -9999 -9999 -9999 -9999 -9999 -9999 -9999 -9999 -9999 -9999 -9999 -9999 -9999 -9999 -9999 -9999 -9999 -9999 -9999 -9999 -9999 -9999 -9999 -9999 -9999 -9999 -9999 -9999 -9999 -9999 -9999 3773 3819 3830 3902 3982 4074 4211 4326 4388 4452 4522 4574 4582 4613 4689 4751 4853 4930 4977 4989 4959 4951 5010 5053 5055 5004 4949 4846 4778 4742 4733 4742 4730 4725 4738 4795 4842 4871 4878 4859 -9999 -9999 -9999 -9999 4233 4164
-9999 -9999 -9999 -9999 -9999 -9999 -9999 -9999 -9999 -9999 -9999 -9999 -9999 -9999 -9999 -9999 -9999 -9999 -9999 -9999 -9999 -9999 -9999 -9999 -9999 -9999 -9999 -9999 -9999 -9999 -9999 -9999 -9999 -9999 -9999 -9999 3720 3745 3760 3811 3919 4029 4180 4263 4353 4414 4473 4531 4543 4587 4661 4739 4805 4888 4941 4907 4909 4946 4991 5035 5020 4991 4909 4814 4741 4681 4660 4687 4681 4644 4645 4723 4780 4797 4801 -9999 -9999 -9999 -9999 -9999 -9999 -9999
-9999 -9999 -9999 -9999 -9999 -9999 -9999 -9999 -9999 -9999 -9999 -9999 -9999 -9999 -9999 -9999 -9999 -9999 -9999 -9999 -9999 -9999 -9999 -9999 -9999 -9999 -9999 -9999 -9999 -9999 -9999 -9999 -9999 -9999 -9999 -9999 -9999 3683 3706 3745 3848 3974 4102 4174 4315 4409 4442 4473 4511 4572 4641 4702 4744 4843 4855 4896 4911 4899 4908 4968 4925 4886 4835 4751 4685 4620 4591 4589 4607 4561 4589 4657 4688 4678 -9999 -9999 -9999 -9999 -9999 -9999 -9999 -9999
-9999 -9999 -9999 -9999 -9999 -9999 -9999 -9999 -9999 -9999 -9999 -9999 -9999 -9999 -9999 -9999 -9999 -9999 -9999 -9999 -9999 -9999 -9999 -9999 -9999 -9999 -9999 -9999 -9999 -9999 -9999 -9999 -9999 -9999 -9999 -9999 -9999 3648 3661 3705 3808 3903 4049 4120 4266 4361 4419 4421 4471 4542 4612 4642 4699 4735 4802 4856 4833 4824 4872 4878 4767 4771 4759 4683 4622 4563 4508 4469 4452 4455 4474 4533 4552 4545 -9999 -9999 -9999 -9999 -9999 -9999 -9999 -9999
-9999 -9999 -9999 -9999 -9999 -9999 -9999 -9999 -9999 -9999 -9999 -9999 -9999 -9999 -9999 -9999 -9999 -9999 -9999 -9999 -9999 -9999 -9999 -9999 -9999 -9999 -9999 -9999 -9999 -9999 -9999 -9999 -9999 -9999 -9999 -9999 -9999 -9999 3638 3681 3751 3847 3973 4099 4201 4327 4402 4402 4437 4514 4559 4579 4603 4649 4723 4777 4780 4761 4761 4726 4654 4649 4654 4642 4586 4507 4450 4390 4354 4344 4406 4391 4380 -9999 -9999 -9999 -9999 -9999 -9999 -9999 -9999 -9999
-9999 -9999 -9999 -9999 -9999 -9999 -9999 -9999 -9999 -9999 -9999 -9999 -9999 -9999 -9999 -9999 -9999 -9999 -9999 -9999 -9999 -9999 -9999 -9999 -9999 -9999 -9999 -9999 -9999 -9999 -9999 -9999 -9999 -9999 -9999 -9999 -9999 -9999 3664 3678 3731 3825 3966 4086 4161 4277 4360 4364 4415 4478 4512 4536 4585 4621 4648 4698 4697 4637 4611 4578 4550 4537 4549 4551 4550 4482 4403 4341 4282 4275 4295 4228 4205 -9999 -9999 -9999 -9999 -9999 -9999 -9999 -9999 -9999
-9999 -9999 -9999 -9999 -9999 -9999 -9999 -9999 -9999 -9999 -9999 -9999 -9999 -9999 -9999 -9999 -9999 -9999 -9999 -9999 -9999 -9999 -9999 -9999 -9999 -9999 -9999 -9999 -9999 -9999 -9999 -9999 -9999 -9999 -9999 -9999 -9999 -9999 -9999 3717 3756 3849 3991 4066 4134 4253 4328 4339 4380 4448 4501 4521 4515 4520 4547 4575 4574 4536 4498 4468 4445 4458 4456 4474 4515 4508 4400 4299 4231 4187 4159 4077 4028 -9999 -9999 -9999 -9999 -9999 -9999 -9999 -9999 -9999
-9999 -9999 -9999 -9999 -9999 -9999 -9999 -9999 -9999 -9999 -9999 -9999 -9999 -9999 -9999 -9999 -9999 -9999 -9999 -9999 -9999 -9999 -9999 -9999 -9999 -9999 -9999 -9999 -9999 -9999 -9999 -9999 -9999 -9999 -9999 -9999 -9999 -9999 -9999 3788 3829 3895 3972 4060 4108 4193 4293 4311 4327 4398 4457 4435 4427 4469 4524 4530 4500 4443 4422 4431 4432 4440 4448 4463 4518 4500 4359 4265 4202 4114 4047 3972 3896 -9999 -9999 -9999 -9999 -9999 -9999 -9999 -9999 -9999
-9999 -9999 -9999 -9999 -9999 -9999 -9999 -9999 -9999 -9999 -9999 -9999 -9999 -9999 -9999 -9999 -9999 -9999 -9999 -9999 -9999 -9999 -9999 -9999 -9999 -9999 -9999 -9999 -9999 -9999 -9999 -9999 -9999 -9999 -9999 -9999 -9999 -9999 -9999 -9999 3883 3927 3975 4038 -9999 4150 4244 4260 4252 4304 4341 4334 4367 4440 4460 4452 4438 4422 4416 4427 4456 4446 4451 4479 4553 4477 4348 4255 4163 4046 3954 3873 3792 -9999 -9999 -9999 -9999 -9999 -9999 -9999 -9999 -9999
-9999 -9999 -9999 -9999 -9999 -9999 -9999 -9999 -9999 -9999 -9999 -9999 -9999 -9999 -9999 -9999 -9999 -9999 -9999 -9999 -9999 -9999 -9999 -9999 -9999 -9999 -9999 -9999 -9999 -9999 -9999 -9999 -9999 -9999 -9999 -9999 -9999 -9999 -9999 -9999 3882 -9999 -9999 -9999 -9999 4118 4167 4194 4170 4208 4242 4270 4312 4380 4402 4431 4429 4404 4406 4412 4418 4398 4423 4460 4512 4432 4364 4293 4196 4042 3927 3828 3741 -9999 -9999 -9999 -9999 -9999 -9999 -9999 -9999 -9999
-9999 -9999 -9999 -9999 -9999 -9999 -9999 -9999 -9999 -9999 -9999 -9999 -9999 -9999 -9999 -9999 -9999 -9999 -9999 -9999 -9999 -9999 -9999 -9999 -9999 -9999 -9999 -9999 -9999 -9999 -9999 -9999 -9999 -9999 -9999 -9999 -9999 -9999 -9999 -9999 -9999 -9999 -9999 -9999 -9999 -9999 4073 4088 4088 4131 4179 4223 4266 4287 4334 4379 4388 4364 4327 4315 4352 4339 4364 4386 4430 4433 4365 4305 4239 4169 4025 3925 -9999 -9999 -9999 -9999 -9999 -9999 -9999 -9999 -9999 -9999
-9999 -9999 -9999 -9999 -9999 -9999 -9999 -9999 -9999 -9999 -9999 -9999 -9999 -9999 -9999 -9999 -9999 -9999 -9999 -9999 -9999 -9999 -9999 -9999 -9999 -9999 -9999 -9999 -9999 -9999 -9999 -9999 -9999 -9999 -9999 -9999 -9999 -9999 -9999 -9999 -9999 -9999 -9999 -9999 -9999 -9999 3971 3978 4007 4072 4147 4179 4161 4183 4209 4213 4239 4202 4176 4221 4307 4287 4283 4317 4375 4433 4393 4351 4307 4270 4163 4093 4008 -9999 -9999 -9999 -9999 -9999 -9999 -9999 -9999 -9999
-9999 -9999 -9999 -9999 -9999 -9999 -9999 -9999 -9999 -9999 -9999 -9999 -9999 -9999 -9999 -9999 -9999 -9999 -9999 -9999 -9999 -9999 -9999 -9999 -9999 -9999 -9999 -9999 -9999 -9999 -9999 -9999 -9999 -9999 -9999 -9999 -9999 -9999 -9999 -9999 -9999 -9999 -9999 -9999 -9999 -9999 3848 3891 3944 3992 4055 4055 4064 4084 4072 4075 4075 4070 4103 4167 4254 4241 4215 4248 4328 4378 4395 4396 4389 4325 4288 4208 4104 -9999 -9999 -9999 -9999 -9999 -9999 -9999 -9999 -9999
-9999 -9999 -9999 -9999 -9999 -9999 -9999 -9999 -9999 -9999 -9999 -9999 -9999 -9999 -9999 -9999 -9999 -9999 -9999 -9999 -9999 -9999 -9999 -9999 -9999 -9999 -9999 -9999 -9999 -9999 -9999 -9999 -9999 -9999 -9999 -9999 -9999 -9999 -9999 -9999 -9999 -9999 -9999 -9999 -9999 -9999 3776 3849 3908 3935 3937 3930 3952 3957 3961 3953 3976 3976 3997 4045 4140 4190 4149 4160 4194 4229 4297 4350 4357 4349 4377 4309 4238 -9999 -9999 -9999 -9999 -9999 -9999 -9999 -9999 -9999
-9999 -9999 -9999 -9999 -9999 -9999 -9999 -9999 -9999 -9999 -9999 -9999 -9999 -9999 -9999 -9999 -9999 -9999 -9999 -9999 -9999 -9999 -9999 -9999 -9999 -9999 -9999 -9999 -9999 -9999 -9999 -9999 -9999 -9999 -9999 -9999 -9999 -9999 -9999 -9999 -9999 -9999 -9999 -9999 -9999 -9999 3748 3789 3815 3823 3819 3843 3840 3845 3853 3904 3931 3949 3966 4030 4119 4137 4071 4026 4057 4072 4190 4274 4337 4369 4366 4383 4336 -9999 -9999 -9999 -9999 -9999 -9999 -9999 -9999 -9999
-9999 -9999 -9999 -9999 -9999 -9999 -9999 -9999 -9999 -9999 -9999 -9999 -9999 -9999 -9999 -9999 -9999 -9999 -9999 -9999 -9999 -9999 -9999 -9999 -9999 -9999 -9999 -9999 -9999 -9999 -9999 -9999 -9999 -9999 -9999 -9999 -9999 -9999 -9999 -9999 -9999 -9999 -9999 -9999 -9999 -9999 3657 3676 3707 3748 3751 3757 3767 3780 3808 3858 3889 3940 3990 4047 4053 4087 4021 3929 3919 3987 4047 4130 4265 4299 4313 4330 4314 4257 -9999 -9999 -9999 -9999 -9999 -9999 -9999 -9999
