Capas/PRESENTE/Eje_30s/ASC/bio_14.asc
ncols         993
nrows         433
xllcorner     -105.25566776747
yllcorner     17.599810932142
cellsize      0.0083333333
NODATA_value  -9999
[rows 246 to 286 of 433, columns 752 to 845 of 993]
73 73 73 73 73 73 73 73 72 72 71 70 69 68 66 66 66 68 71 73 77 79 82 85 87 89 91 94 96 99 102 104 107 108 108 108 107 106 105 103 102 102 103 101 99 97 94 94 93 90 88 84 81 77 74 70 68 66 64 62 61 60 59 57 56 55 54 54 53 52 51 51 50 50 50 49 49 48 48 47 47 47 47 47 47 46 46 46 46 45 45 45 45 46
76 76 75 75 75 75 74 74 73 73 72 71 70 69 68 67 68 69 71 73 76 79 81 84 86 88 91 93 95 98 101 104 106 107 108 108 107 106 105 103 101 100 102 101 98 96 95 94 92 90 87 84 80 77 73 70 67 65 63 61 60 59 58 57 56 56 55 54 53 52 52 51 50 50 49 49 48 48 48 48 47 47 47 47 47 47 46 46 46 45 45 45 45 45
80 79 77 77 76 76 76 75 75 74 73 73 72 71 70 69 69 70 71 73 76 78 80 83 86 88 91 93 95 98 101 103 105 106 107 107 106 105 104 102 101 100 99 99 97 96 96 95 92 89 86 83 80 76 72 69 67 64 63 61 60 59 58 57 56 55 55 54 53 52 51 51 50 50 49 49 48 48 48 48 47 47 47 47 47 47 46 46 46 45 45 45 44 45
82 81 80 79 79 78 77 76 76 75 74 73 73 72 71 70 71 71 72 73 76 78 81 84 86 89 91 93 95 97 99 102 104 105 105 105 104 103 102 102 101 100 98 98 96 95 95 93 91 88 86 82 79 75 72 69 66 64 62 61 60 59 58 57 56 55 54 53 53 52 51 51 50 50 49 49 49 48 48 48 47 47 47 47 47 47 46 46 46 45 45 44 44 44
84 84 82 81 80 80 79 78 77 76 75 74 74 73 73 72 72 72 73 75 77 80 83 85 87 89 91 93 95 97 99 101 103 104 105 106 106 104 103 102 101 99 97 97 97 95 94 93 91 88 85 82 78 74 71 68 65 63 62 60 59 58 57 56 56 55 54 53 52 52 51 51 50 50 49 49 49 48 48 47 47 47 47 47 47 47 46 46 46 45 44 44 44 44
85 85 84 83 82 81 80 79 78 77 76 76 75 75 75 74 74 74 75 77 79 81 84 86 88 90 92 94 95 97 99 100 102 103 104 105 104 104 104 101 100 99 97 96 96 95 94 92 90 87 84 81 77 73 70 67 65 63 61 60 59 58 57 56 55 54 54 53 52 52 51 51 50 50 49 49 49 48 48 47 47 47 47 47 47 46 46 45 45 44 44 44 44 44
87 87 86 84 83 82 81 80 80 79 78 77 76 76 76 76 76 77 77 79 81 83 85 87 89 91 93 94 95 97 98 99 101 102 102 101 101 101 100 99 99 97 96 95 95 94 94 91 89 87 84 80 76 73 69 66 64 62 60 59 58 57 56 56 55 54 54 53 52 52 51 51 50 50 49 49 48 48 47 47 47 47 46 46 46 46 45 45 44 44 43 43 43 44
87 87 86 85 84 83 82 81 81 80 79 78 78 77 78 78 79 79 79 80 82 84 87 88 90 91 93 95 96 97 98 99 100 100 100 100 100 99 98 98 97 96 95 94 94 93 92 90 88 86 83 79 75 71 68 66 63 61 60 59 58 57 56 55 55 54 53 53 52 52 51 50 50 50 49 49 48 48 47 47 47 46 46 46 46 45 45 44 44 43 43 43 43 43
87 87 86 85 85 84 83 82 81 80 80 79 79 78 79 79 80 80 80 82 84 86 88 89 91 92 93 95 96 97 98 98 99 99 99 98 98 97 97 96 95 94 94 93 92 91 90 89 87 85 82 79 75 71 68 65 63 61 59 58 57 56 56 55 54 54 53 53 52 51 51 50 50 49 49 48 48 48 47 47 46 46 46 45 45 45 44 44 43 43 42 42 42 43
86 86 86 85 85 85 83 82 81 80 80 80 79 79 79 80 80 81 81 83 84 86 88 89 91 92 93 95 96 97 97 98 98 98 98 97 97 97 96 94 94 93 92 92 91 90 89 88 86 84 81 78 75 71 68 65 63 60 59 58 56 56 55 55 54 53 53 52 51 51 50 50 49 49 48 48 48 48 47 46 46 46 45 45 45 44 44 43 43 43 42 42 42 42
85 85 85 85 84 83 82 81 81 80 81 80 80 80 80 81 81 82 82 83 84 86 88 89 90 92 93 94 95 96 97 97 97 97 96 96 95 95 94 93 92 91 91 90 90 89 88 86 85 83 80 77 74 71 68 65 63 60 59 57 56 56 55 54 54 53 52 51 51 50 50 50 49 48 48 48 47 47 47 46 45 45 45 44 44 44 43 43 42 42 42 42 42 42
84 84 84 83 83 82 81 80 80 79 80 80 80 80 80 81 81 82 83 83 84 86 87 88 90 91 93 94 95 95 96 96 96 96 95 94 92 91 90 89 90 90 89 88 87 87 87 85 84 82 79 77 74 71 68 65 63 60 59 57 56 55 55 54 54 53 52 51 50 50 49 49 48 48 47 47 46 46 46 45 45 45 44 44 43 43 43 42 42 42 41 42 42 42
83 82 82 82 81 80 80 79 79 78 79 79 80 80 80 81 81 82 83 83 84 85 87 88 90 91 92 93 94 95 95 95 95 95 94 93 91 90 89 87 86 86 86 86 85 85 85 85 83 81 79 77 74 71 68 65 62 60 59 57 56 56 55 54 53 52 52 51 50 49 49 48 47 47 46 46 46 45 45 45 44 44 44 43 43 43 42 42 42 41 41 41 41 41
81 80 80 79 79 78 78 78 77 77 77 79 80 79 80 81 81 82 83 83 84 85 86 88 89 91 92 93 93 94 94 94 94 94 92 91 90 89 88 87 85 83 84 84 84 84 84 83 82 80 78 76 73 71 67 64 62 60 59 57 56 56 55 54 53 52 52 51 50 49 48 47 46 46 45 45 45 45 44 44 44 44 43 43 42 42 42 42 41 41 41 41 41 41
78 78 77 77 77 76 76 76 75 75 76 77 78 79 80 81 81 82 82 83 84 85 86 88 89 90 91 92 93 93 93 93 93 92 92 90 88 86 86 85 84 83 83 84 84 83 83 82 81 79 78 75 73 70 67 64 62 60 58 57 56 55 55 54 53 52 51 50 49 48 47 46 46 45 45 44 44 44 44 43 43 43 43 42 42 42 42 41 41 41 40 40 40 40
75 75 75 74 74 74 74 74 73 74 74 75 77 79 80 81 81 81 82 83 84 86 87 88 89 90 91 92 92 93 92 92 91 90 90 89 87 85 84 82 82 82 83 85 85 83 81 80 79 79 77 74 72 69 66 64 61 59 58 57 55 55 54 53 53 52 51 50 49 48 47 46 45 45 44 44 43 43 43 43 43 43 42 42 42 42 41 41 40 40 40 40 40 40
72 72 72 72 72 72 72 71 71 72 73 74 76 78 79 80 81 81 82 83 84 85 87 88 89 90 90 91 91 92 91 91 90 89 88 87 84 83 81 80 80 81 82 85 84 82 80 79 78 77 76 74 71 69 66 63 61 59 57 56 55 54 53 53 52 51 51 50 48 47 46 45 44 44 44 43 43 43 42 42 42 42 42 42 41 41 41 40 40 40 40 40 39 40
69 69 69 69 70 70 70 69 69 70 71 73 75 77 78 79 80 80 81 83 84 85 86 87 89 89 90 90 90 90 90 90 89 87 86 84 82 80 79 78 78 79 80 81 80 79 78 77 76 76 75 73 70 68 65 63 60 58 56 55 54 53 52 52 51 50 49 49 47 46 45 44 44 43 43 43 42 42 42 42 42 42 42 41 41 41 40 40 40 39 39 39 39 39
66 66 67 67 67 67 68 68 68 68 69 71 73 75 77 78 79 80 81 82 83 85 86 87 88 89 89 90 90 90 89 88 87 86 84 82 80 79 78 77 76 76 77 77 77 76 76 76 75 74 73 71 69 66 64 61 59 57 55 54 53 52 51 50 49 49 48 47 46 46 45 44 43 43 42 42 42 42 42 42 41 41 41 41 41 40 40 40 39 39 39 39 39 39
64 64 64 65 65 66 66 66 66 67 68 70 72 73 75 77 77 79 80 82 83 84 85 86 87 88 89 89 89 89 88 87 86 84 82 81 79 77 76 75 74 74 74 74 74 74 74 74 73 73 71 70 67 65 62 59 57 55 54 53 51 50 50 49 48 47 47 46 45 45 44 43 42 42 42 41 41 41 41 41 41 41 41 40 40 40 39 39 39 39 39 39 39 39
62 62 62 63 64 64 65 65 65 66 67 69 70 71 73 75 76 78 79 81 82 84 85 86 87 88 89 89 88 88 87 86 85 83 81 79 77 75 74 73 72 72 72 72 72 73 73 72 72 71 70 68 66 63 60 58 56 54 53 51 50 49 48 47 46 46 45 44 44 43 43 42 41 41 41 41 41 41 41 41 41 41 40 40 40 39 39 39 39 39 39 39 39 39
61 61 61 62 63 63 64 64 65 65 66 68 69 70 71 73 75 77 78 80 82 84 84 86 87 88 88 88 88 87 86 85 84 82 79 77 75 73 72 71 71 70 70 70 70 70 71 71 70 69 68 66 64 61 59 56 54 52 51 49 48 47 46 46 45 45 44 43 43 42 42 41 40 40 40 40 40 40 40 40 40 40 40 40 39 39 39 39 39 39 38 38 38 38
-9999 -9999 -9999 -9999 -9999 -9999 -9999 -9999 -9999 -9999 -9999 -9999 67 68 70 71 73 75 78 80 82 83 85 86 87 87 87 87 87 86 85 84 82 80 77 75 74 72 71 70 70 69 69 69 69 69 69 69 68 67 66 64 62 59 57 55 52 51 49 48 47 46 45 44 44 43 43 42 42 41 41 40 40 39 39 39 39 40 40 40 40 40 40 39 39 39 39 39 38 38 38 38 38 38
-9999 -9999 -9999 -9999 -9999 -9999 -9999 -9999 -9999 -9999 -9999 -9999 -9999 -9999 -9999 70 73 75 78 80 81 83 84 85 86 87 86 86 85 84 83 82 80 78 76 74 73 71 70 69 69 68 68 68 68 67 67 67 66 65 63 61 59 57 55 53 51 49 47 46 45 44 43 43 42 42 42 41 41 40 40 39 39 38 38 38 38 39 39 39 39 39 39 39 39 38 38 38 38 38 38 38 38 38
-9999 -9999 -9999 -9999 -9999 -9999 -9999 -9999 -9999 -9999 -9999 -9999 -9999 -9999 -9999 -9999 -9999 75 77 79 80 82 83 84 85 85 85 84 84 83 81 80 78 76 74 73 72 70 68 68 68 67 67 66 66 66 65 65 64 62 61 59 57 55 53 51 49 47 46 45 44 43 42 42 41 41 40 40 40 39 39 38 38 38 37 37 37 37 38 39 39 39 39 38 38 38 38 38 38 38 38 38 37 37
-9999 -9999 -9999 -9999 -9999 -9999 -9999 -9999 -9999 -9999 -9999 -9999 -9999 -9999 -9999 -9999 -9999 -9999 -9999 78 80 81 82 83 83 83 83 83 82 81 80 78 77 75 73 72 70 68 67 67 67 66 65 64 64 64 63 62 61 60 58 56 54 53 51 49 47 46 45 44 43 42 41 41 40 40 -9999 39 39 39 38 38 37 37 37 36 36 36 37 38 38 38 38 38 38 38 38 38 38 38 38 37 37 37
-9999 -9999 -9999 -9999 -9999 -9999 -9999 -9999 -9999 -9999 -9999 -9999 -9999 -9999 -9999 -9999 -9999 -9999 -9999 -9999 79 80 81 81 81 82 82 81 80 79 78 77 76 74 73 71 69 67 66 66 66 65 64 63 62 62 61 60 59 57 56 54 52 50 49 47 46 44 43 43 42 41 40 40 39 -9999 -9999 -9999 -9999 -9999 -9999 37 37 36 36 36 35 36 37 37 37 38 38 38 38 38 38 38 38 38 37 37 37 37
-9999 -9999 -9999 -9999 -9999 -9999 -9999 -9999 -9999 -9999 -9999 -9999 -9999 -9999 -9999 -9999 -9999 -9999 -9999 -9999 -9999 79 79 79 80 80 80 80 79 78 76 75 74 73 70 69 68 66 65 65 64 63 62 61 60 60 59 58 56 55 53 52 50 48 47 46 44 43 42 42 41 40 40 39 -9999 -9999 -9999 -9999 -9999 -9999 -9999 -9999 36 36 35 35 35 35 36 37 37 37 37 38 38 38 38 38 38 38 38 38 38 38
-9999 -9999 -9999 -9999 -9999 -9999 -9999 -9999 -9999 -9999 -9999 -9999 -9999 -9999 -9999 -9999 -9999 -9999 -9999 -9999 -9999 -9999 78 78 78 78 78 78 77 76 74 73 71 70 68 67 65 64 65 64 62 61 61 59 58 58 56 55 54 53 51 50 48 47 45 44 43 42 41 41 40 40 39 -9999 -9999 -9999 -9999 -9999 -9999 -9999 -9999 -9999 -9999 35 35 35 35 35 36 36 36 37 37 38 38 38 38 38 38 39 39 39 38 38
-9999 -9999 -9999 -9999 -9999 -9999 -9999 -9999 -9999 -9999 -9999 -9999 -9999 -9999 -9999 -9999 -9999 -9999 -9999 -9999 -9999 -9999 -9999 76 76 77 76 76 75 73 72 70 69 68 66 64 64 63 63 62 61 60 58 57 56 56 54 53 52 51 49 48 46 45 44 43 42 41 41 40 40 39 -9999 -9999 -9999 -9999 -9999 -9999 -9999 -9999 -9999 -9999 -9999 35 35 34 35 36 36 36 36 37 37 37 37 38 38 39 39 39 39 39 39 38
-9999 -9999 -9999 -9999 -9999 -9999 -9999 -9999 -9999 -9999 -9999 -9999 -9999 -9999 -9999 -9999 -9999 -9999 -9999 -9999 -9999 -9999 -9999 74 74 74 74 73 72 71 70 68 67 65 64 63 63 62 61 60 59 58 57 56 55 54 53 51 50 49 48 47 45 44 43 42 41 41 40 40 39 -9999 -9999 -9999 -9999 -9999 -9999 -9999 -9999 -9999 -9999 -9999 -9999 35 34 34 35 35 36 36 36 36 36 37 37 38 38 39 39 39 39 39 39 39
-9999 -9999 -9999 -9999 -9999 -9999 -9999 -9999 -9999 -9999 -9999 -9999 -9999 -9999 -9999 -9999 -9999 -9999 -9999 -9999 -9999 -9999 -9999 -9999 72 72 71 71 70 69 67 66 65 63 62 62 61 60 59 59 57 57 56 54 53 52 51 50 48 47 46 45 44 43 42 41 41 40 40 39 39 -9999 -9999 -9999 -9999 -9999 -9999 -9999 -9999 -9999 -9999 -9999 -9999 -9999 34 34 34 35 35 35 35 35 36 36 37 38 38 39 39 40 40 39 39 39
-9999 -9999 -9999 -9999 -9999 -9999 -9999 -9999 -9999 -9999 -9999 -9999 -9999 -9999 -9999 -9999 -9999 -9999 -9999 -9999 -9999 -9999 -9999 -9999 -9999 69 69 68 67 66 65 64 63 61 60 60 59 58 57 57 56 55 54 53 51 50 49 48 47 46 45 44 43 42 42 41 40 40 39 39 -9999 -9999 -9999 -9999 -9999 -9999 -9999 -9999 -9999 -9999 -9999 -9999 -9999 -9999 34 34 34 34 34 34 34 35 35 36 37 37 38 39 40 40 40 40 40 40
-9999 -9999 -9999 -9999 -9999 -9999 -9999 -9999 -9999 -9999 -9999 -9999 -9999 -9999 -9999 -9999 -9999 -9999 -9999 -9999 -9999 -9999 -9999 -9999 -9999 -9999 67 66 65 64 63 62 61 60 59 58 57 56 56 55 54 53 52 51 50 49 48 47 46 45 44 43 43 42 41 41 40 40 39 -9999 -9999 -9999 -9999 -9999 -9999 -9999 -9999 -9999 -9999 -9999 -9999 -9999 -9999 -9999 34 34 34 34 34 33 34 34 35 36 37 37 38 39 39 40 40 40 40 40
-9999 -9999 -9999 -9999 -9999 -9999 -9999 -9999 -9999 -9999 -9999 -9999 -9999 -9999 -9999 -9999 -9999 -9999 -9999 -9999 -9999 -9999 -9999 -9999 -9999 -9999 65 64 64 62 62 60 59 58 57 57 55 55 54 53 52 51 50 50 49 48 47 46 46 45 44 43 42 41 41 40 40 39 -9999 -9999 -9999 -9999 -9999 -9999 -9999 -9999 -9999 -9999 -9999 -9999 -9999 -9999 -9999 -9999 -9999 34 34 34 34 33 33 34 34 35 36 37 37 38 39 39 39 40 40 39
-9999 -9999 -9999 -9999 -9999 -9999 -9999 -9999 -9999 -9999 -9999 -9999 -9999 -9999 -9999 -9999 -9999 -9999 -9999 -9999 -9999 -9999 -9999 -9999 -9999 -9999 -9999 63 62 61 61 59 57 57 56 55 54 53 52 51 50 50 49 48 48 47 46 45 45 44 43 43 42 41 40 40 39 -9999 -9999 -9999 -9999 -9999 -9999 -9999 -9999 -9999 -9999 -9999 -9999 -9999 -9999 -9999 -9999 -9999 -9999 34 34 34 33 33 33 34 34 35 36 36 37 37 38 38 39 39 39 39
-9999 -9999 -9999 -9999 -9999 -9999 -9999 -9999 -9999 -9999 -9999 -9999 -9999 -9999 -9999 -9999 -9999 -9999 -9999 -9999 -9999 -9999 -9999 -9999 -9999 -9999 -9999 61 60 60 59 57 56 55 54 53 52 51 50 50 49 48 48 47 47 46 46 45 44 43 43 42 41 40 40 39 -9999 -9999 -9999 -9999 -9999 -9999 -9999 -9999 -9999 -9999 -9999 -9999 -9999 -9999 -9999 -9999 -9999 -9999 -9999 35 34 33 33 33 33 33 34 35 35 35 36 36 37 37 38 38 38 38
-9999 -9999 -9999 -9999 -9999 -9999 -9999 -9999 -9999 -9999 -9999 -9999 -9999 -9999 -9999 -9999 -9999 -9999 -9999 -9999 -9999 -9999 -9999 -9999 -9999 -9999 -9999 -9999 -9999 58 57 56 55 54 53 51 50 50 49 48 48 47 47 47 46 46 45 44 43 43 -9999 -9999 -9999 -9999 -9999 -9999 -9999 -9999 -9999 -9999 -9999 -9999 -9999 -9999 -9999 -9999 -9999 -9999 -9999 -9999 -9999 -9999 -9999 -9999 -9999 35 34 33 33 33 33 33 33 34 34 35 35 35 36 36 37 37 37 37
-9999 -9999 -9999 -9999 -9999 -9999 -9999 -9999 -9999 -9999 -9999 -9999 -9999 -9999 -9999 -9999 -9999 -9999 -9999 -9999 -9999 -9999 -9999 -9999 -9999 -9999 -9999 -9999 -9999 -9999 -9999 54 54 52 51 50 49 48 48 47 47 46 46 46 45 45 44 44 43 42 -9999 -9999 -9999 -9999 -9999 -9999 -9999 -9999 -9999 -9999 -9999 -9999 -9999 -9999 -9999 -9999 -9999 -9999 -9999 -9999 -9999 -9999 -9999 -9999 -9999 -9999 34 33 33 33 33 33 33 34 34 34 34 35 35 36 36 36 36 36
-9999 -9999 -9999 -9999 -9999 -9999 -9999 -9999 -9999 -9999 -9999 -9999 -9999 -9999 -9999 -9999 -9999 -9999 -9999 -9999 -9999 -9999 -9999 -9999 -9999 -9999 -9999 -9999 -9999 -9999 -9999 -9999 -9999 51 50 49 48 47 47 46 46 45 45 45 45 44 44 43 42 41 -9999 -9999 -9999 -9999 -9999 -9999 -9999 -9999 -9999 -9999 -9999 -9999 -9999 -9999 -9999 -9999 -9999 -9999 -9999 -9999 -9999 -9999 -9999 -9999 -9999 -9999 33 33 33 33 33 33 33 33 33 33 34 34 34 35 35 36 36 36
-9999 -9999 -9999 -9999 -9999 -9999 -9999 -9999 -9999 -9999 -9999 -9999 -9999 -9999 -9999 -9999 -9999 -9999 -9999 -9999 -9999 -9999 -9999 -9999 -9999 -9999 -9999 -9999 -9999 -9999 -9999 -9999 -9999 -9999 -9999 -9999 47 47 46 46 45 45 44 44 44 44 44 43 42 -9999 -9999 -9999 -9999 -9999 -9999 -9999 -9999 -9999 -9999 -9999 -9999 -9999 -9999 -9999 -9999 -9999 -9999 -9999 -9999 -9999 -9999 -9999 -9999 -9999 -9999 -9999 -9999 33 32 32 32 33 33 33 33 33 33 34 34 34 35 35 35 36
