Capas/PRESENTE/Eje_30s/ASC/bio_11.asc
ncols         993
nrows         433
xllcorner     -105.25566776747
yllcorner     17.599810932142
cellsize      0.0083333333
NODATA_value  -9999
[rows 144 to 179 of 433, columns 574 to 655 of 993]
2876 2877 2878 2876 2873 2872 2870 2866 2863 2857 2848 2841 2840 2841 2839 2840 2839 2839 2844 2848 2853 2853 2854 2856 2854 2849 2848 2854 2857 2857 2857 2857 2856 2855 2853 2852 2850 2847 2837 2843 2842 2841 2843 2846 2849 2851 2854 2855 2854 2853 2850 2847 2844 2841 2839 2835 2829 2827 2817 2810 2816 2823 2826 2828 2830 2831 2832 2832 2833 2835 2837 2838 2834 2832 2827 2829 2832 2835 2835 2836 2836 2836
2874 2875 2877 2874 2872 2868 2866 2863 2857 2854 2848 2841 2839 2839 2837 2837 2839 2840 2845 2851 2855 2855 2855 2856 2855 2856 2858 2858 2856 2856 2856 2855 2853 2850 2851 2850 2848 2844 2832 2834 2833 2833 2835 2838 2845 2849 2852 2854 2854 2854 2854 2853 2851 2849 2847 2842 2834 2828 2821 2818 2821 2823 2822 2825 2825 2826 2832 2833 2833 2831 2830 2835 2836 2832 2829 2830 2831 2831 2831 2833 2834 2835
2874 2875 2876 2875 2871 2868 2863 2860 2858 2850 2849 2846 2843 2838 2837 2837 2843 2849 2853 2856 2858 2857 2857 2858 2857 2857 2859 2856 2856 2856 2855 2854 2851 2847 2847 2847 2846 2843 2836 2827 2823 2826 2824 2833 2839 2846 2852 2853 2854 2854 2854 2854 2854 2854 2853 2852 2849 2842 2834 2830 2824 2821 2817 2821 2823 2824 2827 2830 2830 2827 2825 2830 2834 2833 2832 2831 2828 2826 2820 2828 2832 2834
2874 2874 2875 2876 2873 2871 2867 2863 2858 2856 2854 2854 2850 2841 2841 2843 2844 2848 2855 2857 2859 2859 2859 2860 2860 2858 2862 2860 2859 2857 2851 2853 2851 2848 2850 2849 2847 2843 2837 2826 2816 2818 2816 2823 2831 2841 2849 2851 2853 2853 2854 2854 2854 2854 2854 2854 2853 2850 2844 2841 2837 2833 2832 2826 2825 2826 2828 2832 2838 2836 2838 2836 2833 2830 2830 2829 2824 2820 2815 2825 2830 2833
2875 2875 2876 2874 2872 2870 2868 2866 2864 2862 2861 2857 2851 2847 2847 2849 2850 2853 2856 2858 2859 2861 2862 2863 2861 2861 2862 2859 2857 2856 2849 2853 2854 2851 2848 2846 2845 2842 2837 2828 2818 2815 2820 2823 2832 2843 2846 2850 2852 2853 2854 2854 2854 2854 2854 2854 2853 2853 2851 2849 2847 2844 2842 2841 2840 2839 2840 2842 2842 2839 2842 2844 2841 2837 2833 2832 2829 2828 2825 2822 2827 2829
2874 2875 2876 2875 2873 2872 2871 2870 2869 2866 2860 2856 2851 2851 2852 2854 2854 2856 2857 2859 2859 2863 2866 2867 2866 2864 2861 2856 2854 2855 2854 2855 2853 2851 2846 2845 2845 2845 2841 2836 2828 2823 2820 2828 2838 2845 2849 2851 2852 2854 2854 2854 2854 2854 2854 2853 2853 2852 2851 2849 2847 2845 2844 2844 2843 2844 2844 2844 2844 2843 2844 2845 2845 2844 2843 2842 2839 2835 2830 2827 2826 2825
2874 2875 2875 2875 2875 2874 2870 2870 2868 2866 2861 2857 2856 2854 2855 2858 2860 2862 2863 2864 2865 2867 2868 2867 2865 2863 2859 2858 2856 2856 2857 2857 2856 2855 2854 2850 2849 2848 2846 2842 2837 2832 2827 2836 2843 2846 2849 2850 2853 2854 2853 2853 2854 2854 2853 2853 2852 2850 2847 2844 2842 2841 2842 2842 2842 2843 2845 2845 2845 2845 2845 2846 2845 2845 2845 2844 2841 2834 2833 2835 2835 2836
2871 2871 2871 2870 2870 2872 2870 2868 2868 2866 2862 2864 2861 2851 2855 2862 2864 2865 2865 2866 2867 2867 2867 2866 2865 2863 2858 2859 2857 2856 2857 2858 2857 2857 2856 2854 2852 2850 2848 2844 2844 2843 2841 2839 2840 2844 2849 2851 2852 2850 2849 2849 2853 2853 2853 2853 2852 2849 2844 2839 2834 2834 2836 2839 2838 2840 2842 2844 2846 2846 2846 2846 2846 2845 2845 2845 2843 2837 2832 2831 2834 2838
2868 2868 2869 2869 2869 2870 2871 2871 2870 2870 2868 2867 2864 2860 2860 2860 2861 2865 2866 2866 2868 2868 2866 2865 2865 2864 2862 2860 2858 2857 2858 2858 2857 2856 2856 2855 2853 2852 2851 2849 2848 2846 2842 2839 2840 2843 2844 2847 2847 2843 2844 2850 2852 2853 2853 2853 2852 2846 2839 2833 2827 2826 2830 2834 2832 2834 2840 2845 2846 2846 2846 2846 2846 2846 2845 2845 2843 2834 2835 2832 2829 2835
2868 2870 2870 2870 2870 2871 2872 2872 2871 2870 2870 2869 2868 2868 2865 2863 2865 2868 2868 2868 2870 2869 2867 2866 2866 2865 2863 2861 2859 2859 2858 2856 2857 2857 2856 2856 2855 2854 2854 2853 2852 2851 2844 2842 2844 2846 2848 2849 2845 2844 2845 2850 2851 2852 2853 2853 2851 2842 2835 2827 2821 2824 2830 2831 2830 2831 2837 2843 2845 2845 2846 2845 2846 2845 2845 2845 2843 2839 2839 2838 2838 2839
2867 2869 2870 2871 2871 2871 2872 2872 2872 2872 2872 2872 2871 2871 2870 2863 2858 2867 2871 2870 2869 2868 2867 2867 2866 2865 2863 2862 2861 2860 2858 2857 2857 2858 2857 2857 2856 2856 2855 2854 2854 2853 2851 2849 2849 2849 2850 2849 2845 2841 2843 2847 2849 2850 2853 2853 2852 2849 2842 2831 2828 2827 2826 2825 2829 2832 2837 2840 2843 2845 2845 2845 2845 2845 2845 2845 2842 2839 2836 2837 2837 2836
2869 2869 2870 2871 2871 2870 2871 2872 2872 2872 2872 2872 2872 2871 2871 2866 2857 2865 2871 2871 2869 2868 2867 2866 2865 2863 2862 2862 2861 2860 2860 2859 2858 2856 2857 2857 2857 2857 2857 2856 2856 2854 2854 2852 2850 2850 2850 2849 2848 2842 2842 2840 2842 2848 2853 2852 2851 2849 2844 2836 2835 2833 2829 2825 2826 2828 2835 2841 2843 2843 2845 2845 2845 2845 2845 2845 2838 2839 2836 2832 2835 2836
2870 2870 2871 2871 2871 2871 2872 2872 2872 2872 2871 2871 2872 2872 2872 2870 2868 2871 2871 2871 2869 2869 2867 2866 2865 2864 2863 2861 2861 2861 2861 2859 2856 2853 2854 2856 2857 2857 2858 2857 2857 2856 2853 2850 2850 2850 2849 2848 2849 2845 2840 2835 2833 2839 2849 2844 2847 2844 2841 2837 2833 2835 2833 2828 2825 2827 2834 2841 2843 2845 2845 2845 2845 2845 2844 2842 2836 2837 2832 2829 2830 2834
2869 2870 2870 2871 2872 2872 2872 2872 2872 2872 2872 2872 2871 2871 2871 2871 2871 2871 2871 2871 2870 2870 2868 2867 2865 2864 2863 2862 2862 2862 2860 2858 2855 2850 2850 2854 2857 2858 2857 2857 2857 2855 2846 2845 2847 2850 2848 2848 2848 2839 2836 2832 2833 2841 2848 2842 2842 2835 2828 2827 2830 2834 2832 2827 2823 2832 2836 2841 2843 2844 2844 2845 2845 2844 2843 2841 2835 2834 2831 2832 2833 2830
2869 2870 2871 2871 2872 2871 2871 2871 2871 2871 2872 2871 2871 2871 2871 2871 2871 2870 2870 2870 2870 2870 2869 2868 2866 2865 2865 2864 2864 2862 2860 2858 2856 2851 2851 2855 2857 2858 2858 2858 2856 2852 2845 2846 2847 2848 2848 2847 2843 2834 2833 2833 2836 2845 2850 2848 2845 2840 2838 2834 2836 2834 2829 2825 2830 2836 2842 2838 2835 2840 2841 2844 2844 2844 2843 2841 2836 2833 2830 2832 2835 2833
2869 2870 2871 2871 2871 2871 2871 2871 2871 2871 2870 2869 2870 2871 2871 2870 2868 2865 2859 2865 2868 2869 2868 2867 2865 2864 2865 2865 2864 2862 2861 2859 2858 2857 2856 2857 2857 2858 2857 2857 2856 2853 2850 2849 2849 2846 2841 2840 2840 2841 2836 2836 2843 2847 2848 2845 2846 2844 2842 2842 2842 2841 2838 2832 2834 2841 2845 2842 2835 2837 2843 2845 2843 2841 2840 2840 2837 2833 2827 2831 2835 2834
2869 2870 2871 2871 2871 2871 2871 2871 2871 2871 2868 2864 2867 2870 2870 2868 2862 2852 2847 2857 2864 2867 2866 2864 2865 2863 2862 2863 2863 2863 2862 2860 2860 2859 2859 2858 2858 2858 2858 2857 2855 2851 2851 2850 2849 2844 2840 2839 2838 2840 2838 2837 2842 2847 2844 2839 2840 2847 2848 2847 2845 2844 2843 2841 2842 2846 2847 2846 2839 2841 2844 2846 2845 2843 2839 2837 2836 2835 2830 2830 2835 2834
2868 2869 2870 2871 2871 2871 2871 2871 2870 2868 2865 2863 2865 2869 2869 2866 2863 2855 2857 2859 2865 2865 2861 2859 2857 2858 2859 2860 2860 2860 2859 2857 2857 2857 2858 2858 2857 2857 2856 2854 2851 2848 2849 2849 2848 2845 2842 2839 2837 2838 2842 2843 2844 2847 2845 2839 2838 2842 2845 2848 2847 2846 2846 2847 2848 2848 2847 2847 2845 2845 2846 2846 2846 2845 2840 2837 2836 2836 2833 2830 2834 2835
2866 2868 2870 2870 2871 2870 2870 2870 2870 2869 2867 2864 2866 2869 2869 2866 2858 2850 2849 2857 2861 2859 2853 2847 2845 2843 2850 2854 2855 2856 2854 2850 2848 2850 2853 2855 2853 2852 2850 2846 2843 2841 2842 2845 2845 2843 2842 2839 2839 2839 2843 2844 2844 2842 2838 2838 2837 2838 2841 2843 2844 2845 2848 2848 2848 2848 2848 2848 2846 2845 2844 2844 2844 2845 2843 2838 2839 2837 2835 2833 2832 2832
2867 2869 2869 2870 2871 2869 2869 2869 2869 2869 2869 2866 2864 2862 2863 2860 2859 2853 2850 2852 2855 2854 2848 2842 2839 2836 2841 2845 2847 2850 2852 2846 2845 2846 2847 2848 2844 2845 2846 2843 2841 2840 2841 2843 2843 2843 2843 2842 2842 2841 2841 2841 2842 2838 2832 2831 2837 2840 2840 2840 2840 2839 2839 2841 2844 2846 2847 2847 2845 2843 2840 2841 2842 2843 2841 2841 2839 2833 2831 2829 2828 2830
2865 2867 2868 2867 2869 2869 2868 2868 2868 2868 2868 2868 2866 2862 2862 2860 2857 2853 2852 2851 2851 2851 2844 2836 2829 2825 2832 2839 2842 2846 2845 2844 2844 2846 2845 2845 2843 2842 2837 2837 2839 2839 2841 2841 2843 2843 2843 2843 2843 2841 2841 2841 2840 2831 2829 2832 2835 2839 2843 2843 2844 2843 2843 2843 2844 2844 2844 2843 2842 2840 2835 2835 2837 2837 2833 2837 2836 2831 2830 2833 2831 2832
2864 2865 2866 2866 2867 2868 2868 2868 2869 2868 2868 2868 2867 2866 2864 2858 2852 2850 2847 2847 2847 2847 2839 2829 2822 2821 2829 2835 2840 2841 2841 2840 2843 2845 2843 2845 2843 2842 2836 2829 2832 2836 2837 2837 2840 2843 2842 2842 2842 2842 2842 2842 2842 2836 2833 2833 2834 2837 2842 2844 2844 2844 2844 2844 2845 2845 2843 2842 2840 2838 2836 2835 2839 2841 2840 2839 2837 2833 2834 2836 2835 2834
2862 2864 2864 2865 2866 2867 2867 2868 2867 2867 2867 2867 2865 2865 2861 2856 2852 2849 2844 2849 2847 2841 2834 2829 2824 2820 2827 2833 2836 2836 2837 2839 2843 2842 2842 2845 2842 2842 2838 2831 2829 2835 2837 2839 2842 2842 2842 2842 2841 2840 2839 2841 2842 2842 2840 2833 2838 2841 2843 2844 2844 2844 2845 2845 2845 2844 2844 2842 2840 2839 2838 2837 2839 2841 2840 2840 2836 2833 2834 2838 2837 2835
2861 2862 2863 2865 2866 2866 2866 2866 2866 2867 2867 2867 2865 2864 2860 2856 2852 2848 2849 2850 2849 2844 2837 2833 2824 2818 2824 2828 2832 2837 2841 2842 2842 2839 2840 2843 2843 2840 2834 2825 2831 2835 2837 2837 2838 2840 2841 2841 2841 2840 2839 2841 2841 2841 2841 2837 2841 2843 2844 2844 2844 2844 2844 2844 2844 2844 2845 2844 2842 2841 2840 2839 2840 2840 2839 2840 2837 2836 2838 2839 2836 2834
2860 2861 2863 2864 2865 2865 2866 2866 2866 2867 2867 2866 2865 2864 2861 2857 2854 2850 2850 2851 2849 2843 2839 2833 2829 2823 2826 2830 2835 2838 2841 2838 2839 2838 2835 2840 2842 2840 2832 2822 2828 2835 2835 2832 2833 2837 2840 2838 2840 2840 2840 2839 2838 2837 2833 2836 2840 2842 2842 2843 2843 2844 2843 2844 2844 2844 2844 2844 2844 2843 2842 2841 2841 2840 2832 2834 2839 2834 2840 2840 2836 2833
2858 2861 2862 2864 2864 2864 2864 2864 2865 2866 2866 2861 2861 2863 2862 2858 2854 2852 2851 2851 2850 2847 2843 2836 2833 2829 2826 2829 2834 2835 2838 2839 2838 2837 2839 2841 2838 2838 2834 2825 2829 2833 2830 2830 2834 2837 2838 2835 2837 2838 2839 2839 2837 2832 2828 2830 2836 2839 2839 2841 2843 2843 2839 2843 2843 2844 2844 2844 2844 2844 2844 2843 2842 2839 2830 2833 2839 2842 2843 2838 2829 2833
2859 2861 2863 2862 2861 2862 2862 2863 2865 2864 2866 2864 2862 2861 2862 2860 2857 2854 2852 2848 2845 2847 2844 2840 2834 2826 2828 2834 2837 2836 2838 2840 2838 2836 2837 2838 2835 2831 2834 2830 2827 2828 2826 2829 2833 2835 2835 2830 2828 2832 2833 2837 2836 2832 2827 2828 2833 2835 2833 2837 2841 2841 2839 2843 2844 2843 2841 2838 2843 2844 2844 2844 2844 2844 2843 2840 2841 2843 2843 2840 2836 2835
2859 2861 2861 2862 2858 2860 2857 2861 2863 2863 2863 2864 2862 2862 2862 2861 2859 2857 2851 2845 2841 2846 2846 2842 2838 2835 2836 2837 2839 2837 2839 2840 2838 2834 2833 2834 2832 2826 2827 2826 2825 2824 2824 2824 2829 2833 2830 2826 2828 2828 2827 2831 2834 2830 2828 2827 2827 2827 2824 2834 2838 2839 2839 2843 2842 2841 2834 2836 2842 2844 2844 2844 2844 2844 2844 2844 2844 2844 2843 2841 2838 2836
2860 2861 2857 2862 2861 2861 2858 2861 2863 2862 2861 2863 2862 2862 2861 2860 2857 2856 2855 2848 2846 2848 2849 2847 2843 2840 2840 2840 2841 2841 2840 2841 2837 2835 2835 2835 2832 2825 2825 2825 2824 2824 2822 2816 2821 2829 2828 2824 2824 2824 2825 2828 2832 2823 2823 2826 2819 2817 2820 2829 2832 2837 2840 2842 2835 2834 2828 2835 2842 2844 2844 2844 2844 2844 2844 2844 2844 2843 2842 2840 2837 2833
2860 2862 2862 2862 2863 2862 2862 2862 2862 2859 2856 2861 2862 2861 2860 2859 2854 2846 2848 2848 2849 2849 2849 2849 2848 2846 2844 2843 2842 2842 2842 2840 2838 2838 2836 2835 2833 2828 2825 2825 2824 2824 2821 2819 2819 2827 2828 2825 2825 2826 2826 2823 2825 2823 2822 2825 2821 2821 2825 2826 2831 2838 2841 2841 2837 2836 2839 2842 2843 2844 2844 2844 2844 2844 2844 2844 2843 2843 2842 2838 2835 2830
2861 2863 2863 2863 2863 2863 2862 2862 2862 2860 2856 2860 2861 2860 2859 2858 2854 2850 2842 2841 2845 2846 2845 2846 2847 2847 2844 2843 2842 2842 2842 2840 2838 2834 2831 2832 2832 2828 2823 2819 2819 2819 2822 2825 2825 2828 2830 2826 2825 2828 2826 2821 2820 2822 2822 2824 2819 2819 2825 2833 2837 2839 2837 2837 2841 2842 2843 2843 2843 2843 2844 2844 2844 2843 2843 2843 2843 2843 2841 2838 2835 2829
2858 2863 2863 2863 2863 2863 2863 2862 2862 2860 2860 2860 2860 2860 2856 2856 2855 2852 2847 2840 2840 2841 2842 2842 2842 2840 2834 2839 2839 2840 2837 2840 2838 2835 2834 2830 2827 2824 2821 2813 2814 2814 2818 2824 2827 2830 2828 2827 2830 2830 2829 2828 2824 2823 2823 2822 2827 2826 2828 2830 2836 2839 2836 2835 2841 2842 2842 2843 2843 2844 2844 2844 2843 2843 2843 2843 2843 2842 2840 2837 2833 2826
2858 2862 2862 2863 2863 2862 2862 2862 2861 2858 2855 2859 2859 2858 2857 2854 2849 2847 2849 2840 2837 2836 2840 2832 2836 2831 2827 2832 2836 2836 2835 2833 2838 2836 2836 2831 2826 2829 2826 2819 2813 2813 2817 2823 2826 2830 2828 2828 2831 2832 2832 2831 2827 2827 2823 2826 2831 2832 2831 2832 2836 2840 2839 2840 2842 2842 2842 2843 2843 2844 2843 2844 2843 2843 2843 2843 2843 2841 2836 2833 2831 2824
2861 2862 2862 2862 2863 2861 2857 2858 2857 2854 2851 2856 2857 2857 2855 2854 2849 2840 2841 2842 2838 2835 2834 2829 2828 2826 2826 2831 2832 2831 2836 2833 2834 2830 2833 2833 2831 2830 2826 2822 2817 2820 2819 2821 2825 2829 2831 2829 2830 2834 2831 2830 2829 2826 2828 2830 2833 2832 2830 2834 2835 2840 2841 2841 2842 2842 2842 2843 2843 2842 2843 2844 2843 2842 2843 2842 2843 2842 2837 2833 2832 2828
2860 2861 2862 2859 2859 2859 2853 2850 2851 2852 2852 2850 2852 2854 2853 2851 2850 2842 2836 2833 2834 2829 2827 2829 2823 2823 2827 2829 2823 2824 2832 2831 2830 2827 2828 2828 2824 2822 2823 2825 2824 2823 2826 2826 2828 2832 2832 2831 2830 2831 2829 2828 2830 2830 2831 2832 2834 2835 2835 2836 2837 2840 2841 2842 2842 2843 2843 2843 2843 2842 2843 2843 2843 2842 2842 2842 2842 2842 2840 2837 2835 2834
2857 2861 2861 2859 2856 2855 2851 2848 2850 2849 2848 2846 2846 2848 2850 2845 2844 2840 2832 2826 2826 2824 2820 2822 2824 2819 2825 2824 2820 2823 2830 2827 2825 2819 2824 2827 2823 2821 2827 2830 2829 2828 2828 2831 2831 2833 2832 2831 2832 2832 2832 2830 2832 2832 2834 2834 2835 2836 2835 2836 2837 2839 2841 2842 2842 2842 2843 2843 2843 2843 2844 2844 2843 2842 2843 2842 2842 2841 2841 2840 2838 2837
