Capas/PRESENTE/Eje_30s/ASC/bio_16.asc
ncols         993
nrows         433
xllcorner     -105.25566776747
yllcorner     17.599810932142
cellsize      0.0083333333
NODATA_value  -9999
[rows 108 to 143 of 433, columns 164 to 245 of 993]
7748 7786 7804 7796 7762 7697 7600 7486 7325 7179 7028 6851 6627 6452 6329 6230 6152 6086 6030 5986 5962 5915 5843 5757 5644 5479 5310 5137 4972 4820 4673 4534 4404 4292 4196 4118 4052 3993 3944 3903 3874 3866 3897 3998 4197 4354 4493 4604 4686 4729 4711 4667 4675 4651 4626 4622 4642 4678 4741 4818 4900 4982 5065 5140 5218 5299 5376 5444 5503 5553 5591 5620 5637 5640 5654 5669 5682 5703 5723 5730 5729 5714
7709 7770 7799 7829 7843 7840 7756 7656 7523 7404 7234 7048 6839 6716 6587 6481 6409 6350 6293 6238 6185 6139 6069 5949 5824 5653 5453 5256 5072 4901 4736 4577 4431 4302 4194 4105 4033 3970 3916 3872 3838 3826 3850 3936 4110 4292 4468 4619 4726 4790 4807 4769 4714 4665 4593 4538 4504 4493 4503 4526 4579 4662 4747 4820 4896 4974 5051 5120 5183 5219 5219 5225 5221 5219 5227 5239 5257 5283 5323 5368 5409 5430
7568 7654 7713 7776 7843 7894 7866 7781 7685 7609 7437 7265 7083 6979 6855 6756 6671 6610 6546 6485 6417 6358 6274 6129 5975 5808 5582 5373 5178 4988 4804 4626 4463 4321 4200 4101 4019 3951 3892 3843 3806 3789 3809 3889 4053 4241 4425 4590 4731 4830 4873 4856 4755 4641 4544 4456 4372 4300 4263 4260 4284 4328 4389 4454 4525 4605 4694 4776 4826 4841 4859 4879 4890 4901 4911 4924 4944 4970 5003 5040 5075 5105
7381 7482 7585 7704 7802 7890 7922 7869 7810 7754 7631 7467 7321 7209 7100 7015 6934 6875 6807 6726 6636 6545 6444 6302 6133 5935 5707 5478 5271 5067 4870 4679 4503 4349 4218 4106 4013 3937 3875 3822 3778 3754 3767 3839 4007 4190 4377 4540 4696 4822 4902 4914 4817 4677 4555 4435 4322 4226 4162 4131 4126 4145 4180 4229 4286 4349 4418 4483 4537 4576 4609 4636 4657 4674 4688 4704 4725 4751 4782 4814 4849 4881
7167 7310 7432 7574 7720 7828 7906 7930 7900 7876 7770 7627 7500 7418 7335 7265 7202 7115 7041 6945 6848 6712 6589 6455 6266 6041 5807 5564 5350 5140 4933 4736 4552 4389 4246 4125 4021 3935 3872 3823 3763 3724 3726 3787 3943 4119 4317 4489 4643 4781 4873 4916 4839 4736 4623 4496 4367 4246 4155 4093 4060 4054 4072 4107 4151 4202 4255 4309 4359 4403 4439 4469 4492 4512 4530 4550 4573 4601 4632 4667 4704 4741
6951 7115 7270 7426 7577 7704 7818 7881 7903 7892 7830 7717 7631 7551 7494 7444 7380 7322 7235 7134 7024 6861 6704 6549 6334 6114 5890 5650 5434 5220 5006 4804 4616 4444 4293 4159 4043 3947 3884 3841 3760 3702 3689 3734 3869 4038 4222 4403 4566 4712 4830 4903 4899 4806 4702 4581 4449 4318 4206 4121 4062 4034 4034 4053 4085 4126 4170 4214 4257 4296 4329 4357 4380 4401 4422 4444 4468 4498 4530 4566 4604 4642
6734 6892 7079 7269 7412 7542 7668 7749 7810 7821 7810 7752 7693 7626 7571 7514 7474 7433 7377 7275 7134 6957 6793 6608 6400 6197 5968 5735 5512 5316 5097 4884 4690 4512 4354 4212 4085 3975 3889 3824 3749 3684 3657 3678 3774 3937 4079 4237 4424 4609 4757 4860 4913 4906 4789 4672 4550 4422 4305 4203 4126 4078 4059 4063 4083 4112 4148 4185 4219 4249 4277 4299 4319 4339 4358 4379 4405 4433 4464 4498 4534 4571
6540 6707 6916 7093 7228 7358 7477 7592 7648 7685 7682 7652 7624 7582 7545 7527 7508 7469 7422 7323 7168 7013 6847 6653 6475 6260 6037 5807 5593 5415 5202 4987 4784 4602 4440 4290 4149 4021 3910 3817 3736 3669 3629 3627 3676 3790 3938 4075 4240 4435 4637 4784 4877 4920 4882 4770 4661 4550 4437 4330 4242 4181 4147 4137 4145 4167 4194 4222 4247 4269 4286 4300 4312 4326 4341 4359 4380 4405 4432 4462 4494 4526
6324 6511 6720 6908 7056 7170 7269 7376 7435 7495 7493 7512 7480 7466 7482 7488 7480 7449 7400 7321 7204 7054 6875 6709 6528 6313 6082 5869 5681 5495 5327 5136 4930 4744 4574 4414 4250 4093 3959 3843 3746 3668 3615 3592 3605 3673 3785 3905 4069 4271 4479 4660 4794 4894 4943 4885 4787 4694 4594 4494 4404 4338 4297 4277 4277 4290 4311 4330 4346 4356 4361 4361 4361 4364 4368 4379 4394 4412 4433 4456 4479 4504
6133 6345 6518 6702 6828 6939 7052 7149 7200 7262 7268 7308 7321 7315 7347 7391 7398 7396 7363 7301 7197 7057 6907 6767 6589 6383 6164 5946 5770 5589 5428 5271 5106 4938 4755 4576 4379 4185 4027 3895 3780 3684 3616 3576 3569 3604 3674 3765 3895 4116 4319 4522 4699 4856 4963 5000 4945 4855 4768 4682 4606 4548 4507 4482 4475 4484 4497 4509 4513 4510 4499 4482 4465 4452 4444 4442 4447 4456 4467 4478 4490 4503
5997 6178 6330 6486 6608 6712 6840 6921 6966 7012 7034 7073 7106 7170 7210 7263 7306 7325 7315 7269 7181 7059 6942 6802 6629 6436 6217 6019 5855 5683 5543 5384 5233 5083 4912 4728 4493 4278 4107 3961 3829 3714 3626 3573 3568 3608 3650 3694 3773 3929 4160 4365 4589 4792 4951 5041 5075 5050 4965 4889 4833 4797 4772 4753 4743 4748 4754 4750 4739 4719 4690 4655 4620 4590 4567 4553 4545 4542 4541 4538 4536 4534
5913 5987 6129 6281 6408 6534 6662 6719 6749 6751 6799 6867 6940 7010 7101 7170 7236 7273 7272 7233 7164 7050 6931 6800 6641 6467 6279 6097 5940 5778 5638 5506 5354 5201 5041 4857 4629 4388 4200 4039 3888 3755 3647 3584 3590 3643 3658 3673 3698 3800 3976 4219 4451 4698 4885 5023 5117 5155 5155 5116 5078 5071 5080 5091 5099 5111 5106 5070 5025 4978 4926 4874 4821 4776 4740 4713 4693 4680 4665 4647 4625 4605
5856 5864 5962 6085 6249 6401 6501 6556 6561 6547 6620 6715 6798 6891 7000 7102 7173 7218 7224 7189 7121 7018 6899 6779 6638 6484 6328 6173 6023 5871 5738 5606 5470 5311 5148 4970 4772 4525 4311 4126 3955 3802 3677 3597 3596 3626 3631 3656 3679 3741 3889 4109 4320 4563 4784 4947 5074 5163 5209 5229 5248 5273 5311 5359 5408 5455 5480 5462 5378 5288 5205 5130 5067 5014 4969 4930 4897 4871 4843 4807 4766 4724
5760 5821 5960 6102 6222 6317 6390 6433 6401 6415 6514 6610 6705 6828 6956 7065 7131 7182 7185 7141 7065 6964 6855 6741 6619 6487 6359 6232 6094 5952 5822 5693 5553 5402 5229 5060 4861 4660 4428 4216 4023 3856 3714 3613 3578 3610 3610 3622 3665 3726 3857 4024 4210 4424 4642 4820 4972 5099 5186 5250 5316 5389 5472 5566 5662 5738 5778 5776 5742 5633 5520 5427 5359 5313 5270 5216 5160 5109 5060 5007 4947 4882
5749 5860 5968 6084 6203 6292 6349 6368 6312 6348 6470 6563 6669 6800 6946 7064 7121 7163 7157 7098 7012 6911 6796 6683 6575 6462 6360 6254 6136 6007 5877 5745 5609 5457 5283 5107 4922 4727 4501 4290 4090 3916 3761 3636 3561 3544 3565 3587 3609 3654 3765 3915 4083 4271 4475 4660 4818 4961 5084 5193 5302 5420 5549 5686 5826 5940 5998 6011 5990 5942 5875 5783 5713 5671 5623 5579 5503 5413 5324 5245 5161 5070
5788 5873 5994 6092 6190 6278 6322 6341 6276 6353 6469 6567 6685 6820 6966 7069 7132 7157 7137 7068 6966 6853 6738 6622 6517 6420 6343 6251 6149 6031 5906 5770 5626 5467 5303 5132 4956 4774 4563 4364 4170 3985 3818 3680 3573 3508 3483 3488 3508 3547 3637 3792 3957 4114 4284 4461 4618 4772 4926 5064 5202 5357 5525 5696 5868 6015 6102 6142 6148 6126 6077 6017 5956 5907 5868 5831 5795 5750 5656 5538 5414 5287
5801 5916 6028 6128 6201 6287 6336 6301 6303 6431 6516 6625 6756 6878 6996 7090 7149 7164 7130 7045 6928 6799 6673 6552 6456 6372 6298 6226 6137 6028 5912 5777 5627 5467 5305 5142 4979 4811 4621 4436 4255 4068 3906 3764 3623 3517 3457 3438 3444 3475 3537 3647 3807 3969 4089 4237 4398 4565 4718 4878 5039 5219 5412 5607 5800 5969 6083 6155 6193 6199 6175 6132 6085 6054 6031 6007 5983 5948 5896 5821 5692 5531
5802 5954 6087 6180 6248 6302 6322 6334 6416 6516 6598 6702 6817 6939 7042 7119 7165 7169 7123 7025 6897 6756 6619 6495 6394 6317 6246 6175 6103 6012 5906 5774 5627 5468 5313 5159 5004 4848 4683 4513 4336 4152 3993 3849 3689 3547 3462 3424 3417 3436 3476 3547 3648 3758 3863 3984 4127 4297 4480 4647 4822 5014 5215 5418 5622 5794 5933 6035 6098 6127 6121 6093 6063 6049 6040 6037 6036 6025 5998 5944 5861 5749
5838 6010 6161 6233 6247 6300 6372 6440 6553 6601 6676 6760 6861 6976 7068 7136 7170 7161 7109 7001 6865 6715 6572 6442 6341 6264 6196 6130 6061 5986 5891 5772 5630 5481 5337 5196 5052 4903 4745 4585 4412 4225 4051 3890 3724 3570 3473 3424 3407 3416 3445 3494 3560 3639 3730 3831 3942 4070 4212 4377 4582 4772 4960 5161 5355 5528 5674 5786 5858 5898 5899 5879 5864 5861 5871 5892 5920 5945 5957 5943 5898 5822
5996 6099 6219 6331 6399 6452 6535 6602 6662 6705 6752 6818 6897 6984 7068 7120 7148 7138 7079 6973 6832 6679 6530 6398 6290 6215 6144 6080 6018 5955 5872 5765 5640 5512 5384 5252 5112 4965 4808 4643 4472 4287 4075 3885 3720 3578 3481 3428 3405 3406 3428 3470 3523 3587 3661 3742 3830 3924 4029 4155 4308 4497 4695 4872 5044 5213 5351 5458 5528 5565 5568 5553 5541 5546 5571 5616 5678 5741 5797 5832 5841 5812
6196 6317 6451 6576 6664 6679 6728 6771 6772 6783 6809 6863 6913 6971 7036 7082 7101 7088 7032 6932 6795 6642 6491 6356 6245 6159 6088 6028 5975 5917 5848 5759 5651 5538 5423 5303 5173 5028 4869 4700 4522 4335 4082 3877 3715 3585 3491 3434 3406 3405 3424 3459 3505 3561 3622 3688 3758 3828 3903 3989 4091 4220 4381 4561 4740 4888 5014 5110 5163 5151 5122 5097 5100 5142 5220 5280 5365 5460 5556 5637 5696 5723
6330 6479 6626 6752 6826 6864 6854 6880 6890 6884 6883 6896 6923 6945 6986 7019 7033 7016 6965 6869 6739 6593 6452 6316 6202 6111 6037 5977 5927 5876 5815 5736 5648 5553 5454 5349 5227 5084 4922 4748 4561 4354 4087 3881 3722 3594 3500 3441 3411 3408 3426 3459 3500 3548 3602 3656 3710 3765 3819 3876 3945 4030 4137 4265 4404 4534 4640 4706 4739 4744 4730 4711 4706 4730 4788 4894 5035 5147 5267 5382 5488 5569
6446 6620 6782 6908 6982 7022 6961 6935 6978 6959 6947 6928 6919 6913 6922 6938 6941 6924 6879 6788 6668 6533 6399 6273 6159 6067 5989 5928 5877 5828 5776 5709 5636 5559 5477 5387 5275 5133 4968 4783 4586 4335 4083 3890 3731 3601 3507 3448 3418 3416 3435 3466 3505 3550 3597 3644 3688 3731 3773 3815 3862 3922 3994 4081 4175 4264 4340 4394 4429 4445 4444 4435 4431 4441 4475 4541 4650 4794 4949 5085 5212 5335
6556 6748 6916 7044 7120 7144 7134 7080 7036 7003 6965 6919 6881 6855 6847 6839 6833 6812 6769 6688 6580 6461 6339 6216 6107 6017 5939 5878 5826 5783 5739 5683 5622 5562 5499 5425 5321 5178 5001 4801 4581 4302 4076 3891 3733 3604 3512 3454 3427 3428 3447 3479 3518 3560 3605 3647 3687 3724 3759 3793 3828 3874 3937 4009 4070 4123 4176 4222 4256 4276 4285 4285 4286 4295 4321 4368 4448 4563 4713 4891 5076 5253
6659 6857 7026 7150 7220 7243 7231 7192 7116 7029 6971 6910 6853 6808 6779 6741 6717 6687 6641 6569 6474 6371 6263 6152 6050 5962 5892 5829 5781 5744 5706 5659 5610 5563 5519 5461 5364 5215 5021 4808 4542 4281 4067 3886 3730 3605 3515 3461 3438 3441 3462 3496 3535 3579 3625 3667 3710 3749 3781 3811 3842 3882 3945 4018 4066 4097 4139 4180 4214 4243 4266 4283 4295 4306 4325 4364 4433 4540 4699 4909 5090 5272
6751 6948 7109 7224 7287 7304 7288 7238 7162 7058 6977 6908 6830 6769 6710 6652 6608 6566 6512 6442 6360 6270 6176 6077 5989 5908 5841 5787 5744 5710 5678 5641 5601 5566 5538 5490 5397 5238 5030 4799 4519 4267 4054 3875 3722 3602 3519 3470 3452 3459 3483 3519 3562 3610 3663 3717 3769 3817 3852 3883 3910 3946 4003 4071 4129 4176 4228 4266 4299 4338 4386 4434 4463 4471 4475 4495 4556 4660 4817 4974 5138 5322
6827 7018 7172 7274 7326 7336 7314 7259 7180 7082 6986 6898 6813 6732 6651 6571 6512 6455 6391 6322 6248 6167 6085 6003 5924 5854 5795 5748 5710 5682 5657 5629 5600 5575 5555 5511 5415 5246 5026 4775 4500 4249 4036 3858 3712 3600 3523 3482 3471 3483 3510 3553 3603 3660 3727 3802 3880 3947 3991 4027 4050 4077 4130 4200 4277 4363 4448 4489 4513 4553 4616 4696 4730 4755 4745 4739 4772 4852 4973 5088 5236 5409
6898 7074 7211 7295 7335 7331 7303 7246 7170 7082 6989 6899 6803 6707 6618 6522 6444 6368 6290 6218 6145 6074 6000 5930 5862 5800 5748 5709 5679 5659 5642 5624 5605 5586 5564 5515 5411 5234 5003 4744 4470 4219 4009 3838 3701 3597 3530 3495 3491 3510 3546 3601 3671 3747 3832 3935 4039 4127 4193 4237 4257 4279 4337 4422 4517 4589 4663 4724 4776 4828 4877 4925 4963 4990 5010 5028 5045 5085 5145 5232 5354 5506
6958 7116 7234 7300 7322 7311 7271 7214 7147 7072 6993 6909 6810 6706 6603 6500 6401 6301 6211 6130 6057 5989 5923 5862 5805 5754 5709 5677 5656 5646 5636 5627 5610 5590 5556 5493 5375 5188 4953 4688 4419 4177 3975 3815 3689 3596 3537 3512 3515 3542 3592 3673 3777 3877 3979 4097 4217 4311 4393 4462 4505 4537 4602 4696 4762 4835 4902 4969 5021 5070 5116 5161 5199 5222 5239 5254 5267 5284 5320 5381 5471 5592
7011 7152 7261 7315 7328 7302 7251 7193 7135 7072 7008 6923 6826 6727 6618 6504 6385 6264 6155 6064 5983 5918 5860 5810 5762 5717 5680 5655 5647 5645 5642 5631 5608 5567 5512 5427 5293 5100 4869 4602 4345 4117 3932 3787 3675 3593 3546 3531 3544 3584 3656 3767 3902 4020 4137 4262 4377 4485 4583 4673 4753 4822 4885 4955 5021 5086 5150 5210 5257 5302 5340 5373 5403 5422 5438 5446 5447 5452 5467 5503 5566 5659
7059 7206 7317 7360 7359 7317 7257 7192 7133 7081 7024 6938 6846 6757 6655 6536 6401 6263 6133 6024 5933 5865 5812 5769 5733 5697 5670 5658 5658 5663 5657 5630 5583 5514 5426 5311 5158 4963 4742 4481 4244 4041 3879 3753 3657 3592 3556 3556 3591 3655 3750 3879 4015 4139 4269 4400 4530 4652 4773 4884 4980 5066 5142 5215 5279 5338 5391 5434 5469 5499 5522 5543 5559 5572 5580 5580 5575 5569 5570 5588 5627 5695
7146 7312 7399 7432 7424 7375 7292 7215 7145 7078 7016 6958 6880 6789 6690 6577 6430 6274 6123 5997 5898 5826 5778 5743 5717 5693 5678 5674 5679 5683 5668 5612 5529 5422 5295 5150 4982 4789 4573 4337 4127 3956 3821 3717 3640 3589 3572 3594 3657 3749 3859 3980 4106 4244 4388 4527 4665 4805 4942 5071 5185 5290 5381 5460 5526 5579 5617 5642 5659 5668 5674 5678 5680 5681 5680 5674 5663 5652 5643 5647 5670 5723
7288 7437 7518 7540 7521 7459 7362 7261 7174 7102 7038 6987 6911 6829 6725 6604 6451 6282 6117 5979 5874 5797 5751 5726 5712 5704 5699 5703 5707 5696 5655 5567 5442 5293 5131 4960 4781 4595 4382 4179 4006 3869 3764 3683 3624 3592 3590 3631 3716 3824 3930 4052 4188 4336 4490 4632 4777 4928 5076 5219 5356 5481 5593 5681 5750 5798 5827 5837 5837 5827 5815 5801 5789 5778 5768 5755 5738 5721 5709 5704 5719 5763
7477 7599 7667 7683 7645 7563 7454 7330 7214 7128 7073 7021 6947 6858 6754 6625 6459 6278 6102 5957 5847 5770 5729 5714 5715 5725 5736 5744 5733 5694 5616 5487 5322 5134 4940 4750 4566 4373 4185 4023 3891 3789 3709 3649 3611 3594 3606 3656 3748 3863 3987 4117 4259 4406 4558 4710 4859 5015 5170 5327 5482 5629 5756 5867 5941 5990 6015 6015 6005 5983 5957 5930 5906 5886 5866 5845 5823 5802 5784 5779 5793 5834
7655 7772 7826 7827 7774 7673 7536 7397 7263 7156 7090 7050 6977 6879 6768 6627 6452 6258 6077 5930 5817 5744 5712 5710 5728 5758 5785 5790 5756 5681 5563 5392 5186 4957 4725 4520 4336 4160 4005 3883 3791 3718 3663 3624 3602 3600 3622 3676 3772 3901 4045 4186 4326 4474 4622 4772 4921 5082 5241 5407 5580 5734 5883 6014 6097 6142 6169 6169 6157 6134 6102 6065 6032 6003 5977 5950 5923 5897 5878 5873 5890 5934
7803 7898 7937 7928 7860 7749 7596 7442 7294 7193 7120 7055 6993 6888 6762 6607 6421 6225 6043 5895 5788 5722 5703 5716 5751 5802 5841 5842 5780 5669 5507 5298 5045 4785 4541 4326 4143 3987 3865 3776 3712 3662 3627 3606 3599 3611 3645 3715 3823 3962 4120 4266 4412 4557 4699 4840 4985 5135 5296 5464 5634 5804 5968 6108 6203 6256 6287 6298 6297 6276 6244 6204 6166 6134 6103 6071 6040 6010 5990 5985 6004 6050
