Capas/PRESENTE/Eje_30s/ASC/bio_19.asc
ncols         993
nrows         433
xllcorner     -105.25566776747
yllcorner     17.599810932142
cellsize      0.0083333333
NODATA_value  -9999
[rows 78 to 116 of 433, columns 352 to 439 of 993]
298 299 298 298 300 301 299 298 299 300 300 299 298 297 299 299 299 301 -9999 -9999 -9999 -9999 -9999 -9999 -9999 -9999 -9999 -9999 -9999 -9999 -9999 -9999 -9999 -9999 -9999 -9999 -9999 -9999 -9999 -9999 -9999 -9999 -9999 -9999 -9999 -9999 -9999 -9999 -9999 -9999 -9999 -9999 -9999 -9999 -9999 -9999 -9999 -9999 -9999 -9999 -9999 -9999 -9999 -9999 -9999 -9999 -9999 -9999 -9999 -9999 -9999 -9999 -9999 -9999 -9999 -9999 -9999 -9999 -9999 -9999 -9999 -9999 348 335 322 310 301 293
295 297 299 299 301 301 301 299 298 299 300 299 294 292 294 297 296 297 299 299 300 301 302 302 303 -9999 -9999 -9999 -9999 -9999 -9999 -9999 -9999 -9999 -9999 -9999 -9999 -9999 -9999 -9999 -9999 -9999 -9999 -9999 -9999 -9999 -9999 -9999 -9999 -9999 -9999 -9999 -9999 -9999 -9999 -9999 -9999 -9999 -9999 -9999 -9999 -9999 -9999 -9999 -9999 -9999 -9999 -9999 -9999 -9999 -9999 -9999 -9999 -9999 -9999 -9999 -9999 -9999 -9999 -9999 -9999 -9999 360 343 328 315 305 296
293 295 296 296 300 300 300 299 300 299 298 297 294 290 289 291 294 294 294 295 297 297 300 300 301 302 300 301 -9999 -9999 -9999 -9999 -9999 -9999 -9999 -9999 -9999 -9999 -9999 -9999 -9999 -9999 -9999 -9999 -9999 -9999 -9999 -9999 -9999 -9999 -9999 -9999 -9999 -9999 -9999 -9999 -9999 -9999 -9999 -9999 -9999 -9999 -9999 -9999 -9999 -9999 -9999 -9999 -9999 -9999 -9999 -9999 -9999 -9999 -9999 -9999 -9999 -9999 -9999 -9999 -9999 383 370 349 332 319 308 299
291 293 294 297 298 299 298 299 298 297 297 296 292 286 285 286 287 289 289 289 291 291 293 293 295 296 300 303 305 -9999 -9999 -9999 -9999 -9999 -9999 -9999 -9999 -9999 -9999 -9999 -9999 -9999 -9999 -9999 -9999 -9999 -9999 -9999 -9999 -9999 -9999 -9999 -9999 -9999 -9999 -9999 -9999 -9999 -9999 -9999 -9999 -9999 -9999 -9999 -9999 -9999 -9999 -9999 -9999 -9999 -9999 -9999 -9999 -9999 -9999 -9999 -9999 -9999 -9999 -9999 397 387 374 353 335 320 310 301
290 293 297 297 298 297 298 297 296 296 295 292 285 283 283 284 287 288 287 286 286 288 293 297 297 300 303 304 306 308 -9999 -9999 -9999 -9999 -9999 -9999 -9999 -9999 -9999 -9999 -9999 -9999 -9999 -9999 -9999 -9999 -9999 -9999 -9999 -9999 -9999 -9999 -9999 -9999 -9999 -9999 -9999 -9999 -9999 -9999 -9999 -9999 -9999 -9999 -9999 -9999 -9999 -9999 -9999 -9999 -9999 -9999 -9999 -9999 -9999 -9999 -9999 -9999 -9999 404 397 387 371 353 335 320 310 301
291 297 296 297 296 296 295 292 295 293 291 285 281 281 283 284 287 288 287 287 286 290 294 297 300 300 303 305 306 308 309 -9999 -9999 -9999 -9999 -9999 -9999 -9999 -9999 -9999 -9999 -9999 -9999 -9999 -9999 -9999 -9999 -9999 -9999 -9999 -9999 -9999 -9999 -9999 -9999 -9999 -9999 -9999 -9999 -9999 -9999 -9999 -9999 -9999 -9999 -9999 -9999 -9999 -9999 -9999 -9999 -9999 -9999 -9999 -9999 -9999 -9999 -9999 407 402 394 383 366 349 332 320 309 301
295 298 298 295 293 288 285 285 289 289 287 281 279 281 283 284 283 283 285 287 290 292 294 297 299 300 301 303 304 306 307 308 310 -9999 -9999 -9999 -9999 -9999 -9999 -9999 -9999 -9999 -9999 -9999 -9999 -9999 -9999 -9999 -9999 -9999 -9999 -9999 -9999 -9999 -9999 -9999 -9999 -9999 -9999 -9999 -9999 -9999 -9999 -9999 -9999 -9999 -9999 -9999 -9999 -9999 -9999 -9999 -9999 -9999 -9999 -9999 -9999 405 401 395 385 373 360 343 328 316 306 300
298 296 294 293 291 286 281 280 281 282 281 278 277 282 283 283 282 282 285 287 289 292 294 296 298 299 300 300 302 302 303 304 306 303 -9999 -9999 -9999 -9999 -9999 -9999 -9999 -9999 -9999 -9999 -9999 -9999 -9999 -9999 -9999 -9999 -9999 -9999 -9999 -9999 -9999 -9999 -9999 -9999 -9999 -9999 -9999 -9999 -9999 -9999 -9999 -9999 -9999 -9999 -9999 -9999 -9999 -9999 -9999 -9999 -9999 -9999 401 398 394 385 373 362 350 335 322 312 303 297
303 297 295 296 294 289 281 276 275 276 275 276 277 280 282 281 282 284 284 285 288 290 292 294 296 296 295 295 298 298 299 299 300 299 302 -9999 -9999 -9999 -9999 -9999 -9999 -9999 -9999 -9999 -9999 -9999 -9999 -9999 -9999 -9999 -9999 -9999 -9999 -9999 -9999 -9999 -9999 -9999 -9999 -9999 -9999 -9999 -9999 -9999 -9999 -9999 -9999 -9999 -9999 -9999 -9999 -9999 -9999 -9999 -9999 396 395 391 382 371 360 350 337 325 315 307 300 296
308 301 295 294 292 287 281 276 275 274 275 276 276 278 279 280 280 282 283 283 286 288 290 292 293 291 289 290 293 295 294 295 295 296 296 297 -9999 -9999 -9999 -9999 -9999 -9999 -9999 -9999 -9999 -9999 -9999 -9999 -9999 -9999 -9999 -9999 -9999 -9999 -9999 -9999 -9999 -9999 -9999 -9999 -9999 -9999 -9999 -9999 -9999 -9999 -9999 -9999 -9999 -9999 -9999 -9999 -9999 -9999 388 387 383 377 367 357 346 337 327 316 308 302 296 293
313 304 298 293 289 284 281 280 278 278 279 279 280 279 280 279 278 278 280 281 283 285 287 289 288 287 287 289 290 291 291 291 291 291 292 292 292 -9999 -9999 -9999 -9999 -9999 -9999 -9999 -9999 -9999 -9999 -9999 -9999 -9999 -9999 -9999 -9999 -9999 -9999 -9999 -9999 -9999 -9999 -9999 -9999 -9999 -9999 -9999 -9999 -9999 -9999 -9999 -9999 -9999 -9999 -9999 -9999 377 377 375 371 362 352 343 334 324 316 308 302 297 294 291
318 308 301 295 291 289 289 288 286 285 286 288 288 285 282 278 275 274 275 276 278 280 284 285 287 286 285 285 286 286 288 287 286 286 288 288 289 285 -9999 -9999 -9999 -9999 -9999 -9999 -9999 -9999 -9999 -9999 -9999 -9999 -9999 -9999 -9999 -9999 -9999 -9999 -9999 -9999 -9999 -9999 -9999 -9999 -9999 -9999 -9999 -9999 -9999 -9999 -9999 -9999 -9999 -9999 -9999 365 364 360 354 346 339 330 322 314 306 302 297 293 291 290
318 311 305 302 299 299 301 301 300 299 300 297 295 292 285 279 275 272 271 271 274 277 280 284 286 286 284 282 281 281 282 282 282 283 284 285 285 280 275 -9999 -9999 -9999 -9999 -9999 -9999 -9999 -9999 -9999 -9999 -9999 -9999 -9999 -9999 -9999 -9999 -9999 -9999 -9999 -9999 -9999 -9999 -9999 -9999 -9999 -9999 -9999 -9999 -9999 -9999 -9999 -9999 -9999 351 351 348 343 338 333 326 318 312 306 300 296 293 290 289 290
317 312 310 310 311 310 309 310 310 309 308 306 302 298 289 281 276 273 271 270 273 275 279 282 284 285 284 282 280 279 278 279 279 281 281 282 280 276 271 270 -9999 -9999 -9999 -9999 -9999 -9999 -9999 -9999 -9999 -9999 -9999 -9999 -9999 -9999 -9999 -9999 -9999 -9999 -9999 -9999 -9999 -9999 -9999 -9999 -9999 -9999 -9999 -9999 -9999 -9999 -9999 337 338 337 334 329 325 320 314 309 303 299 296 292 290 289 289 288
316 312 313 318 316 315 317 318 319 319 318 314 309 304 296 285 279 274 272 273 274 276 279 281 283 283 282 281 279 278 277 277 279 279 278 277 275 272 269 268 268 -9999 -9999 -9999 -9999 -9999 -9999 -9999 -9999 -9999 -9999 -9999 -9999 -9999 -9999 -9999 -9999 -9999 -9999 -9999 -9999 -9999 -9999 -9999 -9999 -9999 -9999 -9999 -9999 -9999 325 325 325 323 320 316 313 308 305 300 296 294 292 289 288 288 288 287
313 315 318 318 318 319 322 324 326 326 325 322 317 310 300 290 281 276 274 275 277 278 279 281 280 279 279 278 278 277 276 277 277 278 276 274 271 268 266 268 270 270 264 -9999 -9999 -9999 -9999 -9999 -9999 -9999 -9999 -9999 -9999 -9999 -9999 -9999 -9999 -9999 -9999 -9999 -9999 -9999 -9999 -9999 -9999 -9999 -9999 -9999 -9999 320 317 316 314 312 310 308 304 301 298 295 292 290 289 288 288 287 287 287
309 314 316 317 318 322 325 329 332 333 332 328 323 315 304 294 285 278 276 277 277 277 278 278 277 278 278 277 277 276 275 275 276 277 277 275 269 266 264 265 267 268 267 262 -9999 -9999 -9999 -9999 -9999 -9999 -9999 -9999 -9999 -9999 -9999 -9999 -9999 -9999 -9999 -9999 -9999 -9999 -9999 -9999 -9999 -9999 -9999 -9999 316 315 312 309 308 305 304 301 298 295 293 291 290 288 287 287 286 287 286 286
306 308 311 315 318 322 327 332 335 338 338 334 327 318 308 297 287 279 276 274 275 275 275 274 275 278 278 277 275 275 274 273 275 275 275 273 268 263 261 263 265 268 266 263 259 -9999 -9999 -9999 -9999 -9999 -9999 -9999 -9999 -9999 -9999 -9999 -9999 -9999 -9999 -9999 -9999 -9999 -9999 -9999 -9999 -9999 -9999 312 311 308 305 304 303 300 299 296 294 292 290 289 287 287 287 286 286 286 286 285
299 302 305 311 316 322 328 334 338 342 341 337 331 321 311 298 286 277 272 270 269 269 270 272 273 276 276 275 273 272 272 272 272 272 272 270 266 262 260 261 265 265 266 262 258 258 -9999 -9999 -9999 -9999 -9999 -9999 -9999 -9999 -9999 -9999 -9999 -9999 -9999 -9999 -9999 -9999 -9999 -9999 -9999 -9999 306 305 303 300 300 299 298 297 294 293 291 290 289 287 286 286 285 286 286 285 286 285
293 296 301 307 314 319 327 333 338 342 343 339 331 320 308 295 283 275 269 266 265 267 268 269 271 273 273 271 271 269 269 270 270 269 270 268 263 260 258 258 262 263 263 260 257 257 257 -9999 -9999 -9999 -9999 -9999 -9999 -9999 -9999 -9999 -9999 -9999 -9999 -9999 -9999 -9999 -9999 -9999 -9999 299 298 297 295 295 295 296 295 294 291 290 290 289 289 286 286 286 285 285 285 287 288 288
288 291 296 302 309 315 324 330 336 340 342 338 330 317 304 292 281 272 268 265 264 265 266 267 269 270 270 270 269 269 268 268 268 268 266 264 261 258 258 257 259 261 260 256 255 256 256 256 -9999 -9999 -9999 -9999 -9999 -9999 -9999 -9999 -9999 -9999 -9999 -9999 -9999 -9999 -9999 -9999 294 294 291 290 290 291 292 293 292 291 290 290 289 289 288 287 286 286 285 284 284 287 290 290
285 286 290 297 304 312 318 325 331 335 337 335 324 313 302 291 280 273 268 263 262 263 266 267 269 271 272 273 271 272 270 269 268 267 266 264 261 259 257 256 256 258 257 255 254 254 255 255 255 -9999 -9999 -9999 -9999 -9999 -9999 -9999 -9999 -9999 -9999 -9999 -9999 -9999 -9999 287 289 289 289 287 287 288 289 290 289 290 290 291 290 290 290 289 287 286 285 284 283 287 289 290
282 283 286 290 297 304 311 318 324 329 330 328 316 308 298 289 281 274 267 265 264 266 268 271 275 278 279 281 279 279 277 275 274 275 273 268 264 260 259 257 256 257 255 255 254 254 255 255 255 255 -9999 -9999 -9999 -9999 -9999 -9999 -9999 -9999 -9999 -9999 -9999 -9999 281 282 284 284 284 285 284 285 286 288 289 291 293 294 294 294 293 291 290 287 286 285 283 284 286 287
280 280 281 282 288 296 303 308 314 319 321 319 308 302 295 288 282 275 270 268 269 272 275 279 283 288 291 292 293 291 289 287 285 283 280 273 267 264 261 258 256 257 255 255 255 254 255 255 255 255 256 257 -9999 -9999 -9999 -9999 -9999 -9999 -9999 -9999 -9999 278 278 279 280 281 281 282 282 282 286 289 293 296 299 300 299 298 297 295 293 290 288 286 284 283 283 283
280 278 276 277 281 287 292 299 305 308 311 308 302 298 293 288 282 278 275 274 276 278 282 289 295 302 306 309 309 307 304 301 295 290 284 277 272 268 263 261 259 258 257 256 256 257 257 257 256 256 257 257 258 -9999 -9999 -9999 -9999 -9999 -9999 -9999 275 275 275 277 278 278 278 279 281 282 286 293 300 304 307 307 306 303 303 299 298 294 291 287 285 283 282 280
279 277 276 275 275 278 282 284 290 296 299 297 296 297 296 291 286 283 280 280 282 286 292 300 309 316 321 324 325 323 320 315 307 299 293 285 278 273 267 264 263 263 263 260 258 258 257 257 258 258 257 258 259 260 -9999 -9999 -9999 -9999 -9999 272 274 274 274 274 277 277 277 277 280 282 287 296 303 308 313 315 315 312 310 308 304 300 295 292 287 283 282 279
280 277 275 274 273 273 274 276 279 283 286 289 293 295 295 294 289 286 285 285 289 295 303 312 321 329 336 339 341 339 334 329 321 313 306 296 287 278 273 269 268 270 269 266 260 259 259 260 259 259 259 259 260 261 262 -9999 -9999 -9999 -9999 272 273 274 274 274 276 276 277 277 280 283 289 298 307 312 318 321 321 321 320 317 313 308 301 296 291 286 282 279
281 278 275 273 273 271 271 271 272 276 278 282 286 290 291 290 289 287 288 290 296 304 312 322 333 343 350 354 353 352 347 341 334 325 316 306 295 286 277 273 272 273 272 269 263 262 261 260 260 259 260 261 261 261 262 264 -9999 -9999 269 270 272 274 274 274 275 277 277 278 281 285 290 298 308 317 325 329 331 334 334 330 323 316 309 302 296 289 284 281
282 278 276 274 272 271 269 269 269 270 272 273 277 282 285 287 287 287 289 294 302 311 320 331 343 353 361 365 367 364 358 352 344 336 325 314 302 291 282 278 275 274 272 267 265 263 262 262 261 261 261 261 261 262 263 264 265 268 268 271 272 274 274 275 278 278 279 281 284 288 292 300 308 320 330 339 345 348 348 343 335 326 317 308 300 293 287 283
284 281 278 276 274 272 270 268 268 267 268 269 271 274 278 281 284 287 292 299 307 316 325 337 349 360 367 373 374 372 368 360 352 343 331 321 308 297 288 283 279 277 273 269 266 265 264 263 263 263 263 263 263 263 263 264 266 268 269 272 273 275 276 278 280 282 284 287 291 295 299 305 317 330 340 349 356 360 360 357 350 339 326 314 305 297 289 284
286 284 281 278 276 274 271 270 268 267 266 267 269 271 276 280 283 288 294 302 309 318 328 341 353 363 371 375 378 376 372 365 358 347 337 327 315 302 292 286 284 281 277 272 270 267 267 266 264 264 263 263 263 263 264 264 266 269 272 274 276 278 280 283 284 287 291 295 299 302 306 314 328 339 349 357 365 367 369 365 358 350 333 319 309 300 292 287
289 288 286 284 282 279 276 273 270 269 266 267 268 270 274 279 284 290 297 305 311 320 330 340 350 361 369 374 376 376 372 367 359 351 340 331 319 307 296 291 288 286 280 276 272 270 269 267 266 265 265 264 264 264 265 266 268 270 274 277 281 282 285 288 290 293 297 303 307 310 315 325 336 347 357 365 371 374 374 370 362 353 336 321 310 302 295 289
294 292 292 291 289 287 283 279 275 273 270 270 270 271 274 279 285 291 298 306 312 320 328 337 347 356 362 368 372 371 369 365 359 352 343 333 322 311 301 295 292 288 284 279 275 273 272 269 268 266 265 265 265 266 266 267 269 273 279 283 287 290 293 296 298 299 304 309 313 318 322 332 341 352 361 369 374 376 374 370 363 351 334 320 310 301 296 292
299 300 302 303 303 299 294 287 282 278 275 274 274 275 278 283 288 294 299 306 313 319 325 333 341 348 355 360 363 365 364 362 356 350 342 335 325 314 305 300 296 292 287 282 279 276 274 272 271 269 267 266 267 267 267 268 271 275 282 287 292 297 301 304 304 306 308 312 316 322 328 336 345 353 361 368 372 374 369 362 354 343 329 317 307 300 297 296
309 314 319 321 321 316 307 298 291 286 282 281 280 281 284 290 293 297 301 305 312 317 323 328 334 340 346 350 353 357 357 356 353 348 343 336 328 317 308 303 299 296 291 287 284 280 278 275 273 271 270 268 267 267 268 270 272 276 283 287 295 300 304 307 311 310 312 316 320 324 330 336 344 352 358 363 367 361 353 347 340 330 320 310 303 299 300 305
324 330 335 338 338 331 321 310 301 293 287 285 285 287 290 294 299 302 303 307 311 314 317 322 327 332 336 340 344 348 350 351 349 346 342 337 329 319 311 305 302 299 296 292 289 284 282 279 276 273 270 270 269 269 270 272 275 279 285 291 297 304 306 310 311 311 315 316 320 323 329 334 341 348 353 354 352 349 344 337 329 320 312 304 298 298 303 304
337 343 348 352 351 348 335 322 310 299 293 288 288 291 293 297 301 305 307 308 311 310 311 314 317 320 325 328 333 340 343 346 347 347 342 336 329 321 315 310 306 304 304 301 296 290 286 283 279 276 273 272 271 274 274 275 279 286 293 296 300 304 306 305 307 309 312 313 316 320 324 329 335 339 341 343 345 345 340 331 321 312 304 297 293 295 300 303
349 355 361 365 364 361 348 333 320 307 297 291 291 294 296 299 302 305 308 307 306 306 305 306 310 312 315 319 326 334 338 341 344 346 345 338 333 326 320 315 312 311 309 307 304 295 289 286 282 278 276 274 276 280 282 280 282 291 294 298 301 304 301 301 304 305 307 309 310 313 318 322 326 331 336 339 339 339 334 323 313 305 299 292 289 289 294 301
360 366 373 375 375 369 357 344 329 313 301 293 291 294 296 299 302 304 306 302 301 302 303 304 305 308 310 313 320 328 333 337 341 344 345 340 337 331 324 319 317 316 313 311 309 302 295 289 285 281 277 276 279 283 285 286 287 294 297 299 302 302 298 297 299 296 296 298 300 304 309 313 318 322 326 329 330 326 319 313 304 298 293 288 285 285 286 291
