Capas/PRESENTE/Eje_30s/ASC/bio_13.asc
ncols         993
nrows         433
xllcorner     -105.25566776747
yllcorner     17.599810932142
cellsize      0.0083333333
NODATA_value  -9999
[rows 36 to 71 of 433, columns 246 to 327 of 993]
2401 2369 2343 2327 2319 2316 2316 2316 2316 2311 2305 2309 2328 2341 2353 2363 2366 2361 2365 2357 2350 2348 2356 2383 2433 2500 2574 2642 2696 2724 2718 2641 2575 2549 2532 2494 2475 2471 -9999 -9999 -9999 -9999 -9999 -9999 -9999 -9999 -9999 -9999 -9999 -9999 -9999 -9999 -9999 -9999 -9999 -9999 -9999 -9999 -9999 -9999 -9999 -9999 -9999 -9999 -9999 -9999 -9999 -9999 -9999 -9999 -9999 -9999 -9999 -9999 -9999 -9999 -9999 -9999 -9999 -9999 -9999 -9999
2366 2343 2325 2315 2310 2307 2307 2307 2305 2302 2304 2322 2341 2364 2386 2404 2415 2416 2409 2395 2380 2369 2369 2388 2431 2492 2559 2622 2669 2692 2665 2581 2514 2482 2490 2463 2460 2476 2504 -9999 -9999 -9999 -9999 -9999 -9999 -9999 -9999 -9999 -9999 -9999 -9999 -9999 -9999 -9999 -9999 -9999 -9999 -9999 -9999 -9999 -9999 -9999 -9999 -9999 -9999 -9999 -9999 -9999 -9999 -9999 -9999 -9999 -9999 -9999 -9999 -9999 -9999 -9999 -9999 -9999 -9999 -9999
2331 2323 2313 2308 2306 2305 2306 2306 2306 2308 2316 2332 2357 2387 2416 2438 2450 2450 2438 2418 2396 2378 2372 2384 2420 2474 2534 2590 2631 2647 2604 2519 2455 2432 2434 2411 2418 2450 2496 2548 -9999 -9999 -9999 -9999 -9999 -9999 -9999 -9999 -9999 -9999 -9999 -9999 -9999 -9999 -9999 -9999 -9999 -9999 -9999 -9999 -9999 -9999 -9999 -9999 -9999 -9999 -9999 -9999 -9999 -9999 -9999 -9999 -9999 -9999 -9999 -9999 -9999 -9999 -9999 -9999 -9999 -9999
2316 2311 2307 2306 2307 2309 2310 2311 2313 2317 2327 2344 2372 2404 2434 2455 2465 2462 2445 2421 2394 2363 2357 2373 2403 2450 2503 2552 2587 2588 2532 2454 2394 2384 2367 2343 2353 2390 2446 2511 2578 -9999 -9999 -9999 -9999 -9999 -9999 -9999 -9999 -9999 -9999 -9999 -9999 -9999 -9999 -9999 -9999 -9999 -9999 -9999 -9999 -9999 -9999 -9999 -9999 -9999 -9999 -9999 -9999 -9999 -9999 -9999 -9999 -9999 -9999 -9999 -9999 -9999 -9999 -9999 -9999 -9999
2302 2303 2305 2308 2311 2314 2316 2317 2320 2326 2338 2357 2385 2417 2444 2461 2466 2458 2431 2400 2367 2343 2342 2358 2384 2424 2468 2509 2536 2540 2491 2407 2336 2294 2280 2267 2276 2314 2372 2440 2513 2586 -9999 -9999 -9999 -9999 -9999 -9999 -9999 -9999 -9999 -9999 -9999 -9999 -9999 -9999 -9999 -9999 -9999 -9999 -9999 -9999 -9999 -9999 -9999 -9999 -9999 -9999 -9999 -9999 -9999 -9999 -9999 -9999 -9999 -9999 -9999 -9999 -9999 -9999 -9999 -9999
2291 2297 2303 2308 2313 2317 2319 2321 2326 2334 2348 2369 2397 2426 2449 2462 2450 2431 2407 2379 2351 2332 2334 2343 2364 2395 2429 2459 2475 2471 2441 2387 2281 2201 2155 2151 2192 2237 2292 2359 2432 2505 2574 2633 -9999 -9999 -9999 -9999 -9999 -9999 -9999 2543 -9999 -9999 -9999 -9999 -9999 -9999 -9999 -9999 -9999 -9999 -9999 -9999 -9999 -9999 -9999 -9999 -9999 -9999 -9999 -9999 -9999 -9999 -9999 -9999 -9999 -9999 -9999 -9999 -9999 -9999
2282 2291 2299 2305 2311 2315 2317 2320 2326 2337 2354 2378 2406 2433 2454 2456 2436 2422 2402 2375 2350 2335 2330 2333 2347 2367 2387 2401 2404 2389 2354 2303 2209 2118 2075 2072 2118 2174 2225 2286 2353 2421 2485 2541 2582 -9999 -9999 -9999 -9999 -9999 -9999 2497 2480 2468 -9999 -9999 -9999 -9999 -9999 -9999 -9999 -9999 -9999 -9999 -9999 -9999 -9999 -9999 -9999 -9999 -9999 -9999 -9999 -9999 -9999 -9999 -9999 -9999 -9999 -9999 -9999 -9999
2273 2284 2293 2300 2305 2308 2310 2313 2320 2334 2354 2379 2408 2434 2452 2448 2430 2423 2406 2376 2350 2332 2323 2322 2328 2336 2341 2339 2326 2301 2242 2162 2097 2047 2023 2031 2079 2128 2174 2227 2284 2342 2398 2446 2483 2504 -9999 -9999 -9999 -9999 -9999 2448 2435 2426 2420 2416 -9999 -9999 -9999 -9999 -9999 -9999 -9999 -9999 -9999 -9999 -9999 -9999 -9999 -9999 -9999 -9999 -9999 -9999 -9999 -9999 -9999 -9999 -9999 -9999 -9999 -9999
2265 2278 2287 2293 2296 2297 2297 2300 2307 2322 2343 2369 2397 2422 2439 2441 2421 2414 2388 2361 2337 2321 2311 2306 2303 2300 2291 2267 2217 2160 2111 2064 2024 2002 2000 2025 2066 2100 2141 2186 2232 2279 2322 2361 2391 2411 2422 -9999 -9999 -9999 -9999 2401 2393 2384 2371 2373 2374 2378 -9999 -9999 -9999 -9999 -9999 -9999 -9999 -9999 -9999 -9999 -9999 -9999 -9999 -9999 -9999 -9999 -9999 -9999 -9999 -9999 -9999 -9999 -9999 -9999
2260 2273 2281 2285 2284 2283 2282 2282 2288 2302 2322 2346 2372 2394 2408 2409 2399 2381 2358 2335 2315 2300 2290 2282 2272 2258 2225 2160 2114 2076 2039 2012 1999 2004 2018 2038 2063 2092 2126 2163 2199 2235 2268 2297 2321 2339 2351 2358 2362 -9999 -9999 2359 2355 2336 2318 2318 2327 2339 2351 -9999 -9999 -9999 -9999 -9999 -9999 -9999 -9999 -9999 -9999 -9999 -9999 -9999 -9999 -9999 -9999 -9999 -9999 -9999 -9999 -9999 -9999 -9999
2261 2273 2279 2278 2265 2260 2263 2264 2267 2277 2294 2314 2335 2353 2363 2362 2352 2336 2317 2299 2283 2272 2263 2252 2237 2218 2153 2094 2061 2031 2008 2002 2014 2029 2038 2052 2071 2096 2125 2154 2182 2208 2232 2250 2264 2278 2299 2309 2317 2322 2324 2324 2323 2301 2280 2281 2294 2308 2324 2341 2357 -9999 -9999 -9999 -9999 -9999 -9999 -9999 -9999 -9999 -9999 -9999 -9999 -9999 -9999 -9999 -9999 -9999 -9999 -9999 -9999 -9999
2272 2281 2284 2272 2257 2247 2243 2243 2246 2252 2264 2278 2293 2304 2309 2305 2290 2280 2266 2254 2245 2239 2233 2219 2196 2152 2092 2061 2037 2034 2026 2027 2042 2050 2057 2069 2087 2108 2131 2153 2173 2187 2204 2210 2217 2238 2265 2276 2285 2291 2296 2290 2283 2270 2259 2266 2281 2294 2308 2325 2343 2364 2388 2413 -9999 -9999 -9999 -9999 -9999 -9999 -9999 -9999 -9999 -9999 -9999 -9999 -9999 -9999 -9999 -9999 -9999 -9999
2295 2301 2291 2275 2259 2246 2235 2226 2227 2231 2236 2243 2249 2252 2250 2230 2187 2171 2170 2172 2172 2166 2152 2141 2124 2100 2075 2060 2071 2078 2063 2057 2067 2072 2078 2085 2103 2122 2139 2149 2154 2167 2183 2182 2188 2217 2245 2256 2260 2264 2261 2252 2244 2242 2249 2267 2283 2291 2301 2314 2331 2352 2374 2398 2422 2448 -9999 -9999 -9999 -9999 -9999 -9999 -9999 -9999 -9999 -9999 -9999 -9999 -9999 -9999 -9999 -9999
2330 2325 2308 2288 2271 2254 2233 2211 2204 2212 2211 2210 2207 2201 2171 2125 2101 2098 2102 2108 2112 2119 2122 2123 2115 2104 2092 2099 2118 2108 2100 2089 2092 2095 2094 2098 2113 2131 2141 2141 2141 2152 2166 2167 2179 2207 2230 2230 2228 2232 2233 2228 2225 2230 2247 2268 2277 2285 2294 2307 2322 2339 2362 2384 2407 2432 2458 2488 -9999 -9999 -9999 -9999 -9999 -9999 -9999 -9999 -9999 -9999 -9999 -9999 -9999 -9999
2372 2366 2346 2315 2289 2265 2232 2199 2187 2192 2185 2178 2168 2136 2083 2065 2058 2077 2109 2130 2133 2135 2151 2175 2185 2171 2160 2158 2159 2146 2136 2117 2112 2110 2107 2110 2121 2138 2149 2144 2138 2144 2157 2171 2196 2216 2222 2220 2219 2221 2224 2224 2226 2233 2249 2267 2275 2282 2291 2303 2311 2327 2350 2374 2397 2421 2447 2479 2521 2577 -9999 -9999 -9999 -9999 -9999 -9999 -9999 -9999 -9999 -9999 -9999 -9999
2414 2402 2378 2347 2307 2268 2224 2186 2170 2171 2160 2149 2136 2084 2046 2035 2074 2114 2134 2162 2194 2227 2251 2272 2273 2255 2237 2218 2201 2184 2160 2139 2128 2123 2119 2120 2129 2144 2154 2151 2143 2146 2165 2199 2234 2248 2255 2249 2244 2242 2243 2245 2248 2253 2261 2270 2274 2278 2286 2293 2300 2317 2340 2365 2392 2420 2448 2479 2520 2588 2665 2757 2863 -9999 -9999 -9999 -9999 -9999 -9999 -9999 -9999 -9999
2443 2425 2394 2356 2313 2260 2202 2161 2139 2120 2099 2082 2064 2037 2027 2037 2099 2131 2162 2201 2244 2287 2323 2346 2348 2330 2306 2275 2244 2216 2187 2164 2150 2141 2135 2133 2138 2147 2155 2156 2156 2166 2195 2236 2252 2268 2282 2293 2299 2290 2285 2283 2281 2279 2278 2276 2271 2271 2281 2289 2297 2311 2332 2359 2390 2425 2461 2498 2541 2608 2686 2780 2887 2997 3096 -9999 -9999 -9999 -9999 -9999 -9999 -9999
2441 2420 2386 2344 2300 2232 2163 2119 2097 2084 2079 2071 2067 2057 2053 2073 2137 2173 2209 2253 2301 2348 2387 2411 2416 2403 2374 2333 2292 2253 2220 2196 2182 2172 2163 2158 2159 2165 2173 2182 2196 2216 2235 2251 2269 2286 2300 2311 2316 2316 2312 2306 2298 2287 2280 2274 2269 2273 2289 2303 2313 2326 2345 2377 2418 2452 2486 2525 2572 2631 2705 2793 2893 2998 3096 3178 3237 -9999 -9999 -9999 -9999 -9999
2397 2378 2346 2307 2260 2177 2129 2110 2097 2101 2118 2140 2135 2120 2124 2150 2213 2236 2268 2307 2350 2393 2430 2452 2455 2442 2417 2385 2337 2291 2258 2236 2222 2212 2202 2195 2195 2201 2208 2213 2222 2233 2247 2263 2279 2295 2309 2318 2321 2320 2315 2309 2293 2276 2269 2271 2277 2288 2304 2320 2334 2351 2375 2410 2447 2486 2523 2561 2602 2652 2712 2785 2872 2967 3060 3143 3209 3251 3265 -9999 -9999 -9999
2327 2311 2279 2227 2170 2136 2112 2122 2148 2175 2201 2221 2239 2255 2244 2268 2289 2304 2325 2353 2385 2418 2447 2465 2467 2454 2431 2400 2366 2325 2298 2276 2253 2238 2228 2222 2218 2217 2219 2224 2232 2242 2255 2269 2283 2296 2307 2314 2316 2314 2309 2293 2277 2269 2272 2284 2303 2319 2330 2342 2360 2384 2408 2441 2481 2523 2560 2595 2629 2663 2705 2758 2827 2908 2994 3077 3151 3205 3231 3232 -9999 -9999
2193 2181 2165 2145 2125 2115 2130 2161 2184 2208 2238 2269 2298 2323 2341 2350 2355 2360 2369 2382 2399 2420 2439 2451 2451 2440 2420 2393 2363 2332 2304 2279 2260 2244 2234 2226 2222 2222 2223 2228 2235 2244 2255 2267 2278 2289 2296 2301 2301 2294 2279 2264 2264 2277 2292 2310 2338 2360 2374 2383 2405 2421 2443 2475 2513 2552 2586 2616 2640 2660 2684 2717 2767 2832 2907 2989 3067 3131 3173 3190 3181 3147
2117 2118 2108 2113 2137 2159 2165 2177 2197 2227 2263 2301 2336 2365 2385 2393 2394 2390 2387 2386 2390 2399 2409 2415 2413 2404 2388 2366 2341 2315 2290 2269 2250 2236 2226 2219 2216 2216 2218 2222 2229 2238 2248 2258 2267 2266 2260 2258 2257 2252 2244 2241 2261 2296 2317 2342 2370 2397 2421 2439 2453 2465 2481 2505 2534 2565 2592 2614 2630 2639 2648 2666 2698 2747 2810 2885 2964 3036 3091 3124 3130 3108
2111 2110 2105 2127 2152 2158 2168 2183 2201 2237 2273 2312 2349 2379 2400 2407 2404 2394 2382 2371 2364 2360 2363 2365 2362 2355 2332 2312 2302 2287 2266 2248 2231 2219 2209 2203 2200 2201 2204 2209 2217 2226 2235 2245 2243 2237 2230 2230 2234 2234 2230 2236 2265 2297 2327 2364 2402 2437 2467 2489 2501 2509 2516 2529 2546 2564 2581 2596 2604 2606 2606 2612 2630 2663 2712 2778 2853 2926 2991 3037 3057 3047
2102 2113 2122 2132 2142 2153 2166 2171 2186 2225 2267 2303 2337 2367 2387 2393 2383 2367 2354 2335 2313 2299 2309 2314 2311 2292 2269 2262 2258 2246 2232 2218 2205 2191 2181 2181 2178 2179 2183 2191 2200 2211 2220 2221 2221 2218 2214 2216 2224 2229 2231 2242 2272 2301 2339 2384 2430 2473 2507 2531 2542 2544 2543 2544 2547 2553 2561 2568 2571 2568 2564 2558 2563 2589 2624 2677 2743 2812 2878 2931 2961 2961
2091 2100 2109 2118 2129 2140 2145 2148 2164 2196 2243 2274 2305 2332 2350 2357 2339 2316 2298 2280 2263 2255 2271 2271 2268 2257 2236 2235 2228 2210 2188 2167 2150 2134 2123 2124 2137 2148 2153 2159 2172 2187 2195 2198 2204 2209 2212 2216 2223 2229 2234 2246 2275 2308 2350 2400 2452 2498 2535 2559 2568 2565 2557 2547 2539 2535 2536 2538 2539 2534 2528 2522 2514 2528 2554 2592 2644 2702 2762 2813 2845 2852
2079 2090 2098 2102 2102 2104 2107 2112 2126 2151 2187 2229 2260 2283 2301 2309 2293 2266 2243 2228 2217 2213 2224 2239 2238 2223 2207 2203 2190 2169 2148 2128 2110 2095 2086 2087 2097 2108 2118 2135 2158 2181 2193 2199 2209 2222 2232 2238 2244 2245 2245 2255 2285 2320 2363 2413 2465 2511 2548 2570 2577 2571 2557 2540 2525 2514 2510 2509 2509 2505 2499 2493 2488 2483 2501 2525 2560 2604 2651 2694 2724 2734
2070 2067 2071 2077 2078 2077 2076 2077 2085 2101 2127 2157 2187 2211 2230 2239 2231 2211 2194 2184 2178 2178 2186 2197 2199 2189 2181 2177 2167 2155 2140 2123 2106 2090 2079 2079 2089 2100 2114 2134 2159 2187 2208 2219 2233 2250 2265 2275 2281 2280 2275 2279 2307 2339 2377 2422 2470 2512 2545 2564 2569 2560 2544 2525 2506 2491 2484 2482 2482 2480 2475 2470 2464 2458 2458 2475 2496 2524 2557 2590 2615 2625
2109 2084 2068 2062 2063 2063 2059 2054 2056 2065 2083 2107 2128 2145 2159 2170 2177 2177 2174 2171 2167 2168 2170 2174 2180 2184 2187 2191 2192 2188 2176 2162 2142 2118 2100 2096 2102 2111 2121 2138 2163 2196 2226 2249 2272 2295 2313 2328 2337 2338 2328 2321 2338 2365 2393 2428 2465 2500 2526 2542 2544 2536 2521 2502 2484 2469 2462 2460 2459 2458 2456 2451 2446 2440 2429 2435 2451 2468 2489 2512 2530 2540
2186 2132 2094 2067 2060 2059 2052 2041 2037 2041 2057 2075 2089 2101 2116 2134 2159 2182 2189 2186 2180 2176 2174 2181 2199 2220 2235 2245 2249 2247 2235 2227 2210 2178 2146 2132 2132 2137 2145 2162 2187 2213 2246 2282 2318 2351 2377 2396 2405 2406 2399 2378 2377 2395 2409 2430 2455 2477 2496 2507 2509 2503 2491 2475 2460 2448 2441 2440 2440 2440 2439 2437 2433 2428 2416 2414 2419 2425 2437 2459 2473 2481
2271 2194 2133 2093 2074 2066 2054 2037 2028 2030 2043 2055 2060 2073 2097 2126 2158 2181 2190 2183 2179 2179 2183 2198 2224 2245 2258 2269 2278 2281 2280 2273 2262 2247 2213 2193 2185 2184 2187 2193 2208 2232 2265 2304 2345 2385 2420 2446 2459 2462 2456 2445 2432 2424 2423 2429 2439 2450 2460 2467 2468 2464 2456 2445 2434 2426 2422 2421 2422 2424 2425 2425 2423 2420 2412 2408 2408 2409 2414 2426 2439 2448
2338 2253 2178 2126 2094 2073 2052 2034 2024 2027 2037 2041 2042 2060 2093 2126 2148 2159 2157 2155 2162 2173 2189 2214 2243 2264 2281 2296 2308 2315 2316 2312 2303 2289 2273 2256 2239 2226 2218 2218 2228 2248 2279 2318 2363 2408 2450 2482 2501 2507 2502 2486 2467 2447 2433 2425 2421 2421 2423 2425 2426 2424 2420 2414 2408 2403 2402 2403 2406 2409 2413 2415 2416 2415 2413 2414 2414 2417 2422 2428 2435 2440
2384 2300 2223 2164 2120 2082 2050 2027 2014 2013 2019 2022 2028 2049 2082 2112 2125 2126 2124 2132 2151 2175 2205 2242 2263 2285 2306 2326 2341 2351 2355 2353 2345 2333 2318 2300 2282 2266 2253 2247 2249 2263 2289 2326 2370 2418 2465 2502 2526 2535 2530 2512 2486 2458 2433 2413 2398 2386 2376 2378 2385 2385 2385 2383 2381 2380 2382 2385 2390 2395 2400 2405 2409 2412 2414 2417 2420 2425 2431 2438 2445 2451
2410 2335 2265 2203 2153 2105 2063 2030 2008 1997 1996 2001 2015 2037 2061 2080 2089 2096 2104 2120 2147 2181 2220 2256 2283 2310 2336 2359 2378 2391 2398 2397 2391 2381 2366 2349 2330 2310 2291 2280 2275 2280 2299 2330 2371 2418 2465 2504 2529 2538 2533 2513 2483 2449 2417 2390 2346 2322 2315 2318 2329 2346 2353 2354 2356 2358 2361 2366 2373 2380 2387 2395 2402 2409 2415 2422 2429 2438 2447 2457 2466 2473
2423 2371 2309 2251 2195 2140 2091 2049 2017 1997 1989 1994 2009 2025 2038 2051 2062 2078 2096 2119 2149 2188 2230 2274 2306 2339 2370 2398 2419 2436 2445 2445 2437 2423 2406 2386 2364 2340 2318 2301 2291 2288 2302 2336 2369 2410 2452 2487 2508 2515 2507 2485 2453 2417 2383 2346 2303 2275 2271 2278 2287 2299 2308 2315 2321 2329 2341 2347 2355 2363 2373 2383 2393 2404 2415 2426 2438 2451 2466 2479 2492 2501
2447 2419 2368 2309 2246 2185 2128 2079 2042 2016 2003 2001 2008 2015 2024 2037 2053 2077 2107 2138 2171 2206 2244 2288 2330 2368 2405 2438 2459 2481 2497 2503 2498 2488 2473 2454 2429 2398 2366 2338 2316 2305 2314 2347 2370 2401 2433 2459 2474 2476 2463 2438 2382 2337 2318 2306 2274 2241 2243 2260 2275 2284 2286 2285 2288 2298 2315 2328 2337 2347 2359 2371 2384 2398 2413 2428 2445 2463 2482 2500 2516 2528
2460 2448 2423 2379 2310 2240 2173 2117 2076 2046 2025 2014 2013 2016 2024 2037 2055 2083 2123 2170 2201 2234 2270 2310 2352 2395 2437 2477 2510 2536 2552 2560 2560 2553 2540 2522 2500 2475 2447 2407 2372 2352 2360 2368 2379 2397 2417 2432 2438 2432 2404 2360 2311 2271 2252 2252 2235 2210 2222 2245 2254 2264 2271 2272 2272 2274 2281 2293 2309 2328 2346 2360 2375 2391 2409 2428 2448 2469 2492 2514 2534 2548
