Capas/PRESENTE/Eje_30s/ASC/bio_03.asc
ncols         993
nrows         433
xllcorner     -105.25566776747
yllcorner     17.599810932142
cellsize      0.0083333333
NODATA_value  -9999
[rows 39 to 77 of 433, columns 0 to 87 of 993]
-9999 -9999 -9999 -9999 -9999 -9999 -9999 -9999 -9999 -9999 -9999 -9999 -9999 -9999 -9999 -9999 -9999 -9999 -9999 -9999 -9999 -9999 -9999 -9999 612 614 616 617 617 619 621 617 620 619 620 621 622 623 625 623 622 623 624 627 627 624 624 626 625 625 628 628 627 627 630 632 631 633 636 635 634 633 632 632 631 629 628 627 628 627 629 627 625 625 627 629 627 626 625 623 625 626 624 622 624 623 621 625
-9999 -9999 -9999 -9999 -9999 -9999 -9999 -9999 -9999 -9999 -9999 -9999 -9999 -9999 -9999 -9999 -9999 -9999 -9999 -9999 -9999 -9999 -9999 -9999 611 614 617 615 617 619 615 618 618 619 619 618 621 620 621 622 622 625 622 628 626 625 629 627 624 627 627 627 629 628 629 628 629 632 634 637 633 632 631 631 630 629 627 628 626 629 627 626 626 627 626 627 627 625 625 624 625 626 624 625 623 625 624 623
-9999 -9999 -9999 -9999 -9999 -9999 -9999 -9999 -9999 -9999 -9999 -9999 -9999 -9999 -9999 -9999 -9999 -9999 -9999 -9999 -9999 -9999 -9999 612 616 615 614 616 615 613 616 614 619 617 618 620 616 621 622 622 623 622 623 624 627 626 627 626 626 627 628 628 627 627 626 628 630 631 634 634 635 634 631 634 633 628 628 628 629 625 627 625 628 626 628 628 629 627 627 625 623 623 624 625 627 625 625 625
-9999 -9999 -9999 -9999 -9999 -9999 -9999 -9999 -9999 -9999 -9999 -9999 -9999 -9999 -9999 -9999 -9999 -9999 -9999 -9999 -9999 -9999 -9999 613 615 616 614 614 616 618 616 618 618 617 620 617 621 619 619 623 623 624 625 624 625 624 624 627 625 628 630 629 626 625 628 631 629 630 632 632 634 630 631 632 633 630 630 631 628 629 626 628 627 628 628 627 629 628 628 627 627 625 626 625 625 624 623 624
-9999 -9999 -9999 -9999 -9999 -9999 -9999 -9999 -9999 -9999 -9999 -9999 -9999 -9999 -9999 -9999 -9999 -9999 -9999 -9999 -9999 -9999 -9999 614 609 611 614 613 615 617 617 617 618 615 616 621 619 621 620 622 625 623 627 623 624 626 627 626 624 629 628 627 631 627 626 626 629 631 632 634 636 633 633 634 631 630 629 631 631 628 629 628 630 626 627 629 629 631 628 626 627 626 626 627 622 627 625 627
-9999 -9999 -9999 -9999 -9999 -9999 -9999 -9999 -9999 -9999 -9999 -9999 -9999 -9999 -9999 -9999 -9999 -9999 -9999 -9999 -9999 -9999 610 612 609 612 615 618 616 615 617 615 618 617 618 617 619 621 622 619 620 624 624 625 624 625 624 625 625 626 627 630 630 626 627 628 628 631 630 636 635 635 635 634 633 632 631 627 629 628 627 630 625 627 627 629 627 630 627 625 624 627 625 626 626 626 625 627
-9999 -9999 -9999 -9999 -9999 -9999 -9999 -9999 -9999 -9999 -9999 -9999 -9999 -9999 -9999 -9999 -9999 -9999 -9999 -9999 -9999 -9999 611 611 610 612 616 614 612 616 617 617 619 618 618 619 618 619 620 620 624 620 626 626 625 625 625 626 627 627 628 632 630 628 627 627 629 630 632 631 634 633 636 633 635 631 631 633 633 630 630 630 628 627 629 628 627 626 628 625 626 629 625 625 629 625 627 624
-9999 -9999 -9999 -9999 -9999 -9999 -9999 -9999 -9999 -9999 -9999 -9999 -9999 -9999 -9999 -9999 -9999 -9999 -9999 -9999 -9999 -9999 610 614 611 613 613 609 614 616 617 619 617 617 616 618 618 619 617 619 623 624 623 624 625 625 624 626 627 631 630 631 629 630 629 628 628 628 631 631 633 634 633 635 635 634 630 632 635 633 632 633 628 627 626 627 630 627 627 625 626 629 628 629 627 626 626 626
-9999 -9999 -9999 -9999 -9999 -9999 -9999 -9999 -9999 -9999 -9999 -9999 -9999 -9999 -9999 -9999 -9999 -9999 -9999 -9999 -9999 611 609 608 611 614 614 616 616 614 617 619 617 619 620 619 621 618 620 623 622 622 625 622 626 625 622 626 627 628 629 629 629 629 628 632 628 628 629 630 631 631 631 633 633 632 634 634 634 632 631 631 626 629 631 629 631 629 626 625 625 625 627 629 627 629 625 626
-9999 -9999 -9999 -9999 -9999 -9999 -9999 -9999 -9999 -9999 -9999 -9999 -9999 -9999 -9999 -9999 -9999 -9999 -9999 -9999 -9999 605 609 608 611 611 613 615 613 612 614 613 616 617 618 617 618 619 621 621 621 620 622 620 623 625 625 627 628 627 627 628 628 630 629 629 626 628 626 628 630 633 634 636 635 635 635 633 635 632 630 630 629 630 628 629 631 627 627 630 628 628 629 626 629 628 625 627
-9999 -9999 -9999 -9999 -9999 -9999 -9999 -9999 -9999 -9999 -9999 -9999 -9999 -9999 -9999 -9999 -9999 -9999 -9999 -9999 -9999 606 609 609 609 608 611 611 615 614 615 614 616 615 615 618 617 617 621 623 620 621 622 621 622 626 626 626 627 629 625 626 627 628 628 627 627 630 629 634 632 635 635 635 634 637 636 635 635 634 633 627 627 630 628 626 626 628 630 626 628 626 626 629 629 627 626 628
-9999 -9999 -9999 -9999 -9999 -9999 -9999 -9999 -9999 -9999 -9999 -9999 -9999 -9999 -9999 -9999 -9999 -9999 -9999 -9999 606 607 608 610 607 610 610 610 612 614 613 613 614 617 615 617 618 616 620 621 620 619 620 624 624 624 624 624 628 628 628 628 628 631 630 626 627 632 633 632 631 637 634 637 639 636 634 637 633 632 631 626 630 628 631 630 632 630 629 629 627 626 627 627 625 627 629 628
-9999 -9999 -9999 -9999 -9999 -9999 -9999 -9999 -9999 -9999 -9999 -9999 -9999 -9999 -9999 -9999 -9999 -9999 -9999 -9999 604 605 608 608 609 608 609 610 615 613 615 611 613 615 616 615 616 618 619 621 621 618 622 625 622 627 627 623 627 630 629 631 629 633 632 632 629 628 631 634 633 634 636 638 635 634 636 632 632 630 631 630 628 630 633 632 631 631 629 627 626 627 627 626 628 626 628 625
-9999 -9999 -9999 -9999 -9999 -9999 -9999 -9999 -9999 -9999 -9999 -9999 -9999 -9999 -9999 -9999 -9999 -9999 -9999 -9999 602 606 607 609 606 608 607 609 613 612 611 613 611 618 616 617 616 614 622 618 622 623 621 620 624 625 625 626 626 629 632 627 629 632 634 631 630 634 630 632 636 635 634 634 634 633 633 632 633 631 630 629 627 630 629 631 630 632 630 627 627 628 629 624 628 626 627 629
-9999 -9999 -9999 -9999 -9999 -9999 -9999 -9999 -9999 -9999 -9999 -9999 -9999 -9999 -9999 -9999 -9999 -9999 -9999 603 605 608 608 611 607 605 606 608 612 611 614 613 611 614 615 616 618 619 620 618 622 619 622 623 623 624 624 624 623 627 630 629 631 630 630 633 630 632 632 635 635 636 633 632 632 632 631 630 630 629 628 632 629 632 632 633 632 631 629 625 628 629 629 627 626 628 626 628
-9999 -9999 -9999 -9999 -9999 -9999 -9999 -9999 -9999 -9999 -9999 -9999 -9999 -9999 -9999 -9999 -9999 -9999 -9999 603 603 606 608 606 608 609 609 608 607 610 612 615 614 616 618 618 617 617 619 621 620 622 622 622 622 623 622 627 626 627 630 629 630 633 632 632 630 630 629 633 634 633 636 632 631 633 630 633 629 631 627 630 633 632 630 632 631 630 630 628 627 629 627 628 626 626 625 627
-9999 -9999 -9999 -9999 -9999 -9999 -9999 -9999 -9999 -9999 -9999 -9999 -9999 -9999 -9999 -9999 -9999 -9999 -9999 603 604 603 604 604 606 608 607 610 611 611 611 613 613 614 617 614 616 618 618 619 622 619 623 622 621 621 625 625 625 629 628 629 631 631 634 631 630 632 631 632 631 631 631 634 630 629 632 631 631 630 629 632 631 630 632 632 633 633 628 629 625 628 629 627 627 629 625 627
-9999 -9999 -9999 -9999 -9999 -9999 -9999 -9999 -9999 -9999 -9999 -9999 -9999 -9999 -9999 -9999 -9999 -9999 598 603 603 605 601 605 608 608 605 610 610 609 613 610 613 614 613 618 616 618 617 619 620 619 624 623 620 624 624 623 628 628 628 632 633 634 632 633 631 629 631 631 631 633 632 635 632 628 630 632 633 629 627 631 633 633 635 634 633 628 628 629 628 627 626 628 629 625 625 626
-9999 -9999 -9999 -9999 -9999 -9999 -9999 -9999 -9999 -9999 -9999 -9999 -9999 -9999 -9999 -9999 -9999 -9999 601 603 603 604 604 604 605 604 605 608 608 611 608 611 610 613 612 614 616 616 618 618 619 620 623 620 623 622 627 627 627 627 630 629 633 632 631 631 635 631 632 630 628 631 631 632 630 629 628 629 631 630 629 629 632 631 633 632 632 630 631 629 626 629 628 627 629 628 628 627
-9999 -9999 -9999 -9999 -9999 -9999 -9999 -9999 -9999 -9999 -9999 -9999 -9999 -9999 -9999 -9999 -9999 -9999 599 599 604 603 605 609 606 609 608 608 610 610 608 611 609 611 613 613 616 615 618 617 619 619 619 623 619 623 627 629 629 629 629 632 631 631 631 629 633 629 627 630 630 633 633 631 632 631 631 630 629 629 633 631 633 632 632 633 630 633 627 628 625 628 627 626 627 627 627 627
-9999 -9999 -9999 -9999 -9999 -9999 -9999 -9999 -9999 -9999 -9999 -9999 -9999 -9999 -9999 -9999 -9999 -9999 599 601 605 602 606 605 610 610 608 608 608 611 612 610 613 612 615 615 615 616 616 617 618 621 622 623 621 625 622 625 629 628 627 631 632 632 628 630 627 626 627 628 631 631 632 634 630 632 628 629 627 626 629 629 631 630 632 629 632 630 630 629 628 629 629 628 626 626 627 626
-9999 -9999 -9999 -9999 -9999 -9999 -9999 -9999 -9999 -9999 -9999 -9999 -9999 -9999 -9999 -9999 -9999 -9999 602 602 606 602 606 608 608 606 607 605 608 610 610 613 611 612 613 614 616 617 617 617 618 618 622 622 622 622 625 625 628 630 627 629 629 631 631 629 629 627 628 628 630 631 632 632 631 631 628 630 630 628 628 628 630 629 628 631 629 629 627 627 626 628 628 628 629 626 626 628
-9999 -9999 -9999 -9999 -9999 -9999 -9999 -9999 -9999 -9999 -9999 -9999 -9999 -9999 -9999 -9999 -9999 601 601 597 603 603 605 605 607 607 606 607 606 608 611 612 612 611 614 612 613 613 617 614 621 618 621 622 625 625 627 627 626 627 629 631 634 629 629 632 630 629 629 629 630 628 634 631 630 629 629 632 627 629 630 628 632 628 630 629 629 630 627 629 625 627 626 625 627 625 626 625
-9999 -9999 -9999 -9999 -9999 -9999 -9999 -9999 -9999 -9999 -9999 -9999 -9999 -9999 -9999 -9999 -9999 601 603 603 604 605 606 604 609 608 607 608 611 609 612 610 611 612 614 615 616 616 618 617 617 617 621 622 621 623 623 623 623 628 631 630 629 628 631 632 632 628 630 629 630 628 633 631 630 629 629 629 629 632 630 628 629 629 631 631 629 628 628 627 627 629 626 626 626 625 623 625
-9999 -9999 -9999 -9999 -9999 -9999 -9999 -9999 -9999 -9999 -9999 -9999 -9999 -9999 -9999 -9999 -9999 599 601 602 605 606 606 604 607 610 609 609 608 610 613 609 611 612 612 615 612 616 617 618 619 618 617 620 619 623 623 622 625 624 626 629 628 631 630 628 626 628 628 629 630 630 630 631 630 628 631 627 631 630 629 629 627 630 626 629 628 627 626 628 626 628 626 626 625 625 626 627
-9999 -9999 -9999 -9999 -9999 -9999 -9999 -9999 -9999 -9999 -9999 -9999 -9999 -9999 -9999 -9999 -9999 597 602 602 603 605 603 607 608 607 607 610 609 611 612 611 612 614 611 616 613 615 615 618 618 618 616 620 622 623 623 624 625 625 625 627 630 629 630 627 629 628 627 626 629 630 628 630 631 630 629 626 627 627 629 630 629 628 628 631 630 626 625 628 625 626 625 623 624 625 624 626
-9999 -9999 -9999 -9999 -9999 -9999 -9999 -9999 -9999 -9999 -9999 -9999 -9999 -9999 -9999 -9999 -9999 599 600 601 603 601 602 604 605 605 608 607 611 614 611 613 613 613 611 613 614 615 615 614 618 618 619 620 622 622 621 622 622 625 627 626 628 627 624 629 628 629 628 628 627 627 629 629 631 630 630 629 629 628 628 628 627 627 626 628 627 627 627 626 628 627 625 625 624 623 624 625
-9999 -9999 -9999 -9999 -9999 -9999 -9999 -9999 -9999 -9999 -9999 -9999 -9999 -9999 -9999 -9999 -9999 594 594 595 604 605 605 606 603 604 607 606 608 606 611 614 612 609 610 612 614 616 616 615 618 618 617 619 622 620 623 620 622 620 621 625 624 625 628 630 625 628 627 626 628 627 627 630 632 628 629 628 627 628 628 629 631 627 628 627 626 626 624 624 627 626 626 625 626 626 625 626
-9999 -9999 -9999 -9999 -9999 -9999 -9999 -9999 -9999 -9999 -9999 -9999 -9999 -9999 -9999 -9999 -9999 596 593 598 602 602 603 606 605 606 605 609 606 608 610 612 612 613 611 611 614 615 616 615 615 618 618 620 619 621 619 618 621 622 625 628 626 628 626 627 627 629 629 627 625 626 625 631 631 630 629 629 624 629 627 627 627 630 629 625 625 624 626 626 627 624 626 626 622 624 624 625
-9999 -9999 -9999 -9999 -9999 -9999 -9999 -9999 -9999 -9999 -9999 -9999 -9999 -9999 -9999 -9999 -9999 589 594 599 600 601 600 604 605 606 607 606 607 609 608 609 610 611 609 612 613 613 613 615 615 614 616 616 619 620 622 621 620 623 623 622 623 626 628 627 625 624 626 627 627 624 627 628 629 630 630 626 629 629 629 628 628 628 626 625 626 625 624 624 624 625 626 624 626 625 625 623
-9999 -9999 -9999 -9999 -9999 -9999 -9999 -9999 -9999 -9999 -9999 -9999 -9999 -9999 -9999 -9999 -9999 596 594 600 594 602 604 604 603 605 608 607 605 607 610 611 612 611 613 614 610 611 613 613 612 618 617 615 619 619 620 620 618 620 621 620 622 620 622 624 627 625 627 626 626 625 627 627 626 628 627 628 628 628 626 629 625 625 624 627 624 623 624 625 624 624 624 623 623 621 623 622
-9999 -9999 -9999 -9999 -9999 -9999 -9999 -9999 -9999 -9999 -9999 -9999 -9999 -9999 -9999 -9999 -9999 597 596 596 596 601 600 601 604 605 607 606 607 610 607 609 610 611 611 611 613 611 610 613 615 615 617 616 616 619 619 619 621 620 618 619 621 623 622 622 625 623 621 625 624 626 625 628 624 627 630 626 628 627 625 624 626 626 624 622 625 622 624 623 623 625 624 625 623 623 624 621
-9999 -9999 -9999 -9999 -9999 -9999 -9999 -9999 -9999 -9999 -9999 -9999 -9999 -9999 -9999 -9999 -9999 597 599 598 598 600 605 600 603 603 606 607 606 608 609 609 611 609 609 612 611 610 614 614 616 614 616 616 617 618 617 619 616 619 621 621 622 621 620 622 620 621 623 625 625 620 622 627 628 628 625 627 626 625 626 626 625 624 624 623 625 626 625 622 625 624 622 623 625 624 621 621
-9999 -9999 -9999 -9999 -9999 -9999 -9999 -9999 -9999 -9999 -9999 -9999 -9999 -9999 -9999 -9999 -9999 596 599 598 598 599 603 602 607 605 607 606 608 607 607 610 612 609 614 612 613 616 614 614 613 615 616 617 618 618 616 617 619 618 619 619 619 619 618 619 622 620 625 621 622 621 623 623 626 625 628 625 624 624 623 625 623 626 624 621 620 624 624 623 623 623 625 621 624 622 620 621
-9999 -9999 -9999 -9999 -9999 -9999 -9999 -9999 -9999 -9999 -9999 -9999 -9999 -9999 -9999 -9999 -9999 595 597 601 601 600 604 604 603 606 606 604 607 608 609 609 611 610 610 614 615 616 615 614 616 614 613 615 617 618 616 617 617 618 619 619 617 618 620 619 620 620 621 622 623 623 622 625 628 626 623 625 625 625 625 624 624 622 625 622 623 621 621 621 622 620 622 623 625 621 623 620
-9999 -9999 -9999 -9999 -9999 -9999 -9999 -9999 -9999 -9999 -9999 -9999 -9999 -9999 -9999 -9999 -9999 599 600 603 599 603 602 606 603 607 606 609 607 608 610 607 610 609 611 611 614 613 612 614 613 614 613 615 615 614 615 616 614 614 621 616 620 617 618 619 621 623 620 618 619 620 623 622 623 625 623 627 625 623 622 623 625 624 624 623 624 623 622 622 622 622 621 622 622 621 622 623
-9999 -9999 -9999 -9999 -9999 -9999 -9999 -9999 -9999 -9999 -9999 -9999 -9999 -9999 -9999 -9999 -9999 -9999 597 598 599 598 602 604 603 607 605 604 605 607 608 609 611 610 610 613 611 610 612 612 612 614 613 614 613 616 614 616 614 617 615 617 617 617 618 619 622 620 623 618 619 622 626 625 623 623 621 621 623 623 624 622 624 622 622 622 622 621 622 620 622 621 623 622 622 622 621 620
-9999 -9999 -9999 -9999 -9999 -9999 -9999 -9999 -9999 -9999 -9999 -9999 -9999 -9999 -9999 -9999 -9999 -9999 597 597 597 601 603 603 606 605 603 606 607 608 609 608 611 615 612 614 612 612 613 611 613 612 613 613 614 613 614 614 615 617 615 616 617 618 619 620 619 619 620 619 618 620 622 622 625 623 624 623 621 622 621 620 620 621 622 623 620 622 623 620 622 619 621 621 621 620 623 619
-9999 -9999 -9999 -9999 -9999 -9999 -9999 -9999 -9999 -9999 -9999 -9999 -9999 -9999 -9999 -9999 -9999 -9999 596 595 600 599 601 605 603 603 605 607 610 610 607 610 611 611 612 614 613 610 612 611 613 611 614 611 615 616 614 617 616 616 617 617 617 614 617 618 616 618 618 619 620 619 621 620 623 621 622 621 624 620 621 622 622 622 620 622 621 621 621 620 620 621 621 620 619 622 621 620
