Capas/PRESENTE/Eje_30s/ASC/bio_17.asc
ncols         993
nrows         433
xllcorner     -105.25566776747
yllcorner     17.599810932142
cellsize      0.0083333333
NODATA_value  -9999
[rows 234 to 272 of 433, columns 880 to 967 of 993]
322 316 311 305 301 295 292 287 283 280 277 276 275 275 275 276 277 279 281 284 286 289 290 291 292 293 294 295 296 298 298 300 300 302 301 301 303 302 303 303 303 304 305 305 306 307 309 312 315 320 326 336 348 366 386 408 430 453 470 484 496 506 512 517 521 524 528 535 546 561 579 606 635 668 705 748 793 843 896 953 1010 1068 1123 1172 1213 1251 1286 1318
326 319 313 306 302 297 293 289 285 281 280 278 277 277 277 278 278 281 282 283 285 288 290 291 292 293 294 295 296 297 299 299 300 301 301 301 302 302 302 304 303 304 304 305 306 307 309 311 315 322 326 334 347 363 377 396 418 438 458 474 488 500 510 516 522 529 537 547 561 579 601 629 661 696 734 775 820 868 919 973 1028 1083 1135 1183 1223 1260 1294 1326
327 320 314 307 303 298 294 289 286 283 282 280 279 278 279 279 280 281 283 285 286 288 290 291 292 293 296 296 298 298 300 299 300 301 301 301 302 301 302 302 303 303 303 304 305 307 308 311 316 322 326 333 344 358 371 389 408 427 446 464 481 493 503 512 522 534 545 559 576 597 624 654 688 724 762 802 843 891 941 991 1045 1098 1147 1192 1231 1268 1301 1331
329 321 315 309 303 299 295 291 287 285 284 282 282 281 281 281 282 283 284 285 286 290 290 292 293 295 296 297 298 299 300 300 300 301 301 300 302 301 302 302 303 303 303 303 305 307 308 310 314 318 326 332 343 353 367 383 400 419 438 457 472 487 499 512 525 540 555 571 592 617 646 679 715 752 790 828 868 912 959 1007 1059 1108 1156 1197 1236 1270 1301 1333
329 321 315 310 304 300 296 292 289 288 286 285 284 284 284 284 284 285 286 287 288 290 292 293 294 295 298 298 300 300 300 301 301 301 301 300 301 301 301 302 301 303 302 303 305 305 307 310 314 319 326 333 343 353 364 379 395 413 434 453 470 485 501 516 533 548 565 586 610 637 670 704 741 778 815 852 890 930 977 1023 1071 1119 1164 1202 1239 1271 1302 1333
330 323 317 310 306 302 297 294 291 290 288 287 287 286 287 286 286 287 288 287 290 292 293 294 296 297 298 299 300 301 302 301 301 301 301 300 300 299 301 301 301 301 302 303 304 305 307 311 315 321 327 335 344 355 367 380 395 414 434 453 472 489 505 524 541 560 579 601 628 659 692 728 766 803 839 874 910 949 992 1037 1082 1128 1169 1207 1240 1272 1302 1335
331 324 318 313 307 303 300 296 293 293 290 290 289 289 289 288 288 288 289 290 291 293 295 295 297 297 300 301 302 301 302 302 301 301 301 301 300 299 300 301 301 302 303 304 305 307 310 312 316 321 328 338 347 358 371 385 401 419 438 458 477 497 515 535 553 573 595 620 649 680 715 751 788 824 860 895 930 969 1009 1052 1095 1136 1175 1210 1243 1273 1305 1337
332 325 320 314 310 306 303 299 297 295 294 293 293 292 292 291 291 291 292 292 293 295 295 297 298 300 300 302 302 303 303 302 301 301 300 300 300 300 299 301 302 303 303 305 307 309 312 315 319 325 332 341 351 363 377 392 408 426 446 466 487 507 529 548 569 591 613 640 670 703 737 772 808 844 878 913 949 986 1026 1067 1108 1146 1182 1217 1248 1279 1310 1343
333 326 321 316 312 309 306 303 300 299 298 298 296 296 295 295 295 294 294 296 297 297 298 299 300 301 303 303 303 304 304 303 302 301 300 300 300 300 299 301 303 306 307 309 311 313 316 319 324 329 337 346 357 369 384 399 418 436 456 478 500 523 544 566 588 610 634 661 692 725 759 793 826 859 894 928 964 1003 1042 1082 1121 1159 1195 1228 1260 1291 1321 1352
333 328 323 321 317 312 311 307 304 303 300 300 299 300 299 300 299 297 298 298 300 300 300 302 302 304 305 304 305 305 304 303 303 301 300 300 299 300 302 305 307 311 314 315 317 319 322 326 329 335 342 352 363 377 392 410 428 449 470 493 518 541 564 587 609 632 657 684 715 746 780 811 844 877 909 942 978 1017 1056 1097 1137 1176 1213 1247 1278 1307 1335 1363
333 329 325 322 320 317 314 311 308 306 306 304 304 304 305 304 304 302 302 302 303 304 304 306 306 308 308 307 307 306 305 304 303 301 300 300 299 302 305 310 315 318 322 325 325 327 331 333 338 342 349 358 370 385 402 420 440 462 486 512 537 561 586 610 632 656 681 708 737 768 800 831 861 891 922 954 989 1028 1069 1112 1154 1195 1233 1268 1299 1327 1352 1377
334 330 327 325 324 321 318 315 314 312 310 311 311 311 311 311 311 309 308 309 309 309 310 310 311 312 312 311 310 309 308 307 305 303 300 300 301 304 308 315 322 327 331 334 337 339 340 341 346 350 357 367 378 394 410 431 453 477 503 531 558 584 609 633 657 681 705 731 760 790 820 849 876 904 934 965 999 1037 1080 1124 1167 1212 1251 1287 1318 1345 1366 1388
332 333 329 325 325 324 322 320 319 317 316 317 317 320 319 318 317 317 317 318 318 317 318 318 317 318 318 317 314 313 311 310 306 304 301 300 303 308 314 322 332 337 342 345 348 349 350 352 354 358 364 374 386 402 421 442 466 492 519 550 579 606 632 657 680 704 729 755 783 811 839 866 891 918 944 974 1008 1046 1089 1135 1179 1224 1265 1301 1332 1356 1376 1392
329 334 332 327 326 325 326 324 323 323 323 323 323 327 328 326 325 324 325 325 327 327 326 326 327 326 324 322 320 317 314 313 310 307 304 303 306 310 319 330 343 348 352 355 356 356 357 358 361 366 372 382 394 411 431 453 478 506 536 570 600 627 654 678 703 727 752 778 804 831 858 882 905 930 955 983 1016 1054 1098 1142 1189 1233 1274 1311 1340 1363 1381 1396
323 327 328 324 325 327 330 327 328 329 329 330 331 333 336 335 332 330 331 332 334 335 335 336 336 336 334 331 327 323 319 317 315 312 310 307 309 312 322 333 346 355 357 359 360 361 361 365 367 372 380 389 403 419 440 464 490 519 550 583 617 645 673 699 724 749 774 799 824 851 874 898 918 940 965 991 1024 1061 1104 1150 1195 1240 1280 1316 1343 1365 1386 1405
318 320 320 320 321 324 329 333 334 335 336 337 338 339 339 339 338 336 335 335 338 340 344 346 347 347 344 341 335 329 325 320 319 317 314 312 312 316 322 332 344 355 355 357 359 360 364 366 371 377 385 395 410 427 448 473 501 530 563 596 628 661 689 717 742 767 793 819 843 867 891 910 930 950 973 999 1030 1067 1109 1155 1200 1245 1285 1318 1345 1369 1390 1409
312 313 315 315 320 325 332 337 340 343 343 345 343 346 343 342 341 339 338 341 345 348 351 356 357 356 355 352 346 338 332 326 322 322 318 318 319 320 323 331 339 344 348 352 355 359 363 368 373 380 389 400 415 434 456 481 509 540 573 607 639 672 702 731 758 784 809 834 858 881 903 921 940 959 980 1005 1036 1072 1114 1157 1205 1247 1288 1319 1346 1369 1389 1408
308 308 311 315 319 327 332 337 344 350 348 350 349 350 348 344 342 337 337 341 346 354 360 365 365 366 364 361 356 348 339 334 330 330 329 327 326 324 326 330 336 341 343 347 350 354 360 366 373 382 392 405 420 440 462 487 516 547 581 615 648 681 712 742 770 799 823 848 871 892 913 930 946 964 986 1011 1040 1076 1116 1159 1204 1248 1286 1318 1344 1364 1385 1406
307 307 312 314 320 327 334 340 344 351 354 354 353 353 350 345 341 336 336 339 346 357 370 373 376 375 375 372 364 358 349 342 341 341 340 338 333 330 330 333 334 338 341 343 346 351 357 365 373 382 394 407 424 443 466 493 522 553 587 621 655 688 721 751 780 808 835 858 881 900 917 934 951 967 988 1013 1043 1076 1116 1158 1202 1244 1281 1313 1337 1359 1381 1403
306 307 312 315 322 329 337 343 347 353 359 357 356 352 348 344 338 334 334 337 344 355 369 368 379 382 378 376 372 363 357 352 348 347 346 341 338 337 335 335 336 336 340 343 345 349 354 361 373 384 395 409 425 446 469 496 525 557 590 624 659 693 726 758 788 816 842 865 886 904 921 936 952 967 988 1013 1043 1078 1115 1156 1198 1236 1273 1305 1330 1353 1376 1401
308 309 312 317 325 335 341 347 351 356 360 359 355 352 346 341 336 331 331 334 342 350 361 360 365 371 376 370 370 366 363 359 355 353 352 349 346 345 343 340 340 339 339 341 344 346 352 360 370 382 394 409 427 447 471 499 527 559 592 627 661 696 729 761 791 820 845 868 888 905 921 936 951 966 987 1011 1041 1075 1113 1152 1191 1227 1264 1296 1323 1348 1374 1403
311 312 315 320 329 337 344 349 352 355 356 354 353 349 345 339 337 333 328 328 333 338 349 355 354 362 367 365 361 364 363 365 362 359 358 358 355 354 350 348 346 345 344 344 345 347 351 359 368 380 393 408 427 448 471 497 527 560 593 627 662 696 731 763 793 821 846 869 887 904 920 933 947 965 985 1010 1040 1072 1108 1148 1183 1221 1255 1288 1318 1346 1371 1401
314 316 319 323 330 336 341 347 352 355 353 351 350 346 342 337 335 333 327 323 326 331 337 342 345 349 355 353 358 363 364 368 366 365 366 367 366 364 361 357 355 354 353 350 348 349 353 358 366 377 391 407 425 446 471 498 527 558 591 626 661 695 729 762 793 820 844 865 883 900 915 929 945 962 983 1009 1038 1071 1107 1144 1179 1216 1249 1284 1314 1346 1376 1409
317 318 321 326 330 336 341 344 349 351 351 350 347 343 339 335 332 331 327 321 321 325 329 332 336 339 341 342 346 350 354 358 367 371 372 372 377 375 370 367 365 363 360 356 354 353 356 361 367 377 391 406 425 444 469 496 524 556 589 623 659 693 727 759 789 817 839 859 877 892 908 923 939 959 982 1008 1039 1074 1112 1150 1184 1216 1249 1284 1317 1351 1387 1423
320 322 325 328 332 337 343 345 347 348 348 348 344 341 337 333 332 329 325 322 321 323 326 327 329 330 332 335 336 339 344 350 360 374 375 375 380 385 380 377 372 371 368 363 362 359 359 364 369 378 390 405 422 444 467 494 523 554 586 620 655 688 722 754 783 809 830 850 867 883 898 913 932 953 978 1010 1044 1085 1127 1168 1199 1227 1253 1286 1320 1358 1394 1428
324 326 330 333 336 339 342 346 346 347 347 346 344 341 337 334 331 328 326 322 321 322 322 324 325 325 326 326 329 332 336 344 355 366 376 374 385 393 386 383 381 377 375 372 368 366 365 367 372 381 391 405 422 442 465 491 519 548 582 615 650 682 715 745 774 798 820 838 855 871 887 903 922 945 974 1008 1048 1096 1146 1186 1215 1237 1261 1291 1329 1367 1403 -9999
328 329 331 335 338 339 342 344 346 347 347 346 343 340 339 335 332 330 327 323 323 323 322 322 321 321 322 322 325 326 329 335 343 359 371 374 380 393 392 387 389 386 381 380 377 375 374 373 377 384 393 406 422 440 462 487 515 545 576 609 641 675 706 735 762 785 807 824 841 856 871 889 909 934 966 1004 1050 1102 1156 1197 1225 1246 1269 1302 1341 1380 1416 -9999
333 334 336 338 339 341 344 345 346 348 347 346 344 341 339 336 334 331 327 324 324 323 322 322 321 320 320 320 321 321 325 329 335 347 354 369 375 379 393 391 395 391 389 386 384 383 382 382 384 389 396 407 423 439 460 484 512 540 569 600 633 665 695 724 748 771 791 808 824 840 855 873 894 920 954 994 1044 1098 1152 1194 1222 1245 1272 1306 1346 1390 1428 1462
339 340 340 342 344 344 346 346 349 350 349 348 346 344 341 338 337 335 331 328 326 325 324 324 321 322 319 319 319 320 321 325 329 336 344 358 367 368 385 394 399 399 395 395 393 392 391 392 391 395 401 410 423 438 457 481 506 533 561 592 623 654 682 711 734 755 775 792 807 822 837 855 877 904 939 980 1028 1080 1131 1174 1206 1235 1268 1307 1351 1396 1438 -9999
346 346 346 347 347 349 349 351 351 352 352 351 350 348 344 342 341 338 335 330 329 328 325 324 323 322 321 320 319 319 320 322 325 330 335 345 350 360 377 386 399 402 403 403 402 400 401 401 400 402 406 413 425 438 457 477 500 525 553 583 612 640 667 693 717 738 758 774 788 803 819 837 858 886 922 962 1008 1057 1105 1148 1185 1221 1260 1307 1355 1401 1442 -9999
354 353 353 353 352 353 354 354 355 356 356 356 354 353 350 346 344 342 339 334 331 330 328 326 326 324 323 321 320 319 319 321 323 324 328 334 342 353 367 376 387 400 412 412 410 409 409 410 410 410 412 419 426 439 455 474 494 519 544 571 599 624 650 675 699 720 739 756 772 786 801 817 838 865 900 940 987 1033 1079 1123 1163 1206 1253 1301 1353 1401 -9999 -9999
359 360 359 358 358 358 358 359 359 359 360 361 359 357 355 352 348 345 342 338 334 331 330 328 327 325 324 322 321 320 320 320 321 322 325 331 338 345 355 366 379 393 413 420 418 418 418 418 419 418 420 423 429 440 453 470 489 511 535 560 585 610 635 660 682 702 721 738 754 768 783 800 821 847 881 921 966 1010 1056 1100 1145 1191 1242 1292 1345 1396 -9999 -9999
365 364 364 364 363 363 364 363 364 364 364 364 363 362 359 356 351 348 344 341 336 333 332 330 328 327 325 323 323 321 320 319 319 321 326 334 338 344 350 361 376 392 410 423 428 425 426 424 426 425 426 428 434 441 452 467 485 504 526 549 572 595 619 642 664 684 703 720 735 750 767 786 808 836 866 903 948 991 1037 1083 1130 1178 1232 1285 1338 -9999 -9999 -9999
370 369 368 368 368 368 368 367 367 368 368 368 366 365 362 359 355 351 347 343 339 336 335 332 330 328 326 324 323 322 322 319 321 323 325 330 338 346 350 360 372 388 408 420 433 434 430 432 433 431 431 432 437 443 453 465 480 498 518 539 558 581 602 625 646 666 685 702 720 735 753 772 795 821 855 891 934 978 1023 1070 1119 1170 1224 1279 1332 -9999 -9999 -9999
369 370 371 371 371 371 371 371 372 372 371 369 368 368 365 363 359 353 349 346 342 338 335 334 332 330 327 327 325 323 322 320 321 326 327 330 341 351 357 366 375 386 405 418 429 436 434 435 437 435 434 435 437 443 451 462 477 493 510 528 546 565 587 607 629 649 667 686 703 721 739 759 782 808 842 881 923 967 1013 1061 1112 1163 1218 1272 -9999 -9999 -9999 -9999
368 371 372 373 373 373 374 373 374 374 371 371 370 369 367 364 359 354 351 347 344 341 338 335 333 330 329 328 326 324 323 321 321 324 324 326 333 339 348 362 372 384 398 410 420 434 437 435 437 438 436 435 436 441 450 460 473 486 502 517 534 552 573 592 612 631 652 670 688 707 726 748 771 798 832 870 912 957 1004 1054 1105 1158 1211 -9999 -9999 -9999 -9999 -9999
368 370 372 373 374 375 375 374 374 373 373 371 370 369 367 363 359 355 352 348 345 342 339 337 334 332 332 329 327 325 322 321 319 322 322 325 328 335 344 351 359 376 392 402 411 426 431 432 435 433 433 432 433 438 444 455 466 478 493 507 521 540 559 577 596 615 635 654 674 693 713 736 760 788 821 858 901 947 994 1045 1097 1150 -9999 -9999 -9999 -9999 -9999 -9999
368 370 372 374 375 374 374 374 373 373 372 371 369 369 366 362 357 354 351 348 345 343 340 337 336 335 332 331 328 326 323 322 319 319 320 322 327 331 337 347 364 381 390 394 401 416 423 425 427 427 427 429 430 432 439 448 458 469 483 496 509 527 544 562 581 601 619 639 658 679 700 723 748 777 811 847 890 935 984 1035 1087 -9999 -9999 -9999 -9999 -9999 -9999 -9999
368 371 373 373 374 374 373 373 372 371 370 369 368 367 362 359 356 353 352 349 347 344 341 339 338 336 334 332 331 328 325 322 320 320 320 322 324 328 333 342 356 364 377 389 392 402 414 416 417 418 420 421 423 427 433 441 450 461 473 484 497 513 529 547 564 584 604 623 643 665 687 711 737 766 800 837 879 925 974 1027 -9999 -9999 -9999 -9999 -9999 -9999 -9999 -9999
