Capas/PRESENTE/Eje_30s/ASC/bio_11.asc
ncols         993
nrows         433
xllcorner     -105.25566776747
yllcorner     17.599810932142
cellsize      0.0083333333
NODATA_value  -9999
[rows 36 to 71 of 433, columns 0 to 81 of 993]
-9999 -9999 -9999 -9999 -9999 -9999 -9999 -9999 -9999 -9999 -9999 -9999 -9999 -9999 -9999 -9999 -9999 -9999 -9999 -9999 -9999 -9999 -9999 -9999 -9999 2943 2949 2948 2949 2944 2946 2946 2945 2946 2943 2950 2948 2937 2933 2928 2926 2931 2938 2946 2944 2935 2931 2922 2919 2917 2915 2910 2905 2902 2888 2881 2892 2881 2871 2882 2891 2900 2910 2915 2920 2922 2923 2924 2925 2921 2919 2924 2933 2941 2943 2940 2945 2948 2937 2930 2928 2929
-9999 -9999 -9999 -9999 -9999 -9999 -9999 -9999 -9999 -9999 -9999 -9999 -9999 -9999 -9999 -9999 -9999 -9999 -9999 -9999 -9999 -9999 -9999 -9999 -9999 2939 2944 2947 2945 2944 2946 2936 2939 2941 2935 2944 2950 2949 2948 2938 2934 2945 2949 2950 2946 2935 2930 2921 2909 2916 2925 2920 2919 2906 2899 2898 2901 2890 2877 2886 2894 2897 2904 2907 2916 2920 2922 2924 2926 2924 2925 2929 2937 2939 2933 2933 2939 2947 2936 2929 2928 2926
-9999 -9999 -9999 -9999 -9999 -9999 -9999 -9999 -9999 -9999 -9999 -9999 -9999 -9999 -9999 -9999 -9999 -9999 -9999 -9999 -9999 -9999 -9999 -9999 2927 2934 2940 2941 2941 2944 2945 2936 2938 2934 2930 2935 2940 2945 2948 2946 2946 2945 2944 2944 2945 2937 2931 2927 2924 2924 2931 2926 2919 2912 2913 2911 2905 2895 2881 2881 2890 2896 2904 2912 2915 2918 2920 2923 2925 2927 2927 2928 2937 2933 2930 2930 2936 2947 2944 2929 2926 2926
-9999 -9999 -9999 -9999 -9999 -9999 -9999 -9999 -9999 -9999 -9999 -9999 -9999 -9999 -9999 -9999 -9999 -9999 -9999 -9999 -9999 -9999 -9999 -9999 2928 2934 2933 2932 2935 2934 2932 2931 2930 2927 2919 2925 2930 2934 2933 2937 2931 2927 2929 2940 2941 2944 2943 2940 2938 2936 2937 2931 2924 2923 2923 2912 2907 2898 2883 2881 2892 2898 2906 2911 2912 2917 2922 2924 2927 2927 2925 2928 2936 2937 2933 2929 2931 2937 2943 2937 2930 2929
-9999 -9999 -9999 -9999 -9999 -9999 -9999 -9999 -9999 -9999 -9999 -9999 -9999 -9999 -9999 -9999 -9999 -9999 -9999 -9999 -9999 -9999 -9999 -9999 2936 2938 2935 2930 2929 2929 2922 2920 2924 2928 2924 2920 2919 2914 2914 2912 2914 2912 2925 2934 2937 2940 2936 2935 2940 2939 2935 2936 2929 2928 2921 2914 2910 2897 2889 2883 2890 2896 2904 2908 2910 2916 2923 2922 2930 2927 2925 2932 2935 2930 2932 2926 2923 2929 2937 2947 2936 2930
-9999 -9999 -9999 -9999 -9999 -9999 -9999 -9999 -9999 -9999 -9999 -9999 -9999 -9999 -9999 -9999 -9999 -9999 -9999 -9999 -9999 -9999 -9999 2939 2938 2939 2932 2927 2919 2922 2919 2916 2916 2920 2919 2912 2903 2905 2910 2904 2899 2910 2924 2923 2933 2936 2937 2927 2928 2929 2923 2933 2933 2933 2926 2920 2915 2906 2895 2888 2888 2894 2901 2907 2912 2919 2920 2921 2925 2927 2933 2934 2932 2931 2928 2921 2913 2922 2933 2943 2940 2929
-9999 -9999 -9999 -9999 -9999 -9999 -9999 -9999 -9999 -9999 -9999 -9999 -9999 -9999 -9999 -9999 -9999 -9999 -9999 -9999 -9999 -9999 -9999 2944 2942 2936 2932 2928 2925 2927 2924 2920 2915 2914 2915 2908 2899 2898 2906 2903 2897 2902 2907 2911 2923 2928 2933 2929 2917 2916 2915 2921 2919 2929 2929 2921 2918 2909 2902 2891 2890 2896 2902 2908 2911 2915 2916 2916 2916 2919 2927 2931 2928 2928 2923 2917 2912 2911 2919 2936 2941 2930
-9999 -9999 -9999 -9999 -9999 -9999 -9999 -9999 -9999 -9999 -9999 -9999 -9999 -9999 -9999 -9999 -9999 -9999 -9999 -9999 -9999 -9999 -9999 2942 2937 2937 2940 2935 2935 2934 2931 2930 2926 2917 2909 2908 2903 2901 2901 2899 2892 2889 2895 2904 2917 2928 2928 2928 2925 2915 2903 2901 2907 2923 2930 2924 2920 2913 2900 2891 2881 2883 2884 2893 2896 2909 2913 2913 2912 2919 2921 2927 2931 2924 2922 2922 2919 2916 2920 2932 2942 2932
-9999 -9999 -9999 -9999 -9999 -9999 -9999 -9999 -9999 -9999 -9999 -9999 -9999 -9999 -9999 -9999 -9999 -9999 -9999 -9999 -9999 -9999 2943 2941 2941 2943 2940 2938 2939 2938 2937 2933 2926 2920 2920 2916 2909 2897 2889 2888 2887 2893 2904 2910 2920 2928 2929 2920 2921 2911 2898 2891 2905 2921 2928 2918 2914 2913 2900 2880 2868 2866 2865 2881 2898 2906 2910 2910 2910 2915 2910 2922 2929 2928 2925 2923 2922 2924 2930 2940 2940 2934
-9999 -9999 -9999 -9999 -9999 -9999 -9999 -9999 -9999 -9999 -9999 -9999 -9999 -9999 -9999 -9999 -9999 -9999 -9999 -9999 -9999 -9999 2947 2945 2945 2946 2944 2944 2941 2941 2940 2936 2933 2930 2924 2918 2903 2895 2890 2890 2891 2894 2903 2916 2921 2919 2925 2916 2913 2906 2891 2890 2906 2916 2925 2922 2911 2914 2902 2891 2885 2880 2869 2879 2893 2903 2908 2898 2902 2898 2904 2910 2920 2928 2921 2916 2917 2918 2924 2939 2935 2928
-9999 -9999 -9999 -9999 -9999 -9999 -9999 -9999 -9999 -9999 -9999 -9999 -9999 -9999 -9999 -9999 -9999 -9999 -9999 -9999 -9999 -9999 2947 2948 2947 2943 2940 2940 2940 2940 2935 2938 2938 2933 2929 2923 2914 2903 2899 2899 2898 2899 2908 2915 2906 2911 2921 2913 2900 2891 2889 2894 2900 2913 2918 2920 2922 2912 2898 2899 2900 2890 2881 2878 2892 2902 2898 2890 2886 2885 2893 2903 2916 2927 2923 2908 2904 2913 2926 2941 2938 2927
-9999 -9999 -9999 -9999 -9999 -9999 -9999 -9999 -9999 -9999 -9999 -9999 -9999 -9999 -9999 -9999 -9999 -9999 -9999 -9999 -9999 2946 2944 2941 2942 2942 2936 2935 2933 2933 2937 2929 2932 2936 2933 2928 2920 2914 2908 2909 2912 2909 2909 2912 2901 2911 2914 2904 2902 2902 2903 2902 2904 2913 2909 2909 2923 2918 2912 2909 2901 2897 2890 2883 2888 2890 2890 2880 2880 2893 2900 2904 2921 2917 2917 2911 2904 2914 2924 2937 2943 2940
-9999 -9999 -9999 -9999 -9999 -9999 -9999 -9999 -9999 -9999 -9999 -9999 -9999 -9999 -9999 -9999 -9999 -9999 -9999 -9999 -9999 2943 2943 2942 2939 2940 2936 2933 2928 2928 2936 2932 2927 2927 2932 2932 2930 2927 2921 2918 2918 2915 2909 2907 2904 2908 2913 2902 2896 2900 2903 2903 2905 2905 2899 2917 2916 2914 2913 2907 2895 2880 2877 2871 2868 2878 2876 2870 2871 2891 2904 2913 2921 2910 2904 2909 2910 2920 2928 2934 2938 2943
-9999 -9999 -9999 -9999 -9999 -9999 -9999 -9999 -9999 -9999 -9999 -9999 -9999 -9999 -9999 -9999 -9999 -9999 -9999 -9999 -9999 2941 2941 2940 2941 2942 2939 2936 2929 2924 2934 2931 2929 2927 2920 2924 2924 2920 2923 2923 2918 2914 2907 2905 2904 2905 2908 2907 2900 2895 2896 2899 2903 2896 2899 2915 2909 2898 2903 2899 2883 2874 2874 2865 2853 2861 2856 2861 2869 2876 2891 2903 2916 2910 2906 2901 2906 2918 2925 2931 2937 2940
-9999 -9999 -9999 -9999 -9999 -9999 -9999 -9999 -9999 -9999 -9999 -9999 -9999 -9999 -9999 -9999 -9999 -9999 -9999 -9999 2944 2943 2940 2938 2939 2940 2936 2936 2931 2925 2926 2929 2926 2929 2922 2916 2909 2904 2914 2919 2915 2912 2911 2908 2906 2897 2899 2899 2897 2893 2887 2890 2899 2891 2898 2906 2911 2891 2882 2886 2880 2869 2866 2859 2849 2857 2856 2860 2873 2880 2885 2906 2912 2907 2900 2886 2898 2912 2916 2923 2928 2937
-9999 -9999 -9999 -9999 -9999 -9999 -9999 -9999 -9999 -9999 -9999 -9999 -9999 -9999 -9999 -9999 -9999 -9999 -9999 -9999 2946 2945 2943 2943 2940 2936 2934 2930 2932 2929 2923 2921 2923 2926 2925 2916 2904 2902 2904 2915 2916 2917 2912 2906 2903 2893 2890 2888 2894 2887 2878 2882 2892 2882 2887 2891 2905 2893 2884 2882 2878 2869 2862 2855 2860 2867 2867 2872 2882 2889 2900 2913 2905 2899 2886 2875 2884 2895 2903 2915 2922 2934
-9999 -9999 -9999 -9999 -9999 -9999 -9999 -9999 -9999 -9999 -9999 -9999 -9999 -9999 -9999 -9999 -9999 -9999 -9999 -9999 2948 2946 2943 2943 2939 2932 2926 2924 2925 2931 2924 2918 2917 2922 2922 2917 2911 2904 2902 2909 2913 2913 2913 2906 2898 2897 2890 2886 2885 2881 2874 2879 2874 2873 2879 2874 2891 2887 2879 2877 2867 2861 2863 2862 2869 2877 2876 2876 2886 2899 2908 2905 2907 2896 2875 2857 2856 2872 2891 2910 2923 2931
-9999 -9999 -9999 -9999 -9999 -9999 -9999 -9999 -9999 -9999 -9999 -9999 -9999 -9999 -9999 -9999 -9999 -9999 -9999 2950 2948 2946 2944 2942 2935 2925 2917 2919 2923 2927 2920 2912 2913 2917 2922 2919 2914 2910 2905 2911 2912 2908 2909 2909 2898 2891 2890 2889 2888 2884 2878 2867 2858 2871 2877 2881 2892 2888 2884 2878 2867 2856 2864 2870 2875 2884 2884 2891 2901 2907 2904 2893 2896 2893 2874 2854 2847 2869 2888 2903 2914 2922
-9999 -9999 -9999 -9999 -9999 -9999 -9999 -9999 -9999 -9999 -9999 -9999 -9999 -9999 -9999 -9999 -9999 -9999 -9999 2948 2943 2946 2941 2939 2934 2924 2917 2915 2916 2924 2921 2916 2912 2914 2920 2916 2909 2900 2896 2903 2906 2908 2900 2904 2906 2897 2893 2882 2879 2877 2877 2869 2858 2869 2873 2881 2888 2890 2891 2884 2873 2867 2871 2876 2882 2891 2896 2898 2904 2904 2903 2884 2879 2889 2875 2857 2852 2873 2889 2901 2907 2913
-9999 -9999 -9999 -9999 -9999 -9999 -9999 -9999 -9999 -9999 -9999 -9999 -9999 -9999 -9999 -9999 -9999 -9999 -9999 2946 2941 2940 2935 2936 2929 2917 2914 2911 2914 2921 2919 2915 2913 2917 2914 2907 2912 2905 2893 2895 2899 2903 2894 2897 2901 2897 2896 2885 2872 2864 2866 2861 2854 2863 2869 2877 2883 2883 2890 2888 2873 2875 2880 2885 2889 2896 2895 2893 2899 2903 2895 2880 2867 2862 2869 2861 2852 2872 2886 2888 2902 2905
-9999 -9999 -9999 -9999 -9999 -9999 -9999 -9999 -9999 -9999 -9999 -9999 -9999 -9999 -9999 -9999 -9999 -9999 2944 2940 2941 2936 2933 2930 2923 2918 2917 2919 2915 2916 2914 2911 2908 2913 2906 2902 2904 2902 2890 2888 2894 2896 2888 2892 2899 2888 2887 2888 2880 2869 2857 2840 2834 2843 2853 2871 2876 2882 2886 2888 2872 2869 2869 2871 2881 2896 2892 2889 2890 2893 2895 2876 2864 2852 2843 2851 2843 2869 2868 2874 2888 2901
-9999 -9999 -9999 -9999 -9999 -9999 -9999 -9999 -9999 -9999 -9999 -9999 -9999 -9999 -9999 -9999 -9999 -9999 2939 2939 2938 2934 2932 2934 2929 2928 2923 2915 2903 2904 2907 2903 2903 2905 2899 2892 2890 2897 2898 2898 2897 2885 2882 2884 2895 2890 2875 2870 2877 2873 2853 2830 2825 2835 2848 2858 2866 2876 2885 2887 2883 2871 2866 2877 2886 2893 2896 2888 2875 2880 2891 2877 2859 2852 2838 2829 2840 2853 2865 2881 2891 2901
-9999 -9999 -9999 -9999 -9999 -9999 -9999 -9999 -9999 -9999 -9999 -9999 -9999 -9999 -9999 -9999 -9999 -9999 2934 2936 2938 2934 2934 2939 2937 2932 2925 2920 2913 2907 2907 2901 2901 2904 2899 2896 2893 2899 2908 2906 2893 2879 2872 2869 2887 2884 2869 2857 2861 2870 2850 2829 2824 2837 2849 2858 2870 2876 2886 2882 2879 2868 2863 2872 2877 2881 2893 2895 2887 2880 2876 2871 2866 2859 2849 2837 2831 2829 2845 2860 2870 2884
-9999 -9999 -9999 -9999 -9999 -9999 -9999 -9999 -9999 -9999 -9999 -9999 -9999 -9999 -9999 -9999 -9999 -9999 2939 2942 2941 2936 2939 2939 2936 2932 2929 2925 2917 2915 2920 2910 2900 2908 2908 2907 2906 2911 2913 2908 2896 2875 2860 2860 2873 2876 2862 2848 2853 2859 2855 2836 2831 2841 2851 2858 2868 2878 2885 2879 2872 2865 2858 2864 2872 2882 2890 2887 2892 2890 2884 2877 2870 2866 2861 2854 2837 2819 2832 2858 2875 2888
-9999 -9999 -9999 -9999 -9999 -9999 -9999 -9999 -9999 -9999 -9999 -9999 -9999 -9999 -9999 -9999 -9999 -9999 2949 2944 2943 2939 2942 2938 2934 2927 2924 2918 2913 2923 2921 2904 2899 2909 2920 2919 2917 2917 2904 2899 2893 2887 2874 2861 2860 2872 2863 2852 2839 2840 2840 2836 2829 2842 2853 2863 2870 2877 2881 2876 2871 2861 2854 2867 2876 2884 2886 2882 2883 2889 2883 2878 2878 2869 2860 2843 2828 2825 2829 2848 2864 2875
-9999 -9999 -9999 -9999 -9999 -9999 -9999 -9999 -9999 -9999 -9999 -9999 -9999 -9999 -9999 -9999 -9999 2954 2954 2948 2949 2946 2944 2937 2937 2931 2931 2919 2915 2929 2923 2906 2906 2905 2916 2927 2922 2916 2909 2908 2903 2893 2881 2863 2858 2863 2858 2848 2848 2854 2841 2826 2828 2838 2852 2852 2857 2866 2879 2874 2869 2864 2854 2864 2873 2877 2880 2883 2878 2878 2886 2879 2867 2866 2859 2849 2830 2832 2830 2845 2861 2866
-9999 -9999 -9999 -9999 -9999 -9999 -9999 -9999 -9999 -9999 -9999 -9999 -9999 -9999 -9999 -9999 -9999 2950 2952 2953 2951 2949 2946 2938 2941 2937 2940 2925 2923 2934 2924 2915 2914 2918 2916 2932 2926 2918 2911 2908 2900 2890 2875 2874 2867 2868 2869 2865 2866 2859 2848 2830 2836 2845 2845 2851 2861 2872 2875 2870 2865 2860 2850 2861 2873 2871 2871 2879 2876 2874 2880 2871 2866 2857 2853 2842 2836 2837 2835 2848 2858 2860
-9999 -9999 -9999 -9999 -9999 -9999 -9999 -9999 -9999 -9999 -9999 -9999 -9999 -9999 -9999 -9999 -9999 2946 2948 2953 2954 2952 2952 2946 2951 2949 2949 2942 2944 2937 2932 2933 2928 2933 2937 2935 2924 2903 2893 2892 2891 2885 2880 2879 2876 2879 2876 2874 2867 2855 2839 2830 2840 2842 2846 2853 2863 2873 2873 2872 2866 2857 2845 2861 2867 2860 2872 2874 2870 2868 2877 2876 2871 2868 2858 2839 2840 2843 2837 2850 2857 2858
-9999 -9999 -9999 -9999 -9999 -9999 -9999 -9999 -9999 -9999 -9999 -9999 -9999 -9999 -9999 -9999 -9999 2944 2945 2949 2950 2951 2950 2952 2946 2943 2943 2949 2951 2949 2952 2946 2941 2944 2939 2927 2925 2919 2909 2901 2892 2885 2885 2884 2883 2880 2876 2872 2864 2859 2846 2837 2833 2843 2851 2863 2867 2864 2874 2871 2863 2860 2853 2852 2860 2852 2858 2869 2866 2862 2876 2870 2865 2862 2857 2838 2842 2847 2842 2853 2859 2861
-9999 -9999 -9999 -9999 -9999 -9999 -9999 -9999 -9999 -9999 -9999 -9999 -9999 -9999 -9999 -9999 -9999 2941 2939 2943 2943 2947 2948 2943 2942 2935 2939 2939 2943 2946 2945 2948 2947 2937 2928 2928 2926 2919 2913 2903 2889 2884 2890 2886 2883 2880 2878 2880 2877 2859 2861 2857 2840 2836 2852 2858 2859 2860 2872 2874 2868 2864 2855 2843 2843 2843 2844 2859 2860 2869 2870 2858 2851 2846 2844 2838 2845 2847 2842 2850 2857 2865
-9999 -9999 -9999 -9999 -9999 -9999 -9999 -9999 -9999 -9999 -9999 -9999 -9999 -9999 -9999 -9999 -9999 2934 2934 2937 2938 2938 2944 2941 2934 2928 2933 2932 2929 2929 2937 2930 2937 2946 2928 2914 2908 2898 2893 2888 2883 2886 2893 2884 2890 2887 2880 2886 2886 2878 2876 2860 2844 2838 2850 2853 2853 2862 2868 2874 2866 2859 2854 2841 2836 2840 2838 2847 2864 2867 2861 2844 2836 2826 2831 2843 2851 2846 2841 2846 2858 2868
-9999 -9999 -9999 -9999 -9999 -9999 -9999 -9999 -9999 -9999 -9999 -9999 -9999 -9999 -9999 -9999 -9999 2921 2926 2928 2923 2925 2936 2941 2933 2923 2922 2921 2909 2922 2923 2908 2918 2941 2941 2933 2914 2891 2880 2881 2886 2895 2901 2894 2894 2885 2879 2889 2889 2883 2869 2858 2851 2848 2846 2849 2858 2861 2868 2869 2864 2860 2858 2845 2835 2832 2836 2850 2853 2856 2847 2834 2832 2832 2835 2849 2853 2848 2842 2842 2857 2868
-9999 -9999 -9999 -9999 -9999 -9999 -9999 -9999 -9999 -9999 -9999 -9999 -9999 -9999 -9999 -9999 -9999 2912 2919 2917 2912 2920 2935 2938 2934 2925 2913 2900 2904 2919 2909 2888 2900 2912 2925 2939 2922 2913 2902 2900 2906 2912 2906 2899 2896 2890 2884 2891 2896 2889 2875 2866 2853 2856 2853 2856 2857 2856 2864 2864 2859 2862 2854 2842 2841 2838 2840 2841 2839 2838 2839 2840 2839 2848 2852 2858 2854 2851 2847 2845 2858 2871
-9999 -9999 -9999 -9999 -9999 -9999 -9999 -9999 -9999 -9999 -9999 -9999 -9999 -9999 -9999 -9999 -9999 2920 2923 2917 2912 2922 2931 2932 2925 2923 2920 2900 2894 2905 2907 2886 2887 2905 2915 2922 2935 2935 2931 2918 2911 2909 2903 2890 2892 2890 2882 2891 2900 2888 2882 2875 2866 2870 2865 2865 2864 2864 2868 2866 2861 2858 2855 2854 2851 2843 2836 2833 2836 2834 2841 2851 2851 2855 2860 2862 2855 2845 2847 2849 2861 2871
-9999 -9999 -9999 -9999 -9999 -9999 -9999 -9999 -9999 -9999 -9999 -9999 -9999 -9999 -9999 -9999 -9999 2928 2930 2917 2913 2921 2919 2926 2919 2908 2916 2903 2890 2897 2901 2888 2892 2899 2894 2907 2917 2919 2925 2909 2902 2897 2897 2889 2890 2888 2882 2897 2903 2897 2891 2874 2876 2880 2880 2871 2867 2876 2874 2863 2858 2859 2853 2844 2848 2846 2840 2837 2839 2839 2845 2858 2859 2862 2864 2862 2859 2856 2853 2854 2866 2878
-9999 -9999 -9999 -9999 -9999 -9999 -9999 -9999 -9999 -9999 -9999 -9999 -9999 -9999 -9999 -9999 -9999 2939 2933 2921 2914 2915 2913 2914 2909 2903 2907 2900 2892 2885 2887 2887 2892 2894 2892 2894 2896 2904 2923 2922 2899 2902 2896 2898 2895 2892 2898 2905 2904 2898 2890 2875 2879 2893 2887 2879 2880 2883 2875 2871 2865 2874 2872 2856 2839 2841 2843 2838 2840 2844 2850 2858 2862 2866 2868 2870 2869 2865 2855 2853 2862 2873
