Capas/PRESENTE/Eje_30s/ASC/bio_06.asc
ncols         993
nrows         433
xllcorner     -105.25566776747
yllcorner     17.599810932142
cellsize      0.0083333333
NODATA_value  -9999
[rows 36 to 71 of 433, columns 0 to 81 of 993]
-9999 -9999 -9999 -9999 -9999 -9999 -9999 -9999 -9999 -9999 -9999 -9999 -9999 -9999 -9999 -9999 -9999 -9999 -9999 -9999 -9999 -9999 -9999 -9999 -9999 2886 2891 2891 2891 2886 2888 2887 2886 2887 2883 2890 2888 2876 2873 2867 2865 2870 2876 2884 2882 2873 2869 2860 2856 2854 2852 2847 2841 2839 2824 2817 2829 2817 2807 2817 2826 2835 2844 2849 2854 2855 2856 2857 2858 2854 2851 2856 2865 2873 2874 2871 2876 2878 2867 2860 2857 2858
-9999 -9999 -9999 -9999 -9999 -9999 -9999 -9999 -9999 -9999 -9999 -9999 -9999 -9999 -9999 -9999 -9999 -9999 -9999 -9999 -9999 -9999 -9999 -9999 -9999 2882 2888 2889 2887 2886 2888 2877 2880 2882 2876 2885 2890 2889 2888 2878 2874 2884 2888 2888 2884 2873 2868 2858 2847 2854 2862 2857 2856 2843 2836 2835 2837 2826 2812 2821 2829 2832 2839 2842 2850 2854 2856 2857 2859 2857 2857 2861 2869 2871 2864 2864 2870 2877 2865 2858 2857 2856
-9999 -9999 -9999 -9999 -9999 -9999 -9999 -9999 -9999 -9999 -9999 -9999 -9999 -9999 -9999 -9999 -9999 -9999 -9999 -9999 -9999 -9999 -9999 -9999 2871 2877 2883 2884 2884 2886 2887 2878 2880 2875 2871 2876 2881 2885 2888 2886 2886 2885 2883 2883 2883 2875 2869 2865 2861 2861 2868 2863 2856 2849 2850 2847 2841 2831 2817 2817 2825 2831 2839 2847 2849 2852 2854 2856 2858 2860 2859 2861 2869 2865 2862 2861 2867 2877 2874 2859 2856 2855
-9999 -9999 -9999 -9999 -9999 -9999 -9999 -9999 -9999 -9999 -9999 -9999 -9999 -9999 -9999 -9999 -9999 -9999 -9999 -9999 -9999 -9999 -9999 -9999 2873 2878 2877 2876 2878 2877 2875 2873 2872 2868 2860 2866 2870 2874 2873 2877 2870 2866 2868 2879 2880 2882 2881 2878 2876 2873 2874 2868 2861 2860 2860 2849 2843 2834 2819 2817 2828 2834 2841 2846 2847 2851 2856 2857 2860 2860 2858 2861 2868 2868 2865 2860 2862 2867 2873 2866 2859 2858
-9999 -9999 -9999 -9999 -9999 -9999 -9999 -9999 -9999 -9999 -9999 -9999 -9999 -9999 -9999 -9999 -9999 -9999 -9999 -9999 -9999 -9999 -9999 -9999 2881 2882 2880 2874 2873 2872 2864 2862 2866 2870 2866 2861 2860 2854 2854 2852 2853 2851 2864 2874 2876 2878 2875 2873 2878 2877 2873 2873 2867 2865 2858 2850 2846 2834 2825 2819 2826 2832 2839 2842 2844 2850 2857 2855 2863 2860 2857 2865 2867 2862 2864 2857 2854 2859 2867 2877 2865 2859
-9999 -9999 -9999 -9999 -9999 -9999 -9999 -9999 -9999 -9999 -9999 -9999 -9999 -9999 -9999 -9999 -9999 -9999 -9999 -9999 -9999 -9999 -9999 2884 2884 2884 2877 2872 2863 2865 2862 2858 2859 2862 2861 2854 2844 2846 2850 2845 2838 2850 2863 2862 2872 2875 2876 2865 2867 2867 2861 2871 2870 2870 2863 2856 2852 2842 2832 2824 2824 2830 2836 2842 2847 2853 2854 2855 2858 2860 2866 2867 2864 2863 2860 2852 2844 2853 2863 2873 2869 2859
-9999 -9999 -9999 -9999 -9999 -9999 -9999 -9999 -9999 -9999 -9999 -9999 -9999 -9999 -9999 -9999 -9999 -9999 -9999 -9999 -9999 -9999 -9999 2889 2888 2881 2877 2873 2869 2871 2867 2863 2858 2856 2857 2849 2841 2839 2846 2844 2837 2842 2847 2850 2862 2867 2872 2868 2855 2855 2853 2859 2856 2866 2866 2858 2855 2845 2838 2827 2826 2831 2837 2843 2846 2849 2850 2850 2850 2853 2860 2864 2860 2861 2855 2848 2843 2841 2850 2866 2871 2859
-9999 -9999 -9999 -9999 -9999 -9999 -9999 -9999 -9999 -9999 -9999 -9999 -9999 -9999 -9999 -9999 -9999 -9999 -9999 -9999 -9999 -9999 -9999 2888 2882 2883 2885 2880 2879 2878 2875 2874 2869 2859 2851 2850 2844 2842 2842 2839 2833 2829 2835 2843 2856 2867 2867 2867 2863 2854 2842 2839 2845 2861 2867 2861 2857 2850 2836 2827 2818 2819 2819 2828 2831 2843 2847 2847 2845 2853 2854 2860 2864 2856 2854 2854 2850 2847 2851 2862 2872 2861
-9999 -9999 -9999 -9999 -9999 -9999 -9999 -9999 -9999 -9999 -9999 -9999 -9999 -9999 -9999 -9999 -9999 -9999 -9999 -9999 -9999 -9999 2890 2888 2887 2889 2886 2884 2884 2882 2881 2876 2869 2863 2862 2858 2851 2839 2831 2829 2827 2834 2844 2850 2860 2867 2868 2859 2860 2850 2836 2829 2843 2858 2866 2855 2851 2850 2837 2817 2804 2802 2801 2816 2833 2840 2845 2843 2843 2848 2843 2855 2862 2861 2857 2855 2853 2855 2861 2870 2870 2864
-9999 -9999 -9999 -9999 -9999 -9999 -9999 -9999 -9999 -9999 -9999 -9999 -9999 -9999 -9999 -9999 -9999 -9999 -9999 -9999 -9999 -9999 2894 2892 2891 2892 2890 2890 2886 2886 2884 2880 2877 2873 2867 2860 2845 2837 2832 2831 2832 2835 2844 2856 2861 2859 2865 2855 2852 2845 2830 2829 2844 2854 2863 2859 2849 2851 2839 2827 2822 2816 2805 2814 2829 2837 2842 2832 2836 2831 2837 2842 2853 2860 2854 2848 2848 2849 2854 2870 2865 2858
-9999 -9999 -9999 -9999 -9999 -9999 -9999 -9999 -9999 -9999 -9999 -9999 -9999 -9999 -9999 -9999 -9999 -9999 -9999 -9999 -9999 -9999 2895 2895 2893 2890 2886 2886 2885 2885 2880 2882 2881 2877 2872 2865 2856 2845 2840 2840 2840 2840 2849 2856 2846 2851 2861 2853 2839 2831 2829 2833 2838 2852 2856 2858 2860 2849 2835 2836 2837 2826 2817 2814 2828 2837 2832 2824 2820 2818 2826 2836 2849 2859 2855 2840 2836 2844 2856 2871 2868 2857
-9999 -9999 -9999 -9999 -9999 -9999 -9999 -9999 -9999 -9999 -9999 -9999 -9999 -9999 -9999 -9999 -9999 -9999 -9999 -9999 -9999 2895 2892 2888 2889 2889 2883 2882 2879 2878 2882 2874 2876 2880 2877 2871 2863 2856 2850 2851 2853 2850 2851 2852 2842 2852 2854 2844 2841 2842 2842 2841 2843 2852 2847 2847 2861 2855 2849 2846 2838 2833 2826 2819 2824 2825 2825 2814 2814 2826 2834 2837 2854 2850 2850 2843 2836 2845 2855 2867 2873 2870
-9999 -9999 -9999 -9999 -9999 -9999 -9999 -9999 -9999 -9999 -9999 -9999 -9999 -9999 -9999 -9999 -9999 -9999 -9999 -9999 -9999 2891 2891 2890 2886 2887 2883 2880 2874 2873 2881 2876 2871 2871 2875 2875 2873 2870 2864 2861 2859 2856 2850 2848 2844 2848 2853 2842 2836 2840 2843 2842 2844 2844 2837 2855 2854 2852 2851 2844 2832 2817 2813 2807 2804 2814 2811 2804 2806 2825 2837 2846 2854 2843 2836 2841 2842 2851 2859 2865 2869 2873
-9999 -9999 -9999 -9999 -9999 -9999 -9999 -9999 -9999 -9999 -9999 -9999 -9999 -9999 -9999 -9999 -9999 -9999 -9999 -9999 -9999 2890 2890 2888 2888 2889 2886 2883 2875 2870 2880 2876 2874 2871 2863 2868 2867 2863 2866 2866 2860 2856 2848 2846 2845 2846 2849 2848 2840 2835 2836 2838 2842 2835 2838 2853 2847 2836 2840 2837 2820 2811 2811 2801 2789 2796 2792 2796 2803 2810 2824 2836 2849 2843 2839 2833 2838 2850 2857 2862 2868 2870
-9999 -9999 -9999 -9999 -9999 -9999 -9999 -9999 -9999 -9999 -9999 -9999 -9999 -9999 -9999 -9999 -9999 -9999 -9999 -9999 2894 2892 2889 2887 2887 2887 2883 2883 2878 2871 2872 2874 2871 2874 2866 2860 2853 2847 2857 2862 2857 2854 2852 2850 2847 2838 2840 2840 2838 2833 2827 2830 2839 2831 2837 2844 2849 2829 2820 2823 2817 2807 2803 2796 2786 2792 2791 2795 2807 2814 2818 2839 2846 2840 2833 2818 2830 2844 2848 2854 2858 2867
-9999 -9999 -9999 -9999 -9999 -9999 -9999 -9999 -9999 -9999 -9999 -9999 -9999 -9999 -9999 -9999 -9999 -9999 -9999 -9999 2896 2894 2892 2891 2888 2884 2881 2878 2879 2876 2869 2866 2868 2870 2870 2860 2847 2845 2847 2858 2858 2859 2854 2848 2844 2835 2831 2828 2835 2828 2818 2822 2831 2822 2826 2830 2843 2831 2822 2820 2816 2806 2799 2792 2796 2803 2803 2807 2817 2823 2834 2847 2838 2832 2819 2808 2816 2827 2835 2847 2853 2864
-9999 -9999 -9999 -9999 -9999 -9999 -9999 -9999 -9999 -9999 -9999 -9999 -9999 -9999 -9999 -9999 -9999 -9999 -9999 -9999 2898 2896 2893 2892 2887 2880 2874 2872 2872 2878 2870 2864 2862 2867 2867 2861 2855 2848 2846 2852 2856 2856 2855 2848 2840 2839 2831 2827 2826 2822 2815 2819 2813 2812 2819 2813 2830 2826 2817 2815 2805 2798 2800 2799 2806 2813 2811 2811 2821 2834 2842 2839 2840 2829 2807 2789 2788 2804 2823 2841 2854 2862
-9999 -9999 -9999 -9999 -9999 -9999 -9999 -9999 -9999 -9999 -9999 -9999 -9999 -9999 -9999 -9999 -9999 -9999 -9999 2901 2899 2897 2894 2891 2884 2874 2865 2867 2871 2873 2866 2858 2858 2862 2867 2863 2859 2854 2849 2854 2855 2850 2851 2851 2840 2832 2831 2830 2828 2824 2819 2807 2798 2811 2816 2820 2831 2827 2822 2817 2805 2794 2801 2807 2811 2820 2819 2826 2836 2842 2838 2827 2830 2827 2807 2787 2779 2801 2820 2834 2845 2853
-9999 -9999 -9999 -9999 -9999 -9999 -9999 -9999 -9999 -9999 -9999 -9999 -9999 -9999 -9999 -9999 -9999 -9999 -9999 2899 2894 2896 2891 2888 2883 2873 2865 2863 2863 2871 2867 2862 2858 2860 2865 2861 2853 2844 2839 2847 2849 2851 2842 2846 2848 2839 2834 2824 2820 2818 2818 2809 2798 2809 2813 2820 2827 2829 2829 2822 2811 2805 2809 2813 2819 2828 2832 2834 2839 2839 2837 2818 2813 2822 2808 2790 2784 2806 2821 2833 2838 2844
-9999 -9999 -9999 -9999 -9999 -9999 -9999 -9999 -9999 -9999 -9999 -9999 -9999 -9999 -9999 -9999 -9999 -9999 -9999 2898 2892 2890 2885 2885 2878 2866 2862 2859 2861 2868 2866 2861 2859 2862 2859 2851 2857 2849 2836 2838 2843 2845 2837 2839 2843 2839 2838 2827 2813 2805 2807 2801 2795 2803 2809 2816 2822 2822 2829 2826 2811 2813 2817 2823 2825 2832 2831 2829 2835 2838 2830 2814 2801 2796 2803 2794 2785 2805 2818 2820 2833 2837
-9999 -9999 -9999 -9999 -9999 -9999 -9999 -9999 -9999 -9999 -9999 -9999 -9999 -9999 -9999 -9999 -9999 -9999 2896 2892 2892 2887 2882 2879 2873 2867 2865 2867 2862 2863 2861 2857 2854 2859 2851 2847 2848 2847 2834 2831 2837 2839 2831 2835 2841 2830 2829 2830 2822 2810 2798 2780 2774 2783 2793 2811 2816 2821 2825 2826 2810 2807 2807 2809 2818 2832 2828 2825 2826 2828 2830 2811 2798 2786 2777 2785 2776 2802 2800 2806 2819 2832
-9999 -9999 -9999 -9999 -9999 -9999 -9999 -9999 -9999 -9999 -9999 -9999 -9999 -9999 -9999 -9999 -9999 -9999 2892 2891 2890 2885 2882 2884 2879 2877 2871 2863 2851 2851 2853 2849 2848 2851 2844 2837 2835 2841 2842 2842 2840 2828 2825 2826 2837 2832 2818 2812 2819 2814 2795 2771 2765 2775 2789 2798 2806 2815 2825 2826 2821 2809 2804 2814 2823 2829 2832 2824 2811 2816 2826 2811 2794 2786 2772 2763 2774 2786 2798 2813 2822 2833
-9999 -9999 -9999 -9999 -9999 -9999 -9999 -9999 -9999 -9999 -9999 -9999 -9999 -9999 -9999 -9999 -9999 -9999 2886 2887 2890 2885 2885 2889 2886 2881 2874 2868 2861 2854 2853 2847 2847 2849 2844 2841 2837 2843 2852 2850 2836 2822 2815 2812 2829 2826 2811 2799 2803 2812 2792 2770 2765 2777 2789 2798 2810 2815 2825 2821 2818 2807 2801 2810 2814 2818 2829 2831 2823 2816 2811 2806 2801 2794 2783 2771 2764 2762 2777 2792 2802 2816
-9999 -9999 -9999 -9999 -9999 -9999 -9999 -9999 -9999 -9999 -9999 -9999 -9999 -9999 -9999 -9999 -9999 -9999 2892 2894 2892 2886 2889 2889 2886 2882 2878 2873 2864 2862 2867 2856 2847 2854 2854 2852 2851 2855 2857 2852 2839 2819 2804 2803 2816 2819 2804 2790 2795 2801 2796 2777 2773 2782 2791 2799 2808 2818 2824 2819 2811 2804 2796 2803 2810 2820 2826 2823 2828 2826 2820 2812 2805 2801 2796 2788 2771 2752 2765 2790 2807 2820
-9999 -9999 -9999 -9999 -9999 -9999 -9999 -9999 -9999 -9999 -9999 -9999 -9999 -9999 -9999 -9999 -9999 -9999 2902 2896 2894 2890 2893 2888 2884 2876 2872 2866 2860 2871 2868 2851 2845 2855 2865 2864 2862 2862 2848 2843 2837 2831 2818 2804 2803 2815 2805 2794 2781 2782 2781 2777 2770 2784 2794 2804 2811 2817 2820 2815 2811 2800 2793 2805 2814 2822 2823 2819 2819 2825 2819 2813 2813 2804 2794 2778 2762 2758 2762 2781 2796 2807
-9999 -9999 -9999 -9999 -9999 -9999 -9999 -9999 -9999 -9999 -9999 -9999 -9999 -9999 -9999 -9999 -9999 2906 2906 2899 2900 2897 2894 2887 2886 2880 2880 2867 2862 2876 2870 2853 2852 2851 2862 2872 2867 2860 2854 2852 2847 2837 2824 2806 2801 2806 2801 2791 2791 2796 2783 2768 2770 2780 2793 2793 2798 2807 2819 2814 2808 2803 2793 2802 2811 2815 2817 2820 2815 2815 2822 2814 2803 2801 2794 2784 2764 2766 2763 2778 2793 2798
-9999 -9999 -9999 -9999 -9999 -9999 -9999 -9999 -9999 -9999 -9999 -9999 -9999 -9999 -9999 -9999 -9999 2903 2904 2905 2902 2899 2896 2888 2891 2886 2889 2873 2871 2881 2871 2861 2860 2864 2862 2877 2871 2863 2855 2852 2844 2834 2819 2817 2810 2811 2812 2808 2808 2801 2791 2772 2778 2787 2787 2793 2803 2813 2816 2810 2805 2800 2790 2800 2811 2809 2809 2816 2813 2811 2817 2807 2802 2792 2788 2777 2770 2771 2769 2782 2791 2793
-9999 -9999 -9999 -9999 -9999 -9999 -9999 -9999 -9999 -9999 -9999 -9999 -9999 -9999 -9999 -9999 -9999 2899 2900 2904 2905 2903 2902 2895 2900 2899 2898 2890 2891 2884 2879 2879 2874 2879 2882 2881 2869 2848 2838 2836 2835 2829 2823 2823 2819 2822 2819 2816 2810 2797 2782 2773 2782 2784 2788 2794 2804 2814 2814 2812 2807 2797 2785 2800 2806 2798 2810 2812 2807 2805 2814 2813 2807 2804 2793 2774 2775 2777 2771 2784 2790 2791
-9999 -9999 -9999 -9999 -9999 -9999 -9999 -9999 -9999 -9999 -9999 -9999 -9999 -9999 -9999 -9999 -9999 2897 2898 2901 2901 2901 2900 2902 2896 2893 2892 2898 2899 2897 2899 2893 2888 2890 2885 2873 2870 2864 2853 2845 2836 2829 2828 2828 2827 2823 2819 2816 2807 2802 2788 2779 2776 2786 2793 2804 2809 2805 2815 2812 2804 2800 2793 2792 2799 2791 2796 2807 2804 2799 2813 2807 2802 2798 2792 2774 2777 2781 2776 2787 2793 2794
-9999 -9999 -9999 -9999 -9999 -9999 -9999 -9999 -9999 -9999 -9999 -9999 -9999 -9999 -9999 -9999 -9999 2894 2891 2895 2894 2898 2898 2893 2892 2884 2887 2887 2891 2894 2892 2894 2894 2883 2874 2874 2871 2864 2857 2848 2833 2828 2834 2830 2827 2824 2821 2824 2820 2802 2804 2800 2783 2778 2794 2801 2801 2802 2814 2815 2809 2804 2795 2783 2783 2782 2783 2797 2798 2807 2807 2795 2788 2782 2780 2774 2780 2782 2776 2784 2791 2798
-9999 -9999 -9999 -9999 -9999 -9999 -9999 -9999 -9999 -9999 -9999 -9999 -9999 -9999 -9999 -9999 -9999 2887 2886 2888 2890 2889 2895 2891 2883 2877 2882 2880 2876 2876 2884 2877 2883 2892 2873 2859 2854 2843 2837 2832 2827 2830 2837 2828 2834 2831 2824 2829 2829 2821 2819 2803 2787 2781 2793 2796 2795 2804 2809 2815 2807 2800 2794 2782 2776 2779 2777 2786 2802 2805 2799 2782 2774 2763 2767 2779 2787 2781 2776 2780 2792 2801
-9999 -9999 -9999 -9999 -9999 -9999 -9999 -9999 -9999 -9999 -9999 -9999 -9999 -9999 -9999 -9999 -9999 2874 2878 2880 2875 2876 2886 2891 2883 2872 2870 2869 2857 2870 2870 2855 2865 2887 2887 2878 2860 2836 2825 2826 2830 2840 2845 2838 2838 2829 2822 2832 2832 2826 2813 2802 2794 2791 2789 2792 2800 2804 2810 2811 2805 2801 2798 2786 2775 2772 2775 2789 2791 2795 2785 2772 2769 2769 2772 2785 2789 2783 2777 2777 2792 2801
-9999 -9999 -9999 -9999 -9999 -9999 -9999 -9999 -9999 -9999 -9999 -9999 -9999 -9999 -9999 -9999 -9999 2865 2872 2870 2864 2871 2885 2888 2883 2874 2862 2848 2852 2867 2856 2835 2847 2858 2870 2884 2868 2858 2847 2845 2850 2856 2850 2843 2840 2834 2828 2835 2840 2832 2819 2809 2797 2799 2796 2799 2800 2798 2807 2806 2801 2803 2795 2782 2781 2778 2780 2780 2778 2777 2777 2778 2777 2785 2789 2794 2790 2787 2782 2780 2792 2805
-9999 -9999 -9999 -9999 -9999 -9999 -9999 -9999 -9999 -9999 -9999 -9999 -9999 -9999 -9999 -9999 -9999 2874 2875 2869 2863 2873 2881 2882 2874 2872 2869 2848 2841 2852 2854 2833 2834 2851 2861 2868 2880 2880 2876 2862 2855 2854 2847 2834 2836 2835 2826 2835 2844 2832 2826 2819 2810 2813 2808 2808 2807 2806 2811 2808 2803 2799 2797 2795 2792 2784 2777 2773 2776 2773 2780 2790 2789 2793 2798 2799 2791 2781 2782 2784 2796 2805
-9999 -9999 -9999 -9999 -9999 -9999 -9999 -9999 -9999 -9999 -9999 -9999 -9999 -9999 -9999 -9999 -9999 2881 2882 2869 2864 2872 2870 2875 2869 2857 2865 2851 2838 2844 2848 2834 2838 2845 2840 2852 2863 2864 2869 2854 2847 2842 2842 2833 2835 2832 2826 2841 2847 2841 2834 2817 2820 2824 2823 2814 2810 2818 2817 2805 2800 2801 2795 2786 2789 2787 2781 2777 2779 2779 2784 2796 2798 2800 2802 2799 2796 2792 2789 2789 2801 2813
-9999 -9999 -9999 -9999 -9999 -9999 -9999 -9999 -9999 -9999 -9999 -9999 -9999 -9999 -9999 -9999 -9999 2891 2885 2873 2865 2866 2863 2863 2858 2852 2855 2848 2840 2833 2834 2834 2838 2840 2837 2840 2841 2849 2868 2867 2844 2846 2840 2842 2840 2836 2842 2849 2848 2842 2834 2819 2823 2836 2830 2822 2823 2826 2818 2814 2808 2816 2814 2798 2781 2782 2783 2779 2780 2784 2789 2797 2801 2804 2806 2807 2806 2802 2791 2788 2797 2808
