Capas/PRESENTE/Eje_30s/ASC/bio_19.asc
ncols         993
nrows         433
xllcorner     -105.25566776747
yllcorner     17.599810932142
cellsize      0.0083333333
NODATA_value  -9999
[rows 117 to 155 of 433, columns 88 to 175 of 993]
622 614 612 611 611 612 616 619 619 616 611 611 612 618 627 640 651 666 675 673 668 656 636 611 582 556 540 531 529 534 538 544 547 550 550 547 543 539 530 523 520 523 530 537 544 554 567 579 589 590 585 574 559 533 511 491 473 458 449 442 439 436 438 441 443 444 448 453 457 458 465 478 493 505 514 517 521 538 551 565 575 582 592 601 604 609 610 613
624 622 618 619 622 627 630 629 625 622 616 612 610 616 624 635 645 655 667 670 664 651 629 604 577 556 542 541 539 544 551 560 565 567 567 565 560 553 546 536 528 525 528 533 541 549 559 571 581 583 578 565 548 524 500 481 463 448 437 431 427 426 427 428 431 434 439 444 446 449 458 472 488 500 506 511 513 527 538 551 560 568 579 585 590 593 596 600
628 628 629 630 632 637 638 638 633 624 616 611 610 613 622 631 642 648 653 657 658 644 620 594 572 554 548 544 546 552 562 572 579 582 582 578 573 566 558 550 541 532 529 531 537 543 552 562 568 570 568 556 536 513 491 473 455 441 430 423 419 419 420 422 425 429 434 437 440 445 454 468 481 492 501 507 507 513 524 536 547 557 568 573 576 576 580 586
631 630 632 636 638 641 641 641 636 625 616 610 607 609 616 626 635 642 644 644 644 631 611 587 567 552 549 545 547 557 570 580 588 591 591 588 583 575 568 559 550 540 534 533 538 544 549 554 557 558 553 539 521 502 483 465 450 436 426 419 416 416 417 420 425 430 434 438 442 446 452 464 479 489 495 501 503 504 513 524 537 550 558 564 564 563 570 578
634 635 636 643 646 647 646 641 634 626 617 609 604 606 613 622 629 636 640 639 636 623 602 579 560 550 547 545 549 559 572 584 590 596 595 593 588 582 574 566 556 544 538 536 540 544 549 550 544 546 543 526 509 493 476 460 446 434 424 418 416 416 417 422 429 435 442 447 451 453 458 470 480 486 490 495 495 502 515 527 538 546 553 557 554 556 564 573
638 637 644 652 653 652 651 642 633 625 617 608 601 603 608 617 622 630 634 634 628 615 592 571 554 545 542 544 549 559 571 584 591 596 597 594 591 585 578 570 558 549 542 542 543 544 547 544 537 538 535 519 502 486 471 457 444 434 424 418 417 417 422 431 440 449 456 463 467 468 474 482 485 486 487 487 496 507 516 528 539 547 553 555 550 553 564 572
646 648 653 659 661 656 652 645 634 623 616 608 605 605 609 613 618 625 627 625 617 600 580 563 548 540 539 541 546 557 569 581 589 595 596 595 592 587 582 575 563 554 549 548 548 549 550 546 536 533 527 513 499 482 468 455 444 433 424 419 418 420 427 439 453 463 473 483 485 487 493 494 491 484 483 488 501 509 521 531 540 549 553 555 549 556 566 574
651 656 664 668 667 662 653 644 635 624 618 610 608 609 607 610 614 618 617 614 606 590 572 556 543 538 536 537 544 554 566 576 585 590 592 593 591 588 582 577 567 558 555 555 555 555 555 553 547 534 524 512 498 484 468 455 443 434 427 422 421 425 434 447 463 477 488 501 508 510 512 503 491 484 484 490 503 515 526 536 543 550 556 553 555 566 573 581
651 658 664 669 670 666 653 645 637 629 623 615 612 612 606 605 607 610 609 604 596 581 565 551 542 538 533 535 541 550 562 571 580 585 589 590 589 587 583 579 571 563 562 561 561 561 559 558 556 548 536 521 504 487 471 457 446 436 429 425 426 432 440 456 474 489 503 521 528 531 532 517 501 492 490 493 505 520 533 542 549 555 558 558 566 574 583 591
654 662 666 668 667 664 659 649 639 633 630 623 618 615 608 607 607 603 600 596 587 574 562 551 544 536 532 532 538 546 555 566 574 580 585 586 587 586 584 579 572 567 569 567 567 567 564 563 562 556 544 532 512 491 473 460 449 440 432 430 432 438 448 464 483 501 518 536 545 549 548 533 514 505 500 502 511 527 542 550 552 557 564 570 580 585 591 599
661 666 667 666 664 660 657 650 643 639 637 629 626 620 613 608 605 598 592 585 579 570 560 553 545 537 532 532 535 542 552 560 569 576 581 584 583 583 581 577 571 570 572 572 572 570 561 559 562 558 549 535 516 494 477 463 451 442 437 436 438 445 458 474 493 511 531 548 560 561 559 547 526 518 516 520 527 538 550 561 568 573 581 586 592 596 601 607
668 667 667 660 655 655 655 652 648 647 643 638 632 627 618 610 601 593 587 582 576 570 565 557 551 543 535 532 534 540 548 556 565 572 576 577 580 582 581 579 575 577 575 575 575 572 563 558 555 553 546 532 513 494 479 465 453 445 442 440 444 454 467 481 500 520 540 553 563 563 563 548 532 527 531 539 549 561 574 586 594 596 601 604 605 606 608 614
676 671 663 655 647 647 645 646 645 646 649 646 638 633 624 613 602 594 589 588 586 583 575 566 557 547 542 536 534 538 545 553 561 567 572 576 577 579 579 578 577 577 577 577 578 578 574 571 563 554 542 529 513 497 482 468 455 449 446 446 450 460 473 490 505 525 542 551 557 558 551 538 532 533 542 551 564 578 593 606 612 616 615 618 618 619 619 621
677 668 660 653 645 641 638 639 639 643 650 651 649 641 628 618 608 602 604 603 601 600 593 580 565 554 545 539 536 538 542 550 556 563 569 572 574 575 576 575 576 576 577 578 578 579 580 580 576 568 550 534 519 503 487 472 459 452 450 450 454 464 478 495 512 530 541 546 544 538 533 527 526 534 549 562 579 595 610 623 630 634 628 626 631 629 628 628
681 670 655 650 644 640 638 637 639 641 647 649 648 644 630 621 616 614 610 604 602 607 607 595 578 563 551 541 536 535 542 547 553 559 563 567 569 571 570 572 573 574 576 578 579 581 583 584 579 575 557 540 526 511 493 476 464 456 453 454 458 469 483 499 514 528 537 541 532 524 520 519 522 537 556 572 591 610 626 640 646 649 648 643 639 636 635 632
684 673 661 648 641 638 641 637 641 646 648 648 649 648 632 627 624 617 613 609 612 616 618 608 588 571 558 546 538 536 541 547 550 556 559 560 562 563 565 566 567 568 571 576 578 582 586 586 583 578 561 543 532 517 499 482 468 459 458 460 465 475 487 502 515 526 531 532 521 514 514 518 528 545 563 583 604 623 640 652 659 661 660 657 650 643 639 634
686 678 666 655 645 638 639 634 635 643 648 648 647 642 633 631 625 623 621 620 620 626 624 615 597 578 565 554 547 543 544 548 551 553 550 547 548 551 553 556 562 567 572 577 580 585 591 592 590 583 565 549 535 521 505 488 474 464 462 466 471 479 492 506 516 522 520 517 512 509 512 523 537 553 571 593 615 635 651 662 668 671 669 666 659 651 644 638
698 687 671 660 655 644 641 636 636 636 636 639 642 637 630 627 622 619 619 620 626 628 623 616 600 583 570 561 552 548 548 549 549 545 543 541 542 545 551 558 567 579 588 588 591 596 601 600 597 588 571 556 543 531 515 498 482 470 467 470 475 483 494 506 515 518 511 508 506 508 517 530 543 561 580 602 625 644 660 671 675 677 675 671 664 656 648 641
703 689 678 666 658 654 646 642 638 633 630 628 625 628 627 624 621 617 616 613 614 618 617 611 597 582 570 563 554 551 551 551 548 543 541 539 544 552 563 575 588 599 608 612 609 613 614 610 604 590 576 565 557 544 528 511 494 478 474 476 481 488 498 506 513 519 509 504 504 511 524 534 550 567 588 611 634 652 666 676 680 680 678 672 666 659 651 644
706 694 683 673 664 660 654 644 638 627 622 616 611 608 606 607 609 609 608 607 605 603 603 601 590 576 567 560 556 554 552 554 551 543 541 542 548 562 574 588 603 616 625 630 631 632 629 622 616 602 587 577 568 553 536 520 504 485 478 481 485 491 498 506 512 515 509 503 504 513 527 539 557 575 597 620 640 657 671 677 682 680 677 672 668 662 656 649
721 705 692 682 674 666 655 641 631 620 610 602 598 595 591 591 590 593 591 593 591 590 587 586 576 569 561 556 554 553 554 555 552 545 544 547 555 570 584 602 620 633 643 646 646 647 642 634 625 615 595 582 571 557 542 524 507 489 480 483 486 492 496 503 508 509 505 503 507 515 527 545 565 584 607 628 648 662 675 682 684 681 678 674 670 665 660 656
736 723 709 695 685 674 660 643 629 611 599 591 581 577 576 577 574 576 571 572 574 575 574 568 562 556 553 551 551 551 552 554 550 547 549 556 568 580 597 616 634 648 655 660 660 657 651 644 635 623 601 585 571 559 541 522 502 487 482 484 486 489 493 499 501 499 500 509 517 524 535 553 573 594 616 636 655 671 684 689 690 687 682 677 672 670 666 661
744 735 722 709 693 675 658 642 624 604 586 578 572 563 558 558 558 559 555 554 555 554 553 548 546 544 542 544 546 547 549 553 548 548 555 568 578 592 609 627 645 657 664 670 671 666 659 651 642 629 613 596 577 555 535 514 495 486 483 482 482 484 488 495 491 491 501 516 531 539 549 565 586 607 627 647 666 684 694 698 700 696 688 682 678 674 670 668
751 742 729 714 698 679 659 641 622 602 584 568 559 554 550 545 542 540 540 540 539 538 536 534 531 532 533 537 540 544 547 549 547 553 565 573 586 602 619 638 653 665 672 675 676 671 665 656 646 635 620 603 584 556 531 509 492 484 481 480 476 478 484 489 484 491 505 526 545 560 570 584 605 626 645 664 683 699 709 713 712 707 699 692 685 680 678 675
763 753 738 718 703 687 666 649 631 612 587 568 555 545 538 534 533 526 525 524 524 523 521 519 520 522 525 532 536 539 544 543 547 558 566 578 593 610 627 645 660 670 677 678 676 675 669 659 650 638 622 605 584 560 531 507 489 481 477 475 471 470 475 477 480 493 514 541 562 581 598 613 635 653 670 688 704 719 727 731 728 721 712 702 695 689 687 684
772 760 741 722 708 694 678 658 634 617 601 579 562 548 537 527 522 521 518 515 514 513 511 510 511 514 519 527 535 540 539 540 547 559 569 581 598 617 634 650 663 674 679 681 678 676 671 661 653 641 625 601 582 564 538 510 -9999 -9999 -9999 469 -9999 -9999 -9999 -9999 480 498 527 555 582 606 626 644 663 679 696 714 727 740 747 749 746 738 725 715 704 697 694 692
776 765 751 735 719 703 688 670 649 631 613 591 573 556 540 529 520 514 512 510 507 504 504 506 509 513 518 527 532 535 536 540 547 558 571 585 602 621 638 654 666 675 681 683 682 680 675 665 653 643 626 602 585 569 545 -9999 -9999 -9999 -9999 -9999 -9999 -9999 -9999 -9999 486 510 539 569 601 627 651 670 686 702 718 734 746 757 763 764 759 749 737 725 713 707 703 698
777 770 758 746 731 716 698 681 663 643 626 608 587 569 554 541 527 519 510 507 502 500 502 505 510 516 527 536 539 540 541 546 553 563 574 589 606 624 640 655 667 677 683 687 688 686 685 677 665 648 631 615 596 575 553 527 -9999 -9999 -9999 -9999 -9999 -9999 -9999 -9999 496 523 550 582 612 641 668 689 703 718 734 748 757 766 773 771 765 756 742 731 721 713 708 703
778 773 766 754 741 725 707 693 676 658 639 622 605 589 576 561 543 528 517 508 504 501 504 510 520 532 539 545 552 551 550 553 562 569 578 593 609 625 642 654 667 678 685 691 694 695 694 688 680 665 647 634 618 592 562 537 -9999 -9999 -9999 -9999 -9999 -9999 -9999 496 509 530 557 589 617 647 675 697 713 728 742 752 759 768 772 770 764 756 745 735 727 721 713 708
783 777 771 759 748 733 716 702 688 671 654 637 624 606 589 575 560 540 527 518 511 509 513 523 530 539 547 555 561 562 560 559 569 574 583 597 611 628 641 656 670 681 689 696 701 703 703 698 691 680 668 654 634 609 576 550 527 -9999 -9999 -9999 -9999 -9999 493 503 517 536 563 591 620 645 673 695 715 727 738 747 753 759 762 764 758 751 742 735 728 723 718 711
785 782 775 765 757 740 728 714 699 684 668 652 637 620 603 591 575 555 540 531 528 528 529 533 541 548 557 564 567 568 569 567 573 579 588 601 615 631 646 661 674 685 693 701 706 711 710 709 703 694 682 668 647 623 593 567 542 520 -9999 -9999 -9999 -9999 496 504 518 536 561 587 612 634 659 683 702 714 726 732 737 740 744 748 747 743 738 734 729 723 718 714
784 783 779 774 763 749 738 725 710 693 676 662 648 634 621 607 588 569 553 547 542 536 537 543 551 558 565 570 572 572 571 571 576 583 592 605 620 636 651 665 677 689 698 705 712 716 717 714 710 702 691 676 655 632 605 580 556 535 -9999 -9999 -9999 -9999 -9999 502 514 531 554 579 600 619 644 668 684 696 706 711 717 720 725 730 731 731 732 730 728 724 720 713
781 784 783 777 767 753 744 733 719 702 686 670 657 644 633 619 601 585 570 561 558 552 550 554 560 565 570 569 570 570 569 572 579 587 596 609 624 640 655 669 681 692 701 708 713 716 717 713 707 699 687 671 652 628 605 579 556 535 517 -9999 -9999 -9999 -9999 497 504 523 546 569 587 602 627 650 666 678 688 694 697 697 704 712 717 721 724 726 726 725 720 712
780 785 784 777 768 757 749 739 726 710 694 679 667 655 643 631 617 601 585 576 570 564 562 561 566 569 568 566 566 567 569 573 582 589 601 614 628 644 659 673 685 694 701 707 711 711 709 703 693 684 670 654 636 614 591 568 546 528 512 -9999 -9999 -9999 -9999 -9999 499 516 540 560 574 588 609 634 650 664 675 680 682 682 689 701 707 713 719 724 727 725 720 711
779 784 784 777 768 759 754 746 733 718 703 688 674 660 651 638 624 617 601 588 578 571 566 563 563 563 562 563 565 570 574 576 583 592 604 617 632 648 662 674 685 693 700 702 704 700 693 682 670 658 645 629 612 594 571 549 530 514 -9999 -9999 -9999 -9999 -9999 -9999 497 515 536 556 566 579 597 619 635 654 664 669 672 672 682 693 701 708 715 722 725 725 719 711
777 783 784 778 770 762 756 748 739 724 711 694 679 665 655 646 635 626 611 594 582 573 566 563 558 558 557 559 566 569 573 581 588 598 609 622 637 650 664 675 684 690 694 692 688 683 672 658 641 625 611 597 585 567 547 528 512 500 -9999 -9999 -9999 -9999 -9999 488 499 516 536 553 562 574 590 611 632 649 659 664 665 667 677 688 697 706 714 722 726 725 720 711
774 782 783 780 776 768 760 752 741 729 716 703 687 675 664 655 642 631 615 604 586 573 565 560 553 551 551 555 563 568 576 584 593 602 614 627 640 652 665 673 680 682 682 677 670 660 646 628 607 589 574 562 552 539 524 508 496 -9999 -9999 -9999 -9999 -9999 484 491 503 519 539 554 563 573 587 608 631 645 655 660 660 663 676 689 699 708 716 725 728 726 721 714
772 781 784 786 783 776 764 754 745 732 719 705 691 681 674 665 654 637 618 608 592 575 565 557 549 546 549 556 562 569 578 588 598 607 619 630 642 653 662 669 672 672 668 660 649 637 620 595 576 558 546 -9999 -9999 -9999 -9999 -9999 -9999 -9999 -9999 -9999 486 487 491 498 508 526 546 559 568 574 586 603 623 640 649 656 658 665 679 690 699 710 719 726 730 728 723 716
770 781 789 791 789 781 770 758 747 736 725 710 696 688 684 674 664 650 630 613 598 582 568 556 548 546 548 553 560 570 581 591 601 612 620 631 640 649 656 660 661 659 653 642 631 616 595 573 556 541 -9999 -9999 -9999 -9999 -9999 -9999 -9999 -9999 -9999 -9999 494 498 504 511 520 538 554 567 574 579 588 600 617 636 648 652 656 667 680 692 702 713 721 729 732 730 727 719
