Capas/PRESENTE/Eje_30s/ASC/bio_16.asc
ncols         993
nrows         433
xllcorner     -105.25566776747
yllcorner     17.599810932142
cellsize      0.0083333333
NODATA_value  -9999
[rows 144 to 179 of 433, columns 164 to 245 of 993]
7873 7957 7990 7955 7882 7761 7609 7456 7316 7205 7125 7058 6986 6876 6732 6561 6369 6174 5998 5861 5766 5715 5708 5733 5784 5853 5903 5892 5810 5665 5465 5201 4921 4649 4402 4189 4010 3874 3776 3707 3659 3628 3606 3597 3603 3628 3687 3780 3909 4055 4212 4365 4515 4661 4798 4932 5065 5206 5355 5513 5679 5850 6017 6157 6267 6331 6370 6398 6408 6396 6371 6339 6307 6275 6243 6209 6173 6139 6118 6112 6130 6175
7854 7925 7947 7907 7827 7714 7577 7435 7315 7215 7125 7052 6971 6844 6683 6499 6301 6110 5943 5821 5742 5708 5718 5761 5826 5907 5961 5943 5841 5668 5416 5140 4847 4566 4319 4109 3940 3816 3727 3670 3630 3609 3598 3598 3613 3655 3740 3866 4015 4165 4322 4483 4637 4783 4917 5040 5162 5288 5423 5565 5719 5883 6035 6179 6292 6374 6421 6461 6484 6489 6478 6461 6442 6416 6384 6350 6313 6276 6255 6248 6263 6301
7736 7785 7802 7795 7725 7622 7498 7384 7281 7195 7124 7043 6942 6799 6621 6428 6230 6045 5894 5789 5731 5714 5741 5802 5880 5965 6022 5999 5880 5675 5411 5125 4824 4537 4289 4082 3918 3794 3710 3653 3618 3601 3598 3606 3632 3693 3806 3957 4102 4262 4436 4610 4772 4921 5052 5166 5269 5377 5494 5620 5759 5915 6045 6178 6290 6381 6443 6499 6528 6547 6555 6557 6554 6539 6514 6484 6451 6416 6391 6383 6393 6420
7527 7553 7573 7589 7570 7489 7404 7331 7243 7156 7094 7029 6913 6745 6558 6361 6169 5991 5853 5768 5733 5736 5779 5854 5941 6030 6083 6052 5929 5726 5453 5150 4838 4548 4303 4097 3929 3803 3714 3654 3619 3604 3603 3619 3659 3744 3878 4024 4179 4357 4547 4736 4909 5063 5191 5298 5386 5473 5571 5675 5792 5922 6039 6158 6265 6358 6430 6491 6533 6568 6594 6618 6634 6633 6619 6600 6573 6545 6522 6510 6512 6525
7270 7291 7323 7358 7354 7332 7302 7252 7198 7128 7065 6992 6866 6692 6497 6301 6116 5949 5824 5759 5742 5769 5827 5913 6008 6098 6144 6110 5983 5778 5523 5203 4879 4588 4341 4134 3962 3830 3733 3667 3627 3610 3611 3631 3687 3793 3934 4075 4247 4441 4646 4846 5029 5186 5318 5420 5498 5568 5644 5724 5821 5929 6029 6129 6225 6309 6382 6445 6512 6559 6598 6639 6673 6691 6696 6691 6676 6658 6642 6628 6623 6620
7024 7003 7063 7138 7168 7181 7188 7171 7140 7099 7029 6945 6815 6644 6438 6246 6065 5912 5807 5760 5763 5806 5883 5978 6079 6165 6204 6167 6039 5834 5581 5266 4934 4641 4394 4184 4006 3865 3758 3684 3639 3618 3616 3636 3697 3815 3961 4115 4297 4501 4716 4925 5113 5277 5411 5513 5588 5648 5705 5766 5836 5922 6003 6084 6164 6234 6301 6368 6438 6501 6563 6624 6680 6718 6738 6749 6750 6746 6739 6729 6721 6703
6813 6798 6870 6974 7023 7056 7096 7113 7100 7056 6998 6900 6769 6589 6388 6198 6027 5891 5803 5772 5794 5849 5938 6042 6145 6228 6263 6223 6091 5892 5641 5329 4992 4696 4448 4234 4050 3901 3785 3702 3649 3623 3618 3634 3692 3811 3971 4131 4320 4530 4748 4961 5155 5323 5464 5572 5650 5709 5757 5803 5850 5897 5953 6026 6079 6132 6187 6252 6326 6409 6490 6573 6646 6705 6743 6773 6792 6804 6808 6807 6800 6774
6664 6656 6738 6845 6902 6969 7026 7061 7065 7026 6960 6865 6728 6551 6356 6168 6004 5879 5803 5793 5825 5893 5992 6102 6206 6283 6310 6269 6142 5946 5699 5393 5055 4756 4502 4282 4093 3935 3810 3719 3658 3626 3616 3629 3679 3793 3963 4129 4320 4529 4746 4957 5152 5329 5477 5596 5685 5750 5796 5832 5857 5877 5904 5942 5963 5997 6044 6112 6197 6290 6392 6492 6582 6653 6715 6764 6802 6830 6849 6860 6861 6832
6537 6543 6626 6751 6826 6904 6970 7023 7034 6997 6936 6840 6706 6531 6341 6157 5999 5881 5815 5813 5859 5940 6043 6156 6258 6329 6351 6308 6188 5996 5756 5453 5113 4813 4554 4329 4135 3969 3834 3732 3664 3627 3611 3619 3663 3764 3927 4109 4298 4503 4716 4926 5123 5303 5461 5594 5698 5773 5821 5850 5861 5862 5864 5869 5865 5876 5907 5970 6056 6157 6262 6377 6485 6576 6657 6723 6778 6824 6860 6887 6899 6872
6419 6456 6571 6696 6788 6879 6956 7005 7009 6971 6917 6827 6696 6525 6337 6159 6010 5901 5843 5847 5901 5988 6092 6203 6302 6368 6386 6342 6223 6040 5807 5500 5163 4862 4603 4374 4172 3998 3855 3746 3671 3626 3606 3607 3641 3724 3873 4074 4258 4459 4668 4874 5072 5256 5422 5568 5688 5778 5836 5867 5873 5861 5836 5810 5784 5770 5786 5838 5913 6012 6126 6250 6369 6478 6573 6658 6728 6790 6844 6885 6906 6889
6344 6412 6541 6647 6746 6850 6926 6975 6984 6957 6907 6824 6699 6531 6349 6177 6036 5935 5884 5891 5947 6032 6137 6243 6336 6399 6415 6374 6258 6082 5855 5543 5211 4913 4651 4418 4210 4029 3878 3760 3678 3627 3600 3594 3618 3684 3816 4021 4208 4403 4608 4814 5014 5201 5376 5535 5672 5779 5850 5887 5893 5871 5830 5778 5728 5692 5681 5713 5778 5873 5992 6122 6248 6365 6477 6574 6655 6732 6798 6852 6880 6871
6273 6373 6507 6614 6723 6820 6908 6960 6970 6948 6905 6829 6713 6552 6374 6207 6072 5979 5933 5943 5999 6083 6180 6279 6364 6422 6439 6401 6296 6125 5904 5596 5264 4964 4702 4465 4251 4063 3904 3778 3689 3630 3597 3583 3598 3651 3769 3960 4155 4346 4549 4756 4957 5150 5332 5504 5658 5777 5863 5913 5926 5900 5846 5779 5711 5655 5616 5622 5672 5755 5874 6013 6134 6254 6369 6478 6569 6654 6728 6788 6823 6814
6202 6313 6442 6591 6709 6816 6901 6943 6972 6953 6913 6846 6737 6585 6414 6251 6117 6024 5982 5995 6052 6131 6220 6308 6385 6441 6457 6424 6326 6166 5956 5656 5325 5025 4760 4520 4300 4103 3936 3802 3705 3639 3598 3578 3585 3630 3732 3909 4105 4294 4498 4707 4912 5108 5299 5479 5644 5781 5882 5952 5975 5949 5891 5812 5728 5652 5595 5577 5606 5674 5781 5910 6038 6154 6275 6381 6475 6565 6639 6694 6722 6710
6149 6276 6423 6585 6696 6794 6877 6951 6985 6967 6933 6877 6772 6621 6450 6289 6159 6068 6030 6042 6096 6176 6258 6335 6405 6459 6475 6449 6354 6209 6014 5741 5411 5099 4824 4582 4358 4154 3978 3837 3731 3657 3608 3580 3581 3619 3710 3872 4066 4250 4455 4667 4874 5076 5272 5462 5636 5784 5904 5990 6027 6012 5955 5870 5773 5679 5604 5567 5575 5625 5716 5828 5951 6071 6184 6291 6382 6469 6537 6577 6591 6572
6148 6307 6444 6569 6683 6793 6887 6972 7008 7001 6977 6925 6824 6667 6493 6330 6200 6109 6071 6085 6135 6207 6286 6360 6427 6480 6503 6477 6391 6252 6069 5834 5531 5195 4899 4651 4424 4216 4034 3886 3771 3687 3629 3594 3586 3618 3701 3853 4033 4214 4417 4629 4838 5043 5246 5442 5625 5786 5923 6027 6076 6071 6021 5936 5834 5726 5640 5587 5574 5605 5680 5782 5896 6007 6113 6215 6298 6369 6419 6446 6444 6412
6194 6345 6478 6597 6709 6824 6934 7015 7058 7061 7041 6988 6878 6716 6538 6368 6234 6141 6100 6115 6166 6237 6313 6389 6455 6509 6531 6503 6429 6307 6128 5902 5631 5282 4980 4726 4499 4290 4104 3950 3827 3733 3667 3623 3608 3633 3712 3853 4013 4184 4380 4589 4798 5006 5213 5416 5609 5782 5932 6050 6116 6123 6080 5998 5892 5779 5682 5621 5593 5616 5683 5775 5875 5975 6071 6162 6228 6278 6308 6317 6297 6256
6183 6336 6481 6611 6725 6849 6974 7070 7121 7140 7119 7067 6942 6771 6580 6399 6258 6165 6123 6139 6190 6256 6334 6414 6483 6535 6556 6539 6474 6360 6186 5966 5689 5350 5063 4818 4590 4381 4192 4032 3901 3797 3720 3670 3653 3673 3746 3876 4000 4159 4344 4544 4752 4962 5174 5384 5586 5772 5934 6066 6146 6169 6128 6050 5943 5826 5719 5651 5620 5639 5698 5775 5861 5954 6038 6122 6172 6199 6207 6189 6150 6100
6143 6303 6459 6601 6733 6867 7004 7114 7185 7217 7204 7148 7018 6829 6622 6429 6284 6185 6145 6157 6204 6273 6353 6434 6506 6560 6585 6570 6507 6399 6240 6027 5732 5422 5161 4932 4713 4497 4303 4135 3995 3883 3798 3744 3719 3729 3793 3888 3994 4136 4306 4496 4700 4911 5129 5347 5561 5754 5929 6074 6176 6203 6167 6091 5981 5861 5755 5678 5644 5653 5697 5774 5849 5927 6003 6064 6099 6114 6106 6069 6011 5951
6101 6282 6459 6602 6743 6879 7024 7151 7241 7292 7289 7223 7096 6897 6666 6452 6297 6189 6145 6166 6212 6283 6366 6452 6526 6579 6606 6595 6533 6437 6284 6083 5790 5517 5286 5075 4866 4651 4443 4264 4119 4001 3909 3842 3804 3798 3842 3904 3990 4111 4263 4441 4639 4854 5078 5307 5532 5737 5925 6080 6191 6229 6197 6121 6006 5880 5769 5689 5649 5655 5686 5758 5832 5898 5956 5997 6018 6026 6007 5956 5875 5771
6031 6220 6415 6567 6725 6878 7030 7169 7280 7344 7353 7286 7142 6931 6695 6485 6315 6198 6146 6161 6211 6286 6375 6463 6544 6599 6626 6614 6561 6468 6325 6143 5877 5640 5444 5258 5054 4833 4615 4423 4267 4149 4057 3980 3919 3892 3898 3926 3989 4088 4219 4383 4578 4795 5026 5264 5498 5718 5921 6090 6203 6246 6220 6140 6020 5886 5760 5681 5630 5628 5663 5732 5807 5867 5907 5934 5946 5947 5915 5860 5776 5652
5943 6149 6341 6520 6708 6868 7017 7163 7292 7368 7381 7309 7156 6923 6713 6490 6319 6205 6147 6157 6210 6283 6373 6467 6553 6613 6640 6634 6589 6504 6375 6212 5999 5793 5643 5454 5258 5039 4807 4605 4437 4316 4219 4114 4031 3974 3946 3951 3990 4066 4177 4331 4519 4740 4978 5224 5471 5704 5919 6101 6227 6275 6244 6154 6022 5878 5738 5649 5597 5586 5626 5695 5772 5833 5867 5887 5894 5885 5848 5791 5721 5632
5843 6054 6264 6462 6650 6821 6975 7139 7267 7342 7357 7280 7118 6882 6675 6454 6290 6180 6132 6143 6194 6269 6365 6465 6552 6613 6646 6644 6606 6535 6429 6294 6136 5965 5799 5628 5438 5243 5013 4799 4616 4489 4360 4231 4126 4048 3997 3957 3968 4014 4107 4272 4472 4693 4938 5192 5447 5692 5922 6115 6249 6299 6265 6167 6020 5859 5709 5602 5542 5535 5580 5653 5734 5799 5841 5853 5848 5817 5753 5719 5683 5597
5769 5970 6186 6383 6568 6746 6911 7071 7202 7270 7260 7189 7035 6805 6580 6408 6258 6155 6106 6117 6168 6251 6351 6452 6539 6603 6639 6640 6616 6568 6480 6371 6241 6099 5952 5802 5625 5432 5222 4998 4802 4649 4506 4356 4223 4123 4021 3961 3948 3980 4065 4227 4435 4660 4909 5170 5433 5684 5925 6126 6265 6313 6278 6175 6019 5830 5674 5555 5488 5476 5520 5599 5690 5769 5831 5866 5883 5855 5738 5659 5641 5582
5697 5888 6102 6289 6464 6653 6820 6976 7099 7146 7124 7045 6908 6702 6482 6343 6214 6123 6074 6085 6136 6222 6318 6415 6502 6574 6609 6619 6607 6571 6507 6424 6328 6214 6092 5955 5797 5617 5423 5221 5016 4836 4653 4481 4326 4187 4062 3985 3958 3978 4057 4210 4412 4639 4892 5156 5420 5679 5926 6130 6269 6319 6284 6178 6015 5810 5628 5517 5437 5421 5463 5541 5641 5736 5823 5883 5924 5933 5841 5698 5608 5529
5634 5810 6030 6193 6336 6515 6702 6854 6958 6978 6942 6867 6740 6525 6377 6262 6161 6077 6039 6050 6099 6181 6270 6364 6450 6521 6561 6578 6573 6549 6507 6452 6381 6296 6205 6098 5958 5790 5603 5407 5202 4999 4796 4603 4428 4274 4125 4025 3981 3992 4067 4216 4404 4629 4884 5148 5412 5672 5918 6123 6272 6322 6287 6179 6011 5807 5611 5486 5397 5376 5412 5487 5589 5703 5811 5902 5979 6013 5990 5835 5693 5569
5576 5743 5938 6079 6199 6372 6545 6695 6798 6811 6765 6684 6535 6361 6281 6186 6100 6042 6003 6012 6059 6128 6213 6302 6390 6456 6497 6514 6517 6504 6479 6450 6404 6348 6286 6208 6095 5944 5770 5573 5360 5143 4928 4715 4518 4346 4184 4067 4011 4009 4077 4225 4405 4628 4881 5143 5404 5663 5904 6108 6257 6310 6278 6172 5999 5800 5598 5459 5368 5336 5366 5442 5550 5676 5808 5924 6034 6108 6114 6037 5873 5717
-9999 -9999 5843 5931 6044 6233 6398 6537 6649 6659 6611 6489 6348 6217 6149 6091 6021 5981 5964 5972 6019 6075 6149 6229 6309 6372 6411 6435 6444 6441 6432 6426 6405 6385 6341 6285 6195 6067 5909 5716 5498 5269 5037 4806 4592 4397 4220 4100 4039 4032 4097 4244 4412 4629 4878 5136 5398 5651 5887 6083 6222 6280 6250 6145 5978 5776 5585 5431 5332 5307 5335 5406 5508 5659 5807 5951 6086 6188 6230 6220 6100 5938
-9999 -9999 5720 5789 5903 6077 6258 6408 6523 6534 6486 6343 6220 6108 6036 5998 5951 5921 5922 5934 5974 6019 6083 6157 6222 6281 6314 6345 6365 6373 6380 6388 6385 6383 6366 6336 6268 6156 6010 5825 5606 5366 5117 4873 4634 4414 4244 4127 4068 4058 4113 4251 4418 4630 4874 5129 5385 5638 5868 6056 6187 6237 6205 6101 5933 5735 5551 5407 5297 5277 5323 5368 5465 5655 5808 5967 6120 6250 6328 6347 6302 6166
-9999 -9999 -9999 5668 5785 5955 6151 6287 6403 6437 6400 6264 6145 6044 5957 5902 5890 5872 5876 5888 5931 5972 6022 6080 6134 6183 6220 6258 6285 6305 6328 6340 6352 6361 6366 6355 6309 6218 6084 5908 5684 5433 5174 4900 4648 4434 4271 4160 4096 4079 4118 4232 4425 4631 4872 5123 5375 5625 5849 6032 6150 6193 6156 6046 5879 5687 5510 5381 5292 5296 5339 5388 5463 5649 5818 5978 6148 6301 6406 6455 6443 6365
-9999 -9999 -9999 5558 5695 5864 6051 6200 6322 6355 6336 6238 6110 6017 5911 5834 5815 5836 5843 5869 5901 5926 5957 6002 6050 6090 6139 6178 6209 6239 6270 6302 6331 6364 6374 6368 6335 6260 6130 5952 5727 5469 5178 4899 4660 4457 4301 4194 4127 4106 4133 4229 4419 4640 4874 5122 5378 5624 5843 6019 6130 6160 6114 5999 5829 5640 5473 5345 5295 5322 5367 5427 5481 5644 5828 5986 6160 6326 6454 6525 6540 6479
-9999 -9999 -9999 -9999 -9999 5803 5985 6132 6242 6275 6264 6209 6085 5991 5880 5803 5782 5813 5829 5845 5851 5874 5903 5934 5975 6014 6057 6100 6147 6194 6241 6283 6322 6367 6380 6388 6359 6285 6149 5963 5731 5474 5160 4897 4674 4484 4336 4232 4166 4143 4166 4252 4428 4659 4890 5141 5394 5640 5858 6031 6134 6152 6091 5966 5791 5606 5438 5316 5300 5353 5409 5465 5502 5628 5825 5984 6152 6324 6459 6543 6571 6528
-9999 -9999 -9999 -9999 -9999 5754 5921 6067 6166 6206 6195 6149 6033 5941 5859 5802 5780 5795 5819 5824 5832 5850 5867 5890 5917 5953 5998 6050 6101 6163 6224 6283 6333 6378 6413 6420 6387 6298 6149 5958 5725 5462 5158 4908 4695 4516 4375 4275 4213 4188 4211 4290 4457 4688 4918 5168 5424 5672 5890 6061 6159 6165 6084 5951 5773 5569 5395 5320 5349 5395 5459 5499 5529 5624 5771 5962 6135 6297 6433 6518 6553 6523
-9999 -9999 -9999 -9999 -9999 5700 5867 5986 6087 6131 6126 6063 5980 5911 5863 5830 5810 5808 5818 5823 5834 5847 5853 5872 5890 5925 5965 6020 6081 6151 6222 6295 6368 6421 6458 6475 6437 6316 6146 5939 5704 5435 5163 4929 4729 4556 4420 4324 4265 4241 4260 4337 4503 4727 4955 5205 5462 5711 5933 6104 6197 6194 6073 5908 5718 5531 5407 5386 5390 5437 5500 5521 5556 5635 5761 5952 6112 6255 6373 6458 6493 6477
-9999 -9999 -9999 -9999 5424 5626 5796 5915 6011 6062 6042 5997 5947 5908 5885 5872 5868 5868 5872 5876 5872 5870 5871 5868 5880 5906 5951 6003 6076 6158 6243 6324 6409 6469 6514 6523 6475 6348 6155 5910 5662 5416 5181 4968 4776 4611 4479 4384 4327 4302 4319 4399 4575 4777 5001 5248 5504 5753 5978 6152 6243 6235 6139 5941 5726 5556 5476 5417 5421 5467 5529 5540 5576 5653 5781 5957 6080 6198 6297 6368 6399 6357
-9999 -9999 -9999 -9999 5373 5568 5724 5838 5938 5997 6000 5967 5940 5916 5906 5907 5910 5909 5916 5926 5917 5905 5897 5890 5889 5905 5936 5997 6081 6175 6272 6371 6464 6525 6571 6578 6516 6376 6175 5908 5668 5446 5232 5030 4846 4686 4556 4460 4401 4375 4390 4476 4652 4835 5052 5294 5543 5789 6011 6184 6277 6267 6172 5998 5761 5592 5508 5442 5439 5477 5535 5543 5591 5681 5807 5937 6038 6133 6213 6264 6239 6185
-9999 -9999 -9999 5174 5334 5498 5649 5781 5889 5964 5980 5961 5947 5930 5921 5927 5933 5938 5949 5961 5953 5936 5913 5897 5891 5910 5950 6000 6092 6203 6313 6432 6517 6584 6633 6633 6564 6418 6204 5960 5734 5522 5311 5119 4938 4781 4652 4552 4488 4457 4471 4556 4718 4896 5105 5335 5572 5807 6017 6181 6270 6258 6161 6003 5761 5591 5505 5442 5429 5458 5490 5521 5608 5719 5821 5907 5974 6038 6087 6091 6069 6050
