Capas/PRESENTE/Eje_30s/ASC/bio_06.asc
ncols         993
nrows         433
xllcorner     -105.25566776747
yllcorner     17.599810932142
cellsize      0.0083333333
NODATA_value  -9999
[rows 36 to 71 of 433, columns 82 to 163 of 993]
2860 2864 2868 2873 2873 2872 2870 2869 2869 2866 2861 2861 2859 -9999 -9999 -9999 -9999 -9999 -9999 -9999 -9999 -9999 -9999 -9999 -9999 -9999 -9999 -9999 -9999 -9999 -9999 -9999 -9999 -9999 -9999 -9999 -9999 -9999 -9999 -9999 -9999 -9999 -9999 -9999 -9999 -9999 -9999 -9999 -9999 2784 2787 2795 2800 2801 2812 2817 2820 2817 2815 2822 2823 2823 2823 2824 2824 2824 2824 2824 2824 2824 2824 2824 2822 2821 2822 2823 2824 2823 2824 2826 2830 2831
2858 2860 2863 2870 2875 2873 2872 2871 2869 2866 2862 2861 2860 2858 2855 -9999 -9999 -9999 -9999 -9999 -9999 -9999 -9999 -9999 -9999 -9999 -9999 -9999 -9999 -9999 2803 2794 2793 2804 2803 2812 2814 2815 2813 2812 2809 2804 2794 2808 2806 2794 2793 2789 2785 2788 2790 2797 2798 2800 2805 2810 2812 2815 2820 2822 2823 2823 2823 2824 2824 2824 2824 2824 2824 2824 2824 2823 2819 2818 2819 2822 2821 2819 2822 2825 2828 2827
2855 2857 2861 2869 2874 2874 2874 2871 2868 2864 2860 2861 2861 2859 2857 2853 2839 2821 2805 2785 2786 2780 2784 2792 2795 2805 2817 2812 2807 2794 2798 2809 2807 2810 2813 2817 2817 2818 2811 2809 2809 2802 2801 2813 2805 2794 2797 2793 2793 2801 2801 2803 2808 2809 2815 2818 2816 2821 2822 2822 2822 2823 2823 2823 2824 2824 2824 2824 2824 2824 2823 2820 2816 2814 2815 2819 2819 2818 2818 2821 2824 2823
2859 2859 2867 2869 2871 2873 2874 2869 2863 2860 2859 2859 2857 2857 2856 2854 2842 2828 2813 2802 2796 2781 2782 2802 2810 2817 2824 2821 2812 2796 2800 2808 2815 2813 2817 2822 2820 2821 2818 2813 2815 2813 2812 2817 2814 2809 2812 2807 2809 2809 2807 2807 2808 2808 2806 2816 2820 2820 2818 2819 2820 2820 2817 2816 2823 2824 2824 2824 2824 2822 2821 2820 2816 2812 2812 2815 2818 2817 2815 2816 2819 2821
2861 2864 2867 2869 2872 2870 2872 2870 2865 2859 2859 2856 2854 2852 2853 2853 2848 2836 2823 2817 2800 2793 2778 2786 2799 2816 2828 2826 2818 2804 2804 2813 2822 2822 2825 2826 2825 2823 2821 2818 2820 2821 2819 2817 2817 2817 2815 2812 2812 2806 2802 2803 2800 2803 2807 2806 2811 2806 2808 2810 2811 2806 2806 2812 2823 2824 2824 2824 2821 2818 2817 2817 2813 2810 2811 2814 2817 2815 2814 2813 2815 2818
2859 2863 2863 2867 2868 2866 2866 2870 2867 2860 2859 2857 2855 2854 2855 2854 2852 2846 2838 2825 2819 2802 2787 2785 2791 2802 2823 2830 2823 2814 2821 2828 2829 2831 2830 2828 2826 2825 2824 2820 2823 2822 2817 2813 2807 2807 2810 2806 2805 2801 2797 2801 2807 2811 2811 2809 2809 2805 2796 2794 2796 2793 2799 2812 2820 2824 2824 2824 2823 2822 2819 2816 2810 2808 2809 2814 2813 2811 2812 2812 2813 2815
2859 2861 2862 2863 2861 2861 2861 2863 2867 2859 2858 2858 2856 2857 2857 2856 2854 2852 2847 2841 2828 2816 2807 2804 2805 2806 2820 2837 2837 2829 2826 2833 2835 2836 2833 2831 2826 2830 2826 2823 2824 2821 2817 2810 2808 2805 2804 2804 2799 2797 2798 2801 2806 2811 2813 2810 2810 2807 2796 2790 2802 2808 2809 2809 2811 2822 2824 2824 2824 2824 2824 2820 2810 2802 2806 2809 2809 2807 2811 2807 2803 2808
2858 2860 2858 2860 2857 2857 2859 2859 2867 2861 2859 2857 2857 2858 2858 2857 2855 2853 2851 2849 2844 2831 2816 2813 2823 2833 2844 2848 2848 2845 2838 2835 2838 2840 2837 2837 2833 2832 2828 2831 2827 2824 2820 2812 2812 2806 2803 2802 2796 2794 2792 2801 2807 2811 2814 2809 2813 2812 2805 2792 2805 2813 2816 2814 2814 2823 2824 2824 2824 2824 2824 2823 2816 2812 2810 2805 2808 2807 2808 2799 2791 2794
2858 2856 2856 2856 2853 2855 2857 2860 2865 2868 2866 2859 2859 2860 2859 2858 2856 2855 2853 2852 2852 2841 2823 2833 2847 2850 2843 2841 2839 2839 2844 2843 2834 2834 2832 2833 2834 2834 2834 2832 2830 2827 2823 2817 2814 2808 2807 2805 2800 2797 2797 2801 2810 2813 2816 2816 2816 2816 2810 2800 2804 2814 2817 2814 2818 2823 2824 2824 2823 2823 2821 2823 2821 2818 2814 2810 2806 2806 2807 2801 2792 2789
2855 2853 2854 2851 2847 2851 2854 2859 2857 2859 2864 2864 2860 2861 2861 2859 2857 2856 2855 2853 2855 2851 2846 2854 2850 2841 2836 2830 2826 2823 2832 2836 2837 2830 2828 2829 2826 2823 2829 2831 2830 2827 2824 2822 2818 2813 2809 2809 2804 2803 2804 2808 2812 2815 2817 2820 2819 2819 2818 2816 2816 2816 2819 2821 2822 2823 2824 2820 2816 2822 2821 2818 2820 2818 2814 2810 2804 2803 2802 2800 2795 2788
2852 2850 2847 2841 2841 2844 2847 2853 2852 2857 2861 2865 2864 2864 2861 2860 2859 2858 2857 2856 2858 2861 2855 2841 2841 2831 2826 2817 2816 2816 2825 2825 2828 2828 2822 2823 2820 2821 2827 2828 2827 2822 2822 2820 2809 2809 2804 2806 2807 2809 2807 2806 2806 2814 2820 2821 2821 2821 2821 2822 2821 2821 2822 2822 2823 2823 2823 2821 2823 2824 2822 2819 2818 2816 2809 2806 2803 2800 2795 2793 2793 2790
2866 2860 2852 2846 2839 2839 2848 2847 2847 2857 2856 2859 2861 2867 2862 2861 2862 2861 2860 2859 2861 2862 2855 2837 2822 2814 2809 2809 2799 2807 2807 2812 2819 2821 2816 2818 2820 2824 2824 2824 2823 2822 2820 2815 2809 2808 2806 2802 2806 2811 2812 2810 2810 2816 2818 2821 2822 2822 2822 2822 2823 2823 2823 2823 2823 2823 2823 2824 2824 2823 2821 2821 2818 2812 2805 2803 2799 2798 2794 2792 2789 2783
2864 2861 2851 2842 2837 2836 2841 2843 2841 2851 2848 2853 2860 2862 2866 2865 2867 2864 2863 2864 2863 2860 2853 2836 2829 2816 2810 2814 2804 2795 2792 2799 2807 2812 2807 2810 2816 2820 2822 2823 2822 2821 2817 2814 2816 2816 2815 2806 2811 2812 2811 2808 2811 2811 2811 2818 2822 2822 2822 2823 2823 2823 2823 2823 2823 2823 2822 2823 2823 2821 2821 2819 2818 2814 2807 2805 2803 2799 2799 2798 2791 2783
2860 2851 2851 2842 2833 2831 2832 2836 2837 2846 2840 2843 2850 2853 2859 2861 2863 2867 2864 2863 2861 2861 2858 2849 2843 2831 2829 2825 2809 2804 2798 2800 2803 2802 2797 2799 2805 2814 2819 2820 2822 2822 2818 2819 2818 2820 2819 2818 2819 2818 2819 2814 2813 2811 2815 2815 2820 2822 2823 2823 2823 2823 2823 2823 2823 2823 2823 2821 2821 2823 2821 2819 2818 2813 2808 2809 2807 2805 2804 2801 2796 2784
2858 2851 2846 2843 2832 2827 2825 2826 2830 2837 2841 2838 2838 2842 2849 2858 2858 2862 2862 2864 2864 2863 2860 2856 2848 2846 2838 2831 2822 2820 2812 2804 2801 2798 2798 2802 2805 2810 2810 2816 2821 2823 2822 2822 2821 2821 2822 2821 2821 2822 2822 2820 2815 2815 2819 2818 2817 2821 2823 2823 2823 2823 2823 2823 2823 2823 2823 2819 2823 2824 2821 2818 2820 2814 2814 2812 2808 2808 2803 2802 2797 2788
2869 2856 2845 2837 2830 2824 2823 2822 2822 2828 2832 2830 2834 2837 2846 2855 2852 2853 2852 2858 2863 2865 2863 2861 2856 2846 2840 2841 2839 2833 2822 2819 2810 2797 2797 2798 2798 2802 2807 2810 2817 2822 2823 2823 2823 2823 2823 2823 2823 2822 2822 2822 2818 2819 2821 2822 2821 2821 2822 2822 2822 2822 2823 2823 2823 2823 2823 2821 2821 2824 2823 2820 2821 2819 2818 2814 2815 2812 2806 2803 2796 2789
2868 2859 2849 2832 2825 2823 2822 2821 2820 2822 2826 2821 2823 2832 2843 2842 2841 2843 2842 2850 2858 2862 2864 2863 2860 2854 2850 2845 2838 2829 2825 2821 2812 2806 2801 2801 2803 2807 2812 2816 2820 2823 2823 2823 2823 2823 2823 2822 2821 2822 2822 2821 2821 2821 2822 2822 2822 2821 2821 2820 2820 2821 2822 2823 2822 2822 2822 2820 2820 2823 2824 2824 2822 2821 2819 2819 2818 2816 2813 2811 2802 2790
2860 2863 2859 2843 2827 2823 2821 2819 2819 2822 2822 2817 2815 2825 2831 2829 2831 2835 2836 2843 2850 2858 2862 2862 2860 2857 2849 2844 2836 2830 2829 2823 2821 2819 2812 2805 2805 2808 2814 2815 2817 2822 2823 2823 2822 2820 2820 2816 2813 2818 2821 2821 2820 2821 2820 2820 2819 2820 2819 2818 2817 2819 2816 2810 2814 2820 2820 2820 2819 2823 2824 2824 2823 2822 2820 2821 2819 2818 2818 2810 2806 2799
2840 2855 2863 2858 2845 2837 2836 2836 2832 2822 2818 2813 2808 2815 2823 2826 2826 2827 2829 2834 2844 2852 2858 2861 2858 2858 2854 2846 2844 2840 2838 2831 2828 2828 2821 2814 2810 2809 2808 2809 2809 2816 2821 2822 2822 2819 2814 2811 2810 2815 2819 2820 2819 2819 2816 2811 2808 2812 2807 2810 2805 2806 2804 2798 2805 2811 2819 2819 2819 2822 2822 2823 2823 2820 2820 2820 2821 2822 2821 2819 2817 2810
2845 2847 2847 2861 2859 2857 2853 2847 2843 2840 2833 2820 2807 2807 2817 2822 2822 2823 2826 2831 2838 2847 2856 2861 2860 2861 2857 2850 2853 2850 2846 2838 2836 2834 2826 2819 2815 2810 2808 2806 2805 2807 2810 2816 2820 2821 2818 2815 2814 2816 2817 2817 2817 2814 2809 2800 2802 2801 2794 2800 2807 2796 2785 2784 2794 2807 2817 2819 2821 2824 2824 2823 2822 2821 2816 2819 2822 2823 2820 2822 2822 2818
2844 2834 2836 2855 2861 2844 2836 2833 2826 2827 2832 2821 2809 2803 2809 2818 2819 2821 2826 2831 2842 2850 2857 2852 2859 2854 2861 2854 2849 2847 2844 2844 2838 2827 2818 2814 2810 2804 2805 2806 2810 2812 2815 2817 2819 2819 2818 2811 2807 2809 2807 2809 2812 2811 2802 2795 2793 2789 2791 2790 2796 2791 2782 2785 2801 2809 2813 2812 2818 2824 2825 2826 2825 2823 2820 2820 2823 2825 2823 2824 2824 2823
2838 2836 2841 2853 2861 2847 2823 2812 2803 2806 2819 2819 2808 2802 2802 2813 2817 2820 2825 2835 2845 2851 2852 2846 2855 2849 2855 2856 2851 2845 2841 2841 2834 2826 2818 2819 2813 2804 2800 2803 2805 2807 2812 2811 2817 2816 2811 2796 2787 2793 2785 2786 2798 2807 2802 2795 2793 2793 2793 2790 2786 2781 2779 2784 2793 2803 2812 2817 2821 2825 2826 2826 2825 2824 2823 2822 2825 2826 2825 2825 2825 2824
2832 2827 2840 2843 2856 2852 2825 2799 2789 2794 2802 2805 2803 2801 2801 2809 2817 2820 2824 2835 2840 2848 2848 2852 2848 2840 2846 2856 2858 2857 2852 2847 2839 2834 2831 2830 2823 2816 2808 2808 2806 2809 2814 2814 2814 2809 2807 2792 2775 2772 2766 2763 2775 2795 2800 2794 2796 2796 2794 2791 2786 2777 2776 2793 2798 2802 2808 2819 2824 2825 2826 2826 2827 2827 2825 2826 2827 2827 2827 2826 2826 2826
2821 2819 2829 2841 2857 2855 2833 2814 2790 2791 2802 2804 2803 2805 2803 2804 2814 2817 2820 2825 2833 2841 2842 2851 2839 2833 2835 2839 2847 2856 2858 2853 2844 2841 2842 2837 2832 2828 2824 2820 2819 2822 2827 2824 2818 2811 2799 2787 2774 2772 2773 2773 2774 2777 2788 2795 2797 2797 2795 2788 2785 2781 2782 2801 2809 2812 2817 2822 2825 2825 2826 2826 2827 2827 2826 2827 2828 2828 2828 2827 2827 2827
2804 2806 2826 2839 2851 2861 2855 2837 2801 2800 2805 2808 2807 2810 2810 2807 2809 2814 2816 2817 2826 2833 2839 2848 2830 2825 2823 2828 2841 2850 2856 2858 2855 2851 2852 2849 2844 2840 2834 2830 2826 2833 2833 2825 2822 2817 2809 2801 2787 2780 2786 2791 2792 2785 2781 2789 2797 2797 2796 2792 2792 2787 2783 2800 2814 2818 2821 2823 2824 2825 2826 2826 2827 2827 2827 2827 2828 2828 2828 2828 2828 2828
2800 2803 2811 2829 2828 2846 2859 2842 2820 2809 2811 2811 2810 2813 2815 2815 2814 2814 2818 2820 2824 2825 2835 2846 2835 2824 2825 2826 2836 2850 2848 2855 2858 2857 2856 2852 2849 2846 2841 2838 2839 2840 2825 2811 2803 2812 2806 2796 2790 2786 2791 2796 2796 2790 2793 2790 2795 2793 2789 2791 2789 2790 2792 2808 2815 2819 2822 2823 2824 2825 2825 2826 2827 2827 2827 2827 2828 2828 2828 2829 2829 2829
2797 2799 2804 2808 2811 2834 2851 2856 2829 2815 2815 2815 2813 2816 2821 2818 2813 2811 2814 2818 2821 2825 2833 2837 2836 2824 2831 2835 2839 2846 2840 2848 2850 2854 2856 2854 2850 2847 2845 2846 2840 2830 2830 2821 2818 2815 2808 2794 2795 2783 2791 2800 2796 2795 2798 2799 2797 2789 2783 2789 2796 2797 2805 2812 2816 2819 2820 2817 2822 2824 2825 2826 2827 2828 2828 2827 2827 2827 2828 2829 2830 2830
2790 2791 2801 2808 2820 2840 2854 2852 2827 2819 2819 2815 2814 2819 2827 2823 2813 2801 2801 2815 2820 2821 2821 2829 2822 2817 2829 2837 2839 2844 2832 2837 2848 2855 2857 2855 2853 2852 2846 2836 2828 2811 2823 2830 2824 2815 2801 2802 2804 2791 2799 2802 2799 2801 2801 2797 2782 2770 2776 2793 2800 2805 2809 2811 2810 2816 2814 2814 2822 2823 2824 2825 2826 2827 2828 2829 2829 2827 2828 2830 2830 2830
2795 2798 2802 2808 2815 2831 2851 2852 2837 2832 2823 2818 2822 2820 2827 2820 2818 2812 2808 2817 2818 2817 2817 2821 2817 2821 2831 2831 2832 2832 2827 2832 2847 2851 2852 2850 2847 2843 2830 2824 2819 2812 2820 2821 2821 2815 2814 2812 2812 2803 2806 2807 2807 2806 2800 2794 2775 2761 2768 2785 2791 2790 2793 2802 2809 2812 2812 2817 2821 2822 2823 2824 2825 2826 2827 2828 2829 2830 2830 2830 2830 2831
2799 2803 2807 2812 2816 2827 2851 2861 2853 2851 2842 2833 2830 2828 2831 2824 2821 2819 2819 2812 2815 2814 2808 2814 2815 2820 2819 2813 2819 2822 2833 2842 2840 2844 2853 2848 2838 2830 2820 2810 2809 2809 2813 2810 2813 2811 2809 2813 2812 2812 2809 2806 2806 2805 2800 2794 2780 2764 2761 2773 2787 2780 2781 2794 2796 2807 2809 2815 2818 2819 2821 2822 2823 2824 2826 2827 2829 2830 2830 2831 2831 2831
2804 2806 2805 2811 2818 2824 2836 2855 2856 2855 2853 2851 2842 2835 2835 2832 2825 2818 2812 2805 2812 2818 2816 2816 2817 2816 2813 2815 2822 2830 2836 2842 2840 2842 2848 2849 2835 2824 2815 2806 2803 2803 2802 2801 2802 2803 2803 2803 2804 2806 2809 2809 2808 2806 2800 2794 2785 2778 2776 2775 2775 2778 2784 2784 2795 2797 2797 2811 2814 2815 2817 2819 2821 2823 2824 2826 2828 2829 2829 2830 2831 2831
2808 2810 2811 2812 2815 2829 2847 2846 2835 2832 2840 2852 2838 2840 2842 2836 2829 2826 2821 2817 2818 2821 2818 2816 2815 2811 2805 2804 2814 2824 2837 2842 2844 2845 2846 2847 2841 2831 2814 2809 2811 2806 2811 2812 2806 2803 2803 2801 2800 2803 2807 2808 2808 2807 2803 2793 2791 2798 2792 2779 2774 2783 2787 2783 2783 2793 2805 2807 2807 2808 2812 2815 2817 2819 2822 2824 2825 2827 2828 2830 2831 2831
2811 2812 2814 2818 2821 2837 2836 2834 2838 2836 2844 2850 2844 2845 2840 2833 2833 2829 2829 2827 2824 2822 2818 2815 2812 2810 2803 2808 2817 2828 2824 2829 2830 2837 2844 2848 2839 2827 2818 2819 2820 2815 2815 2814 2807 2810 2808 2804 2804 2805 2802 2802 2803 2804 2799 2793 2798 2805 2801 2792 2790 2795 2795 2788 2789 2791 2794 2784 2789 2794 2801 2804 2806 2807 2817 2821 2824 2826 2828 2829 2830 2831
2812 2816 2816 2818 2828 2831 2825 2834 2848 2851 2852 2846 2844 2839 2839 2830 2831 2831 2828 2826 2825 2821 2819 2815 2808 2803 2801 2809 2814 2805 2804 2807 2820 2826 2840 2850 2844 2838 2834 2829 2827 2825 2824 2823 2823 2821 2817 2813 2807 2797 2795 2788 2790 2794 2787 2790 2798 2808 2809 2800 2795 2805 2795 2788 2796 2783 2766 2755 2765 2783 2794 2792 2785 2791 2811 2816 2821 2823 2826 2829 2830 2831
2817 2814 2813 2821 2814 2816 2827 2835 2851 2844 2839 2840 2839 2835 2831 2820 2824 2826 2826 2826 2822 2819 2816 2812 2804 2805 2796 2792 2800 2800 2796 2803 2806 2808 2825 2845 2847 2842 2842 2838 2837 2833 2828 2824 2828 2827 2822 2811 2800 2791 2783 2777 2784 2790 2788 2789 2797 2806 2813 2812 2806 2807 2796 2796 2803 2789 2769 2750 2750 2771 2781 2777 2763 2785 2797 2800 2807 2815 2821 2824 2829 2831
2812 2805 2814 2814 2806 2821 2833 2838 2840 2850 2835 2837 2837 2833 2826 2813 2812 2819 2819 2822 2821 2820 2817 2812 2810 2811 2801 2796 2794 2790 2783 2793 2797 2800 2819 2825 2843 2846 2843 2842 2841 2838 2838 2834 2835 2835 2831 2826 2819 2810 2799 2796 2800 2795 2800 2796 2803 2809 2811 2814 2813 2811 2807 2807 2809 2797 2782 2770 2767 2760 2762 2771 2771 2795 2794 2795 2792 2804 2815 2819 2827 2830
