Capas/PRESENTE/Eje_30s/ASC/bio_15.asc
ncols         993
nrows         433
xllcorner     -105.25566776747
yllcorner     17.599810932142
cellsize      0.0083333333
NODATA_value  -9999
[rows 114 to 151 of 433, columns 425 to 509 of 993]
1092 1093 1094 1096 1096 1097 1098 1099 1099 1099 1100 1099 1099 1098 1097 1098 1097 1097 1098 1099 1099 1099 1099 1099 1098 1097 1097 1096 1095 1095 1094 1094 1093 1093 1091 1090 1088 1087 1085 1083 1081 1080 1078 1076 1075 1073 1071 1069 1066 1063 1059 1055 1051 1047 1044 1041 1038 1036 1034 1032 1031 1030 1029 1028 1027 1027 1026 1026 1026 1024 1024 1023 1022 1023 1023 1022 1023 1022 1022 1022 1021 1020 1020 1019 1018
1092 1093 1094 1095 1096 1097 1098 1099 1099 1099 1099 1099 1098 1098 1097 1097 1097 1098 1098 1099 1100 1100 1100 1099 1099 1098 1097 1096 1095 1094 1094 1093 1092 1090 1089 1087 1085 1083 1081 1079 1077 1076 1074 1073 1072 1070 1069 1067 1064 1062 1058 1055 1051 1046 1043 1040 1037 1035 1033 1031 1030 1029 1028 1027 1028 1027 1026 1026 1025 1025 1025 1024 1024 1024 1024 1024 1024 1024 1024 1023 1022 1022 1021 1020 1019
1092 1093 1094 1095 1096 1097 1098 1099 1099 1099 1099 1098 1098 1098 1098 1097 1097 1098 1099 1099 1100 1100 1100 1100 1100 1099 1097 1096 1095 1094 1092 1091 1090 1088 1086 1084 1082 1080 1078 1076 1074 1072 1071 1069 1068 1067 1066 1064 1063 1060 1058 1054 1050 1046 1042 1038 1036 1033 1032 1030 1029 1028 1028 1028 1027 1027 1026 1026 1026 1026 1025 1026 1026 1026 1026 1026 1027 1026 1026 1026 1024 1023 1022 1021 1021
1093 1094 1095 1095 1096 1098 1098 1099 1099 1099 1099 1099 1098 1098 1098 1098 1098 1099 1099 1100 1101 1101 1101 1101 1100 1099 1097 1096 1094 1092 1091 1089 1088 1085 1084 1082 1079 1077 1075 1073 1071 1069 1067 1066 1065 1064 1063 1062 1061 1059 1056 1053 1049 1046 1041 1038 1035 1033 1031 1030 1029 1029 1028 1029 1028 1027 1027 1027 1027 1027 1027 1027 1027 1028 1029 1029 1029 1029 1028 1028 1027 1025 1024 1023 1022
1095 1095 1096 1097 1097 1098 1099 1099 1099 1099 1099 1098 1098 1098 1098 1098 1098 1099 1099 1100 1101 1101 1102 1101 1100 1099 1097 1095 1093 1091 1089 1087 1085 1083 1081 1079 1076 1074 1072 1070 1068 1066 1065 1063 1062 1061 1060 1059 1059 1058 1055 1052 1049 1045 1041 1038 1035 1033 1031 1030 1030 1030 1030 1029 1030 1029 1029 1028 1028 1029 1028 1029 1029 1030 1031 1031 1032 1031 1031 1030 1029 1027 1026 1025 1023
1096 1097 1097 1098 1099 1099 1099 1100 1100 1100 1099 1099 1098 1098 1098 1098 1099 1099 1099 1100 1101 1101 1101 1101 1100 1099 1097 1094 1092 1090 1087 1085 1082 1080 1078 1075 1073 1071 1069 1067 1065 1063 1062 1060 1059 1058 1058 1057 1057 1056 1054 1052 1048 1044 1040 1037 1034 1033 1031 1031 1031 1031 1031 1031 1031 1031 1030 1030 1030 1029 1030 1031 1031 1031 1032 1033 1034 1034 1033 1032 1031 1030 1028 1027 1025
1099 1099 1099 1100 1100 1100 1100 1101 1100 1100 1099 1099 1099 1098 1098 1098 1098 1099 1099 1100 1100 1101 1101 1101 1100 1098 1097 1094 1091 1088 1085 1082 1080 1078 1075 1074 1071 1069 1067 1065 1063 1061 1060 1058 1057 1056 1055 1055 1055 1055 1054 1052 1048 1044 1040 1036 1034 1033 1032 1032 1032 1032 1033 1033 1033 1032 1032 1032 1031 1031 1031 1031 1031 1033 1033 1035 1035 1035 1035 1034 1033 1032 1031 1029 1027
1101 1101 1101 1101 1101 1101 1101 1101 1101 1100 1100 1099 1099 1098 1099 1098 1099 1098 1099 1100 1100 1100 1101 1100 1099 1098 1095 1092 1089 1086 1083 1080 1078 1076 1073 1071 1069 1067 1065 1063 1061 1060 1058 1056 1055 1054 1054 1054 1054 1054 1053 1051 1048 1044 1040 1037 1034 1033 1033 1033 1033 1033 1035 1035 1035 1034 1033 1032 1032 1031 1031 1031 1032 1033 1033 1035 1036 1037 1037 1036 1035 1034 1032 1031 1029
1102 1103 1103 1103 1103 1102 1102 1102 1102 1101 1100 1100 1099 1099 1098 1098 1098 1098 1098 1099 1099 1099 1099 1099 1098 1096 1094 1091 1087 1084 1081 1078 1076 1074 1072 1070 1068 1065 1063 1062 1060 1058 1056 1055 1054 1053 1053 1054 1054 1054 1053 1051 1048 1044 1040 1038 1035 1033 1033 1033 1034 1035 1035 1035 1036 1035 1034 1033 1032 1031 1030 1030 1031 1032 1033 1035 1036 1037 1037 1038 1037 1036 1034 1033 1032
1104 1104 1105 1104 1104 1103 1103 1102 1102 1101 1101 1100 1100 1099 1099 1098 1098 1099 1098 1099 1099 1099 1098 1098 1097 1094 1092 1089 1086 1082 1079 1076 1074 1072 1070 1068 1066 1064 1062 1061 1059 1057 1055 1054 1052 1052 1052 1053 1053 1054 1053 1052 1048 1044 1041 1037 1035 1034 1033 1034 1035 1035 1036 1036 1036 1035 1034 1033 1031 1030 1030 1030 1030 1031 1032 1034 1035 1037 1038 1038 1038 1037 1037 1035 1034
1106 1106 1106 1106 1105 1104 1104 1104 1103 1102 1102 1101 1100 1099 1099 1098 1098 1098 1098 1098 1098 1098 1097 1096 1095 1093 1090 1087 1084 1081 1077 1075 1073 1070 1069 1067 1066 1064 1062 1060 1058 1056 1055 1053 1053 1052 1052 1053 1054 1054 1053 1051 1049 1045 1041 1038 1036 1034 1034 1034 1035 1035 1036 1036 1036 1035 1033 1032 1030 1028 1028 1028 1028 1029 1030 1032 1034 1035 1037 1038 1038 1038 1038 1037 1035
1107 1107 1107 1107 1106 1106 1105 1105 1104 1104 1103 1102 1101 1100 1099 1099 1098 1098 1098 1097 1097 1096 1096 1095 1093 1091 1088 1085 1082 1079 1076 1074 1071 1070 1068 1067 1066 1064 1062 1061 1059 1056 1055 1054 1053 1053 1054 1054 1055 1054 1054 1052 1049 1046 1042 1039 1037 1035 1034 1034 1034 1035 1035 1035 1034 1033 1032 1030 1028 1026 1026 1026 1026 1028 1028 1030 1032 1034 1036 1037 1038 1038 1038 1037 1037
1108 1108 1108 1108 1108 1107 1106 1105 1105 1105 1104 1104 1103 1102 1101 1100 1099 1098 1097 1097 1096 1095 1094 1093 1091 1089 1086 1084 1081 1077 1074 1072 1071 1069 1068 1067 1066 1065 1064 1061 1060 1058 1055 1055 1054 1054 1054 1055 1056 1056 1054 1053 1051 1047 1044 1041 1038 1036 1034 1034 1034 1034 1034 1034 1033 1032 1030 1028 1026 1025 1024 1024 1024 1025 1026 1028 1030 1032 1034 1035 1036 1037 1037 1037 1036
1109 1109 1109 1109 1108 1108 1107 1107 1106 1106 1105 1105 1104 1103 1102 1101 1100 1098 1098 1096 1095 1094 1093 1091 1090 1087 1085 1082 1079 1076 1074 1072 1070 1069 1068 1068 1067 1066 1064 1063 1061 1059 1057 1056 1056 1056 1056 1056 1056 1056 1055 1053 1051 1048 1045 1042 1039 1036 1035 1034 1034 1033 1033 1032 1031 1030 1027 1026 1024 1023 1022 1022 1022 1023 1024 1026 1027 1029 1031 1033 1034 1035 1035 1036 1035
1109 1110 1110 1109 1109 1108 1108 1108 1107 1107 1106 1106 1105 1104 1103 1102 1101 1099 1098 1096 1094 1093 1092 1090 1088 1086 1083 1080 1077 1075 1073 1071 1070 1069 1068 1068 1068 1068 1066 1065 1063 1061 1059 1058 1057 1057 1057 1057 1057 1056 1055 1053 1051 1049 1046 1043 1040 1038 1035 1034 1033 1032 1031 1031 1030 1027 1026 1024 1022 1021 1020 1020 1020 1021 1022 1023 1025 1027 1028 1030 1031 1032 1033 1034 1034
1109 1109 1109 1109 1109 1109 1108 1107 1107 1107 1106 1106 1105 1104 1104 1102 1101 1099 1098 1096 1094 1093 1090 1089 1087 1084 1082 1079 1077 1074 1072 1070 1070 1069 1069 1070 1069 1069 1068 1066 1065 1063 1061 1060 1059 1058 1058 1057 1057 1056 1055 1053 1051 1049 1047 1044 1041 1039 1036 1035 1033 1032 1031 1029 1028 1026 1024 1022 1020 1019 1018 1018 1018 1019 1020 1021 1023 1024 1026 1027 1029 1030 1030 1032 1032
1109 1110 1110 1109 1108 1108 1108 1107 1106 1106 1105 1105 1104 1104 1104 1103 1101 1100 1098 1096 1094 1092 1090 1088 1085 1083 1080 1078 1075 1073 1072 1070 1069 1069 1070 1070 1070 1070 1069 1068 1066 1065 1063 1061 1060 1059 1058 1057 1056 1055 1053 1052 1050 1048 1046 1044 1042 1039 1037 1035 1033 1032 1030 1028 1027 1025 1022 1021 1019 1018 1017 1017 1016 1016 1018 1019 1020 1022 1023 1025 1026 1027 1028 1029 1029
1109 1109 1109 1108 1107 1107 1106 1105 1105 1105 1104 1104 1103 1103 1103 1102 1102 1100 1099 1097 1094 1092 1089 1087 1085 1082 1079 1077 1075 1072 1071 1070 1070 1070 1071 1071 1071 1071 1071 1069 1067 1066 1064 1063 1061 1059 1058 1056 1055 1053 1051 1049 1048 1047 1045 1044 1042 1040 1037 1035 1034 1032 1030 1029 1026 1025 1022 1020 1019 1017 1016 1015 1015 1015 1015 1016 1018 1019 1020 1022 1023 1024 1025 1026 1026
1109 1108 1107 1107 1106 1105 1104 1104 1103 1102 1102 1102 1102 1102 1101 1101 1101 1100 1099 1097 1095 1092 1089 1087 1084 1082 1079 1076 1074 1072 1071 1071 1070 1071 1070 1071 1071 1071 1070 1070 1068 1066 1065 1063 1061 1059 1057 1055 1052 1049 1047 1046 1045 1044 1043 1042 1041 1039 1037 1036 1034 1032 1031 1029 1027 1024 1023 1021 1019 1017 1015 1014 1013 1013 1014 1015 1015 1016 1017 1018 1020 1021 1022 1022 1023
1109 1107 1106 1105 1104 1103 1102 1101 1101 1100 1100 1099 1099 1100 1100 1100 1100 1100 1099 1097 1095 1093 1090 1087 1084 1082 1079 1077 1074 1073 1072 1071 1071 1071 1071 1071 1071 1070 1069 1069 1067 1066 1064 1062 1060 1058 1055 1052 1048 1046 1043 1042 1041 1040 1040 1039 1038 1037 1036 1035 1033 1032 1030 1029 1027 1025 1023 1021 1019 1017 1015 1013 1012 1012 1012 1012 1013 1014 1015 1016 1017 1017 1018 1019 1020
1107 1106 1105 1103 1102 1100 1099 1098 1098 1098 1098 1097 1098 1098 1098 1099 1099 1099 1099 1097 1095 1093 1090 1088 1085 1082 1079 1077 1075 1073 1072 1071 1071 1070 1070 1070 1069 1068 1067 1067 1065 1064 1062 1060 1058 1055 1052 1048 1045 1042 1039 1037 1036 1036 1036 1035 1035 1035 1034 1033 1031 1030 1030 1028 1027 1026 1024 1021 1020 1017 1015 1013 1012 1011 1011 1011 1011 1011 1012 1013 1014 1015 1016 1016 1017
1106 1104 1102 1100 1099 1098 1097 1096 1096 1095 1095 1095 1095 1096 1097 1097 1098 1098 1098 1097 1095 1093 1090 1088 1085 1082 1080 1077 1075 1073 1072 1071 1071 1070 1069 1068 1067 1065 1064 1063 1062 1060 1058 1057 1054 1051 1048 1044 1040 1037 1034 1032 1031 1031 1031 1031 1031 1030 1030 1029 1029 1028 1028 1027 1026 1025 1024 1022 1019 1017 1015 1013 1012 1011 1010 1009 1010 1009 1010 1011 1011 1012 1013 1013 1014
1105 1103 1100 1099 1097 1095 1095 1093 1093 1093 1093 1093 1094 1095 1095 1096 1097 1097 1097 1096 1095 1092 1090 1087 1085 1082 1080 1078 1076 1074 1072 1071 1070 1068 1067 1065 1063 1062 1060 1058 1057 1055 1054 1052 1050 1047 1044 1039 1036 1032 1029 1027 1026 1025 1025 1026 1026 1025 1025 1025 1025 1024 1024 1025 1025 1024 1024 1022 1020 1018 1015 1013 1012 1011 1010 1009 1009 1008 1008 1009 1010 1010 1010 1011 1011
1103 1101 1098 1096 1094 1093 1092 1092 1091 1091 1092 1092 1093 1093 1094 1095 1095 1096 1096 1095 1093 1091 1089 1087 1084 1082 1079 1077 1075 1073 1072 1070 1069 1066 1064 1062 1059 1057 1055 1053 1052 1050 1049 1048 1045 1043 1039 1036 1031 1028 1025 1023 1021 1021 1020 1020 1019 1020 1019 1019 1020 1020 1021 1022 1022 1023 1022 1021 1019 1018 1015 1014 1012 1011 1009 1009 1009 1008 1008 1008 1008 1009 1009 1010 1010
1102 1099 1097 1094 1092 1091 1090 1090 1090 1089 1090 1090 1092 1092 1093 1094 1094 1095 1094 1094 1092 1090 1088 1086 1083 1081 1078 1076 1074 1072 1070 1068 1066 1064 1060 1058 1055 1052 1050 1049 1047 1046 1044 1043 1041 1038 1035 1031 1028 1024 1021 1019 1017 1016 1015 1014 1014 1013 1013 1014 1014 1015 1016 1018 1019 1021 1020 1021 1019 1018 1016 1014 1012 1011 1010 1009 1008 1008 1008 1008 1008 1009 1009 1009 1009
1100 1097 1095 1093 1091 1090 1088 1089 1089 1089 1089 1090 1091 1092 1092 1093 1094 1093 1093 1092 1090 1088 1086 1084 1081 1079 1076 1074 1072 1070 1068 1065 1063 1060 1057 1053 1051 1048 1045 1044 1043 1041 1040 1039 1037 1034 1032 1028 1024 1021 1018 1016 1013 1011 1010 1009 1008 1008 1008 1008 1008 1010 1011 1014 1016 1017 1019 1018 1019 1017 1016 1014 1013 1011 1010 1010 1009 1009 1010 1009 1010 1009 1010 1010 1010
1099 1096 1093 1091 1089 1088 1088 1088 1088 1089 1089 1090 1091 1091 1092 1092 1092 1092 1091 1090 1088 1087 1084 1081 1079 1077 1074 1072 1070 1067 1065 1063 1060 1057 1054 1050 1047 1044 1042 1040 1039 1038 1037 1035 1034 1031 1029 1026 1022 1019 1016 1013 1010 1008 1006 1005 1003 1002 1002 1002 1003 1005 1006 1009 1012 1014 1016 1017 1017 1017 1015 1014 1012 1012 1011 1010 1010 1010 1010 1011 1010 1011 1012 1011 1011
1097 1094 1092 1090 1088 1088 1087 1088 1088 1089 1090 1090 1091 1091 1092 1091 1091 1091 1089 1088 1086 1084 1081 1079 1076 1074 1071 1069 1067 1065 1062 1060 1057 1054 1051 1047 1044 1041 1039 1037 1036 1035 1034 1033 1031 1029 1027 1024 1021 1017 1014 1011 1008 1005 1002 1000 998 997 996 997 997 999 1002 1005 1008 1011 1013 1015 1015 1015 1015 1013 1012 1012 1012 1011 1010 1011 1012 1012 1013 1013 1013 1013 1013
1096 1093 1091 1089 1088 1087 1087 1089 1088 1090 1090 1091 1091 1091 1092 1090 1090 1089 1087 1085 1083 1081 1078 1076 1073 1071 1068 1066 1064 1061 1059 1057 1054 1051 1048 1044 1042 1039 1037 1036 1034 1033 1032 1031 1030 1028 1026 1024 1021 1017 1013 1009 1005 1002 999 996 993 992 991 991 992 994 998 1001 1004 1007 1010 1012 1014 1014 1014 1013 1012 1012 1011 1011 1012 1012 1013 1014 1015 1014 1015 1015 1015
1095 1092 1090 1088 1087 1087 1088 1089 1090 1090 1091 1091 1091 1091 1090 1089 1088 1086 1084 1082 1080 1078 1075 1072 1070 1067 1065 1063 1061 1059 1056 1054 1051 1048 1046 1043 1040 1037 1036 1034 1033 1032 1031 1030 1029 1028 1026 1023 1020 1017 1013 1008 1004 1000 996 992 989 987 986 986 988 990 993 998 1001 1005 1008 1010 1012 1013 1013 1013 1012 1011 1011 1012 1012 1013 1014 1015 1016 1016 1017 1017 1017
1094 1092 1089 1088 1087 1088 1089 1089 1090 1091 1091 1091 1091 1090 1089 1087 1085 1083 1081 1079 1076 1073 1071 1069 1066 1064 1062 1060 1058 1056 1053 1051 1048 1046 1043 1041 1038 1037 1035 1033 1032 1031 1030 1029 1028 1027 1025 1023 1020 1017 1012 1007 1003 997 993 989 985 983 982 982 984 987 990 994 998 1002 1005 1008 1010 1011 1011 1011 1011 1011 1012 1012 1013 1014 1015 1016 1017 1018 1018 1019 1019
1094 1092 1090 1088 1088 1088 1089 1090 1090 1091 1091 1090 1089 1088 1086 1084 1082 1079 1077 1074 1072 1069 1067 1064 1062 1061 1059 1057 1055 1053 1050 1048 1046 1044 1041 1039 1037 1036 1034 1032 1031 1030 1029 1029 1027 1026 1025 1023 1020 1016 1012 1007 1001 996 990 986 982 979 978 979 981 983 987 991 996 1000 1003 1006 1008 1009 1010 1011 1011 1011 1012 1012 1014 1015 1016 1017 1018 1019 1020 1020 1020
1094 1092 1090 1089 1088 1088 1089 1090 1090 1090 1089 1088 1087 1085 1083 1080 1078 1075 1072 1069 1067 1064 1062 1061 1059 1057 1056 1054 1052 1050 1048 1046 1044 1042 1040 1038 1036 1035 1033 1032 1031 1029 1028 1027 1026 1025 1024 1022 1019 1016 1011 1006 1000 994 988 984 980 977 976 976 978 981 985 989 994 997 1001 1004 1007 1008 1009 1010 1010 1011 1012 1013 1014 1015 1017 1018 1019 1020 1021 1021 1022
1094 1092 1090 1089 1089 1089 1089 1090 1089 1088 1087 1085 1084 1081 1079 1076 1072 1070 1067 1064 1062 1060 1058 1056 1055 1054 1053 1051 1049 1048 1046 1044 1042 1040 1039 1036 1035 1033 1032 1030 1029 1028 1027 1025 1024 1023 1022 1020 1018 1015 1010 1005 999 992 987 982 978 976 975 975 976 979 983 987 992 995 999 1002 1005 1007 1008 1009 1010 1011 1012 1013 1015 1016 1018 1019 1020 1021 1022 1023 1023
1093 1092 1091 1090 1090 1089 1089 1089 1087 1086 1085 1083 1080 1077 1074 1071 1067 1065 1062 1059 1057 1055 1054 1053 1051 1051 1049 1048 1047 1045 1043 1042 1040 1038 1037 1035 1034 1032 1031 1029 1027 1026 1024 1023 1022 1021 1020 1018 1016 1013 1009 1004 998 991 986 981 977 975 974 975 976 979 982 986 990 994 998 1000 1003 1005 1007 1008 1010 1011 1013 1014 1016 1018 1018 1020 1021 1022 1023 1024 1024
1093 1092 1091 1090 1089 1088 1087 1087 1086 1084 1081 1079 1076 1072 1069 1066 1062 1059 1056 1054 1052 1050 1049 1049 1048 1048 1047 1045 1044 1042 1040 1039 1038 1036 1035 1034 1032 1030 1029 1027 1026 1024 1022 1021 1020 1018 1017 1016 1015 1012 1007 1002 997 991 985 981 978 976 975 975 977 979 982 985 989 993 997 1000 1002 1004 1006 1008 1010 1012 1013 1015 1016 1018 1019 1021 1022 1023 1024 1025 1025
1093 1091 1090 1090 1088 1088 1086 1085 1083 1081 1078 1075 1072 1068 1065 1061 1058 1055 1052 1049 1047 1046 1045 1045 1044 1044 1042 1041 1040 1039 1037 1036 1035 1033 1032 1031 1029 1028 1027 1025 1023 1022 1020 1019 1018 1016 1015 1014 1013 1010 1006 1001 996 990 985 981 978 977 976 976 977 980 982 985 989 992 996 999 1002 1004 1007 1008 1011 1012 1014 1016 1017 1019 1020 1022 1023 1024 1025 1025 1026
1091 1090 1089 1088 1087 1086 1084 1082 1080 1078 1075 1071 1068 1064 1061 1057 1054 1051 1048 1045 1043 1042 1042 1041 1040 1040 1039 1037 1036 1034 1034 1032 1031 1030 1029 1028 1027 1026 1024 1023 1021 1020 1018 1017 1016 1015 1014 1013 1011 1008 1004 1000 995 990 986 982 980 979 978 979 980 981 984 986 990 993 995 999 1002 1004 1007 1009 1011 1014 1015 1017 1018 1020 1022 1022 1024 1025 1026 1026 1027
