Capas/PRESENTE/Eje_30s/ASC/bio_14.asc
ncols         993
nrows         433
xllcorner     -105.25566776747
yllcorner     17.599810932142
cellsize      0.0083333333
NODATA_value  -9999
[rows 164 to 204 of 433, columns 282 to 375 of 993]
59 57 56 -9999 -9999 -9999 -9999 55 56 57 57 57 57 56 55 54 53 52 51 50 49 48 47 46 45 44 43 43 43 43 43 44 45 45 45 46 46 47 47 48 48 48 49 49 49 49 48 48 48 47 47 48 48 49 50 51 52 53 54 54 55 55 54 54 54 54 54 54 54 55 55 56 56 56 56 55 55 54 53 52 51 50 49 49 49 49 50 50 51 51 52 52 52 52
58 57 -9999 -9999 -9999 -9999 -9999 -9999 -9999 -9999 57 58 58 57 57 56 55 53 52 51 50 49 48 47 46 45 43 43 42 42 42 42 43 43 44 44 45 45 46 47 47 48 48 49 49 49 48 48 48 48 48 48 48 49 50 51 52 53 54 55 55 55 55 55 55 55 55 55 55 56 56 57 57 57 56 56 55 54 53 52 51 51 50 50 50 51 51 52 53 53 54 54 54 54
58 -9999 -9999 -9999 -9999 -9999 -9999 -9999 -9999 -9999 -9999 -9999 58 58 57 57 56 54 53 52 51 50 49 48 47 46 44 44 43 42 42 42 42 42 42 43 43 44 45 46 46 47 48 48 49 49 49 48 48 48 48 48 48 49 50 52 53 54 55 56 56 56 56 56 56 56 56 56 57 57 57 57 57 57 57 56 55 55 54 53 52 52 51 51 52 53 53 54 55 55 56 56 57 56
58 -9999 -9999 -9999 -9999 -9999 -9999 -9999 -9999 -9999 -9999 -9999 58 58 58 57 56 55 54 53 51 50 49 48 47 46 45 45 44 43 42 42 41 41 41 41 42 43 43 44 45 46 47 48 48 49 48 48 48 48 48 48 49 49 51 52 53 55 56 56 57 57 57 58 58 58 58 58 58 58 58 58 58 58 57 57 56 55 55 54 54 53 53 53 54 54 55 56 57 58 59 59 59 59
-9999 -9999 -9999 -9999 -9999 -9999 -9999 -9999 -9999 -9999 -9999 -9999 -9999 58 58 58 57 56 55 54 53 52 50 49 48 47 46 45 45 44 43 42 42 41 41 41 41 41 42 43 44 45 46 47 48 48 48 48 48 48 47 48 49 50 51 53 54 55 56 57 57 58 58 59 59 59 59 59 59 59 59 59 59 59 58 58 57 57 56 56 55 55 55 55 56 56 57 58 60 61 62 62 63 62
-9999 -9999 -9999 -9999 -9999 -9999 -9999 -9999 -9999 -9999 -9999 -9999 -9999 57 58 58 57 57 56 55 54 53 52 52 51 49 48 47 47 46 45 44 42 42 41 41 40 40 41 41 43 44 45 46 47 48 47 47 47 47 47 48 49 50 51 53 54 56 57 57 58 59 59 59 60 60 60 61 61 61 61 60 60 60 59 59 58 58 58 57 57 57 57 57 58 58 60 61 63 64 65 66 66 66
-9999 -9999 -9999 -9999 -9999 -9999 -9999 -9999 -9999 -9999 -9999 -9999 -9999 -9999 58 58 58 57 57 56 56 55 54 53 52 51 50 50 49 48 47 46 44 43 42 41 40 40 40 41 42 43 44 46 47 48 48 47 48 48 48 48 49 50 52 53 55 56 57 58 58 59 60 60 61 61 61 62 62 62 62 62 62 61 61 60 60 60 60 59 59 59 59 59 60 61 62 64 65 67 68 69 69 69
-9999 -9999 -9999 -9999 -9999 -9999 -9999 -9999 -9999 -9999 -9999 -9999 -9999 -9999 -9999 58 58 58 58 57 57 56 55 55 54 53 52 51 50 49 48 47 45 44 42 41 41 40 40 40 41 42 44 45 47 48 48 48 48 48 48 49 50 51 52 53 55 56 57 58 59 59 60 61 61 62 62 62 63 63 63 63 63 63 63 62 62 62 62 62 62 62 62 62 62 63 64 66 68 69 71 71 72 72
-9999 -9999 -9999 -9999 -9999 -9999 -9999 -9999 -9999 -9999 -9999 -9999 -9999 -9999 -9999 58 58 59 58 58 58 57 57 56 55 55 54 53 52 51 50 48 47 45 43 42 41 41 40 40 41 42 44 45 47 48 49 49 48 49 49 50 50 51 52 54 55 56 57 58 59 60 60 61 62 62 62 63 63 64 64 65 65 65 65 64 64 64 64 64 64 64 65 65 65 66 67 69 70 72 73 74 74 75
-9999 -9999 -9999 -9999 -9999 -9999 -9999 -9999 -9999 -9999 -9999 -9999 -9999 -9999 -9999 -9999 -9999 -9999 59 59 58 58 58 57 57 56 55 54 53 52 51 50 48 46 45 43 42 41 41 41 41 42 44 45 47 48 49 49 49 49 50 50 51 52 53 54 55 56 57 58 59 60 61 61 62 62 63 63 64 65 66 66 67 67 67 66 66 66 67 67 67 67 67 68 68 69 70 71 73 74 75 76 76 77
-9999 -9999 -9999 -9999 -9999 -9999 -9999 -9999 -9999 -9999 -9999 -9999 -9999 -9999 -9999 -9999 -9999 -9999 -9999 -9999 -9999 -9999 58 58 57 57 56 55 54 53 52 51 49 47 46 45 44 43 42 41 42 43 44 46 47 48 49 49 49 50 50 50 51 52 53 54 55 56 57 58 59 60 61 62 62 63 63 64 64 65 66 67 68 68 68 68 68 69 69 69 70 70 70 70 71 72 73 74 75 76 77 78 78 78
-9999 -9999 -9999 -9999 -9999 -9999 -9999 -9999 -9999 -9999 -9999 -9999 -9999 -9999 -9999 -9999 -9999 -9999 -9999 -9999 -9999 -9999 -9999 -9999 57 57 57 56 55 55 54 52 51 49 48 47 45 44 43 42 43 43 45 46 47 48 49 50 50 50 50 50 51 52 53 55 56 57 58 59 60 61 62 63 63 64 64 65 65 66 68 69 69 70 70 70 70 71 71 71 72 72 73 73 74 74 75 77 78 79 79 79 79 79
-9999 -9999 -9999 -9999 -9999 -9999 -9999 -9999 -9999 -9999 -9999 -9999 -9999 -9999 -9999 -9999 -9999 -9999 -9999 -9999 -9999 -9999 -9999 -9999 -9999 57 57 57 56 55 55 54 52 51 50 48 47 46 45 44 44 44 45 46 48 49 49 50 50 50 50 51 52 53 54 55 56 57 58 59 60 61 62 63 64 65 65 66 66 67 69 70 70 71 71 72 72 72 73 73 74 74 75 75 76 77 78 79 80 81 81 81 80 79
-9999 -9999 -9999 -9999 -9999 -9999 -9999 -9999 -9999 -9999 -9999 -9999 -9999 -9999 -9999 -9999 -9999 -9999 -9999 -9999 -9999 -9999 -9999 -9999 -9999 -9999 57 57 57 56 56 55 54 53 51 50 49 48 47 46 46 46 46 47 48 49 50 50 50 50 50 51 52 53 54 56 57 58 59 60 61 62 63 64 65 66 66 67 68 69 70 71 72 72 73 73 73 74 74 75 76 76 77 77 78 79 80 81 82 82 82 82 81 80
-9999 -9999 -9999 -9999 -9999 -9999 -9999 -9999 -9999 -9999 -9999 -9999 -9999 -9999 -9999 -9999 -9999 -9999 -9999 -9999 -9999 -9999 -9999 -9999 -9999 -9999 -9999 -9999 57 57 56 56 55 54 53 51 50 49 48 48 48 47 48 48 49 50 50 51 51 51 51 52 53 54 55 56 57 58 59 60 62 63 64 65 66 67 67 68 69 70 71 72 73 73 74 74 75 75 76 76 77 78 78 79 79 80 81 82 83 83 83 83 82 81
-9999 -9999 -9999 -9999 -9999 -9999 -9999 -9999 -9999 -9999 -9999 -9999 -9999 -9999 -9999 -9999 -9999 -9999 -9999 -9999 -9999 -9999 -9999 -9999 -9999 -9999 -9999 -9999 -9999 57 57 56 56 55 54 53 52 51 50 50 49 49 49 50 50 51 51 52 52 51 52 52 54 55 56 57 58 59 60 61 62 64 65 66 67 68 69 69 70 71 72 73 73 74 74 75 76 76 77 78 78 79 79 80 80 81 82 83 84 84 84 83 82 81
-9999 -9999 -9999 -9999 -9999 -9999 -9999 -9999 -9999 -9999 -9999 -9999 -9999 -9999 -9999 -9999 -9999 -9999 -9999 -9999 -9999 -9999 -9999 -9999 -9999 -9999 -9999 -9999 -9999 -9999 57 57 56 55 55 53 53 52 51 51 51 51 51 52 52 52 52 53 53 52 53 54 55 56 57 58 59 60 61 62 63 64 66 67 68 69 70 70 71 72 73 73 74 74 75 76 76 77 78 78 79 79 80 80 81 82 82 83 83 84 83 82 82 81
-9999 -9999 -9999 -9999 -9999 -9999 -9999 -9999 -9999 -9999 -9999 -9999 -9999 -9999 -9999 -9999 -9999 -9999 -9999 -9999 -9999 -9999 -9999 -9999 -9999 -9999 -9999 -9999 -9999 -9999 -9999 57 56 56 55 54 53 53 52 52 52 53 53 54 54 54 54 54 54 54 54 55 55 57 58 59 60 61 62 63 64 65 66 68 69 70 71 71 72 73 73 74 74 75 75 76 77 78 78 79 80 80 81 81 81 82 82 83 83 83 82 81 80 79
-9999 -9999 -9999 -9999 -9999 -9999 -9999 -9999 -9999 -9999 -9999 -9999 -9999 -9999 -9999 -9999 -9999 -9999 -9999 -9999 -9999 -9999 -9999 -9999 -9999 -9999 -9999 -9999 -9999 -9999 -9999 -9999 56 56 55 54 53 53 53 53 53 54 55 55 56 56 56 56 55 55 55 56 56 58 59 60 61 62 63 64 65 66 67 69 70 71 72 72 73 73 74 74 75 75 76 77 77 78 79 80 80 81 81 81 82 82 82 82 82 82 81 79 77 77
-9999 -9999 -9999 -9999 -9999 -9999 -9999 -9999 -9999 -9999 -9999 -9999 -9999 -9999 -9999 -9999 -9999 -9999 -9999 -9999 -9999 -9999 -9999 -9999 -9999 -9999 -9999 -9999 -9999 -9999 -9999 -9999 -9999 55 55 54 53 53 53 53 54 55 56 57 57 57 57 57 56 56 56 57 57 58 59 60 62 63 64 65 66 67 68 70 71 72 72 73 74 74 75 75 75 76 76 77 78 79 79 80 81 81 81 82 82 82 82 82 81 80 78 76 75 75
-9999 -9999 -9999 -9999 -9999 -9999 -9999 -9999 -9999 -9999 -9999 -9999 -9999 -9999 -9999 -9999 -9999 -9999 -9999 -9999 -9999 -9999 -9999 -9999 -9999 -9999 -9999 -9999 -9999 -9999 -9999 -9999 -9999 -9999 54 53 53 52 53 54 55 55 57 57 58 58 58 58 57 57 57 57 58 59 60 61 62 64 65 66 67 68 69 71 72 73 73 74 75 75 75 76 76 76 77 78 78 79 80 81 81 81 82 82 82 82 82 81 80 79 76 74 73 72
-9999 -9999 -9999 -9999 -9999 -9999 -9999 -9999 -9999 -9999 -9999 -9999 -9999 -9999 -9999 -9999 -9999 -9999 -9999 -9999 -9999 -9999 -9999 -9999 -9999 -9999 -9999 -9999 -9999 -9999 -9999 -9999 -9999 -9999 -9999 53 52 52 53 54 55 56 57 58 58 59 59 58 57 57 57 57 58 59 60 62 63 64 66 67 68 69 71 72 73 74 75 75 76 76 76 77 77 77 78 78 79 80 80 81 81 82 82 82 82 82 81 81 80 78 75 73 71 71
-9999 -9999 -9999 -9999 -9999 -9999 -9999 -9999 -9999 -9999 -9999 -9999 -9999 -9999 -9999 -9999 -9999 -9999 -9999 -9999 -9999 -9999 -9999 -9999 -9999 -9999 -9999 -9999 -9999 -9999 -9999 -9999 -9999 -9999 -9999 -9999 51 51 52 53 54 56 57 58 58 59 59 58 57 57 57 58 59 60 61 63 64 65 67 68 69 71 72 73 74 75 76 76 77 77 77 78 78 78 79 79 80 80 81 81 82 82 82 82 82 81 81 80 79 77 75 72 70 70
-9999 -9999 -9999 -9999 -9999 -9999 -9999 -9999 -9999 -9999 -9999 -9999 -9999 -9999 -9999 -9999 -9999 -9999 -9999 -9999 -9999 -9999 -9999 -9999 -9999 -9999 -9999 -9999 -9999 -9999 -9999 -9999 -9999 -9999 -9999 -9999 -9999 -9999 52 53 54 55 56 57 58 58 58 58 57 57 57 58 59 61 62 64 65 67 68 70 71 72 73 74 75 76 77 78 78 78 79 79 79 79 80 80 81 81 82 82 82 82 82 82 82 81 80 80 79 77 75 72 70 69
-9999 -9999 -9999 -9999 -9999 -9999 -9999 -9999 -9999 -9999 -9999 -9999 -9999 -9999 -9999 -9999 -9999 -9999 -9999 -9999 -9999 -9999 -9999 -9999 -9999 -9999 -9999 -9999 -9999 -9999 -9999 -9999 -9999 -9999 -9999 -9999 -9999 -9999 -9999 52 53 54 55 56 57 58 57 57 57 57 58 59 60 62 64 66 67 68 70 71 73 74 75 76 77 78 78 79 80 80 80 80 80 81 81 82 82 82 83 83 83 82 82 82 82 82 81 80 79 77 75 72 70 68
-9999 -9999 -9999 -9999 -9999 -9999 -9999 -9999 -9999 -9999 -9999 -9999 -9999 -9999 -9999 -9999 -9999 -9999 -9999 -9999 -9999 -9999 -9999 -9999 -9999 -9999 -9999 -9999 -9999 -9999 -9999 -9999 -9999 -9999 -9999 -9999 -9999 -9999 -9999 -9999 52 53 54 55 56 56 57 57 57 57 58 59 61 63 65 67 69 70 72 73 74 75 76 77 78 79 80 80 81 81 82 82 82 82 83 83 83 84 84 84 84 83 83 82 82 83 82 81 79 77 75 73 71 69
-9999 -9999 -9999 -9999 -9999 -9999 -9999 -9999 -9999 -9999 -9999 -9999 -9999 -9999 -9999 -9999 -9999 -9999 -9999 -9999 -9999 -9999 -9999 -9999 -9999 -9999 -9999 -9999 -9999 -9999 -9999 -9999 -9999 -9999 -9999 -9999 -9999 -9999 -9999 -9999 -9999 52 53 54 55 55 56 56 57 57 58 60 62 64 66 68 70 72 73 74 75 76 77 78 79 80 81 82 82 83 83 83 84 84 84 85 85 85 86 86 86 85 85 85 85 84 84 82 81 79 77 75 73 71
-9999 -9999 -9999 -9999 -9999 -9999 -9999 -9999 -9999 -9999 -9999 -9999 -9999 -9999 -9999 -9999 -9999 -9999 -9999 -9999 -9999 -9999 -9999 -9999 -9999 -9999 -9999 -9999 -9999 -9999 -9999 -9999 -9999 -9999 -9999 -9999 -9999 -9999 -9999 -9999 -9999 51 52 53 54 54 55 56 57 58 59 61 63 65 67 69 71 72 74 75 76 77 78 79 80 81 82 83 84 84 85 85 85 86 86 86 87 87 87 88 88 88 87 87 87 87 86 85 84 82 80 78 76 74
-9999 -9999 -9999 -9999 -9999 -9999 -9999 -9999 -9999 -9999 -9999 -9999 -9999 -9999 -9999 -9999 -9999 -9999 -9999 -9999 -9999 -9999 -9999 -9999 -9999 -9999 -9999 -9999 -9999 -9999 -9999 -9999 -9999 -9999 -9999 -9999 -9999 -9999 -9999 -9999 -9999 -9999 51 52 53 54 55 56 57 58 60 61 63 65 67 69 71 73 74 75 76 77 78 79 81 82 83 84 85 86 86 87 87 87 87 87 88 88 89 89 89 89 90 90 90 90 89 89 88 86 84 82 80 78
-9999 -9999 -9999 -9999 -9999 -9999 -9999 -9999 -9999 -9999 -9999 -9999 -9999 -9999 -9999 -9999 -9999 -9999 -9999 -9999 -9999 -9999 -9999 -9999 -9999 -9999 -9999 -9999 -9999 -9999 -9999 -9999 -9999 -9999 -9999 -9999 -9999 -9999 -9999 -9999 -9999 -9999 -9999 52 54 55 56 57 58 59 60 62 64 65 67 69 71 72 73 75 76 77 78 80 81 82 84 85 86 87 87 88 88 88 88 88 89 89 90 90 91 91 91 92 92 92 93 93 92 91 89 86 84 82
-9999 -9999 -9999 -9999 -9999 -9999 -9999 -9999 -9999 -9999 -9999 -9999 -9999 -9999 -9999 -9999 -9999 -9999 -9999 -9999 -9999 -9999 -9999 -9999 -9999 -9999 -9999 -9999 -9999 -9999 -9999 -9999 -9999 -9999 -9999 -9999 -9999 -9999 -9999 -9999 -9999 -9999 -9999 53 55 56 57 58 59 60 61 63 64 66 67 69 71 72 73 74 75 77 78 80 81 83 84 86 87 88 88 88 89 89 89 89 89 90 90 91 92 92 93 93 94 95 95 96 96 95 93 91 89 87
-9999 -9999 -9999 -9999 -9999 -9999 -9999 -9999 -9999 -9999 -9999 -9999 -9999 -9999 -9999 -9999 -9999 -9999 -9999 -9999 -9999 -9999 -9999 -9999 -9999 -9999 -9999 -9999 -9999 -9999 -9999 -9999 -9999 -9999 -9999 -9999 -9999 -9999 -9999 -9999 -9999 -9999 -9999 -9999 55 57 58 59 60 61 63 64 65 67 68 69 71 72 73 74 75 77 78 80 82 83 85 86 88 88 89 89 89 89 89 89 89 89 90 91 92 93 93 94 95 96 97 98 98 98 97 95 93 91
-9999 -9999 -9999 -9999 -9999 -9999 -9999 -9999 -9999 -9999 -9999 -9999 -9999 -9999 -9999 -9999 -9999 -9999 -9999 -9999 -9999 -9999 -9999 -9999 -9999 -9999 -9999 -9999 -9999 -9999 -9999 -9999 -9999 -9999 -9999 -9999 -9999 -9999 -9999 -9999 -9999 -9999 -9999 -9999 -9999 57 59 60 61 62 64 65 66 67 69 70 71 73 74 75 76 77 78 80 82 84 85 87 88 89 89 89 89 89 88 88 88 89 89 90 91 92 93 94 95 96 97 98 100 100 100 99 97 96
-9999 -9999 -9999 -9999 -9999 -9999 -9999 -9999 -9999 -9999 -9999 -9999 -9999 -9999 -9999 -9999 -9999 -9999 -9999 -9999 -9999 -9999 -9999 -9999 -9999 -9999 -9999 -9999 -9999 -9999 -9999 -9999 -9999 -9999 -9999 -9999 -9999 -9999 -9999 -9999 -9999 -9999 -9999 -9999 -9999 58 59 61 62 63 65 66 67 68 69 71 72 73 74 75 76 78 79 81 82 84 86 87 88 89 89 89 89 88 88 88 87 87 88 89 89 90 92 93 94 95 96 98 100 101 101 101 100 99
-9999 -9999 -9999 -9999 -9999 -9999 -9999 -9999 -9999 -9999 -9999 -9999 -9999 -9999 -9999 -9999 -9999 -9999 -9999 -9999 -9999 -9999 -9999 -9999 -9999 -9999 -9999 -9999 -9999 -9999 -9999 -9999 -9999 -9999 -9999 -9999 -9999 -9999 -9999 -9999 -9999 -9999 -9999 -9999 -9999 58 59 61 63 64 66 67 68 69 70 71 72 73 74 76 77 78 80 81 83 84 86 87 88 89 89 89 88 88 87 86 86 86 86 87 87 88 90 91 92 94 95 98 99 101 101 101 101 100
-9999 -9999 -9999 -9999 -9999 -9999 -9999 -9999 -9999 -9999 -9999 -9999 -9999 -9999 -9999 -9999 -9999 -9999 -9999 -9999 -9999 -9999 -9999 -9999 -9999 -9999 -9999 -9999 -9999 -9999 -9999 -9999 -9999 -9999 -9999 -9999 -9999 -9999 -9999 -9999 -9999 -9999 -9999 -9999 -9999 57 59 61 63 65 66 67 68 69 70 71 73 74 75 76 78 79 81 82 84 85 86 88 89 89 89 89 88 87 86 85 84 84 84 85 85 86 87 89 90 92 94 96 98 100 100 100 100 99
-9999 -9999 -9999 -9999 -9999 -9999 -9999 -9999 -9999 -9999 -9999 -9999 -9999 -9999 -9999 -9999 -9999 -9999 -9999 -9999 -9999 -9999 -9999 -9999 -9999 -9999 -9999 -9999 -9999 -9999 -9999 -9999 -9999 -9999 -9999 -9999 -9999 -9999 -9999 -9999 -9999 -9999 -9999 -9999 -9999 -9999 59 61 63 65 66 68 69 70 71 72 73 74 75 77 78 80 81 83 84 86 87 88 89 90 89 89 88 87 85 84 83 83 83 83 84 84 85 87 89 90 92 94 96 98 98 98 97 96
-9999 -9999 -9999 -9999 -9999 -9999 -9999 -9999 -9999 -9999 -9999 -9999 -9999 -9999 -9999 -9999 -9999 -9999 -9999 -9999 -9999 -9999 -9999 -9999 -9999 -9999 -9999 -9999 -9999 -9999 -9999 -9999 -9999 -9999 -9999 -9999 -9999 -9999 -9999 -9999 -9999 -9999 -9999 -9999 -9999 -9999 60 62 64 65 67 68 69 70 71 72 74 75 76 78 79 81 82 84 85 87 88 89 90 90 90 89 88 87 85 84 83 83 82 82 83 83 84 86 87 89 91 93 94 95 95 95 94 93
-9999 -9999 -9999 -9999 -9999 -9999 -9999 -9999 -9999 -9999 -9999 -9999 -9999 -9999 -9999 -9999 -9999 -9999 -9999 -9999 -9999 -9999 -9999 -9999 -9999 -9999 -9999 -9999 -9999 -9999 -9999 -9999 -9999 -9999 -9999 -9999 -9999 -9999 -9999 -9999 -9999 -9999 -9999 -9999 -9999 -9999 -9999 -9999 64 66 67 68 69 71 72 73 74 76 77 79 80 82 83 85 87 88 89 90 91 91 91 90 89 87 86 85 83 83 83 83 83 83 84 85 87 88 90 91 92 93 92 92 91 89
-9999 -9999 -9999 -9999 -9999 -9999 -9999 -9999 -9999 -9999 -9999 -9999 -9999 -9999 -9999 -9999 -9999 -9999 -9999 -9999 -9999 -9999 -9999 -9999 -9999 -9999 -9999 -9999 -9999 -9999 -9999 -9999 -9999 -9999 -9999 -9999 -9999 -9999 -9999 -9999 -9999 -9999 -9999 -9999 -9999 -9999 -9999 -9999 -9999 66 68 69 70 72 73 74 75 77 78 80 81 83 85 86 88 89 90 91 92 92 91 91 90 88 87 85 84 84 84 84 84 84 85 86 87 88 89 90 91 91 90 89 88 86
-9999 -9999 -9999 -9999 -9999 -9999 -9999 -9999 -9999 -9999 -9999 -9999 -9999 -9999 -9999 -9999 -9999 -9999 -9999 -9999 -9999 -9999 -9999 -9999 -9999 -9999 -9999 -9999 -9999 -9999 -9999 -9999 -9999 -9999 -9999 -9999 -9999 -9999 -9999 -9999 -9999 -9999 -9999 -9999 -9999 -9999 -9999 -9999 -9999 -9999 69 70 71 72 74 75 76 78 80 81 83 85 86 88 90 91 92 93 93 93 92 92 91 89 88 87 86 85 85 85 86 86 87 88 89 89 90 91 91 90 89 88 86 85
