Capas/PRESENTE/Eje_30s/ASC/bio_13.asc
ncols         993
nrows         433
xllcorner     -105.25566776747
yllcorner     17.599810932142
cellsize      0.0083333333
NODATA_value  -9999
[rows 144 to 179 of 433, columns 164 to 245 of 993]
3035 3067 3078 3063 3031 2979 2916 2852 2795 2751 2721 2697 2672 2631 2576 2510 2434 2357 2287 2232 2194 2174 2171 2181 2201 2229 2250 2247 2217 2163 2087 1986 1878 1772 1676 1592 1521 1467 1427 1399 1379 1365 1355 1350 1350 1357 1378 1412 1459 1513 1572 1630 1687 1743 1796 1848 1900 1954 2013 2074 2139 2206 2271 2326 2369 2395 2411 2423 2428 2425 2417 2406 2395 2384 2373 2360 2346 2332 2323 2319 2324 2339
3026 3052 3059 3041 3006 2958 2901 2842 2793 2754 2720 2694 2665 2617 2556 2484 2406 2331 2264 2216 2184 2170 2174 2191 2217 2250 2273 2268 2230 2165 2069 1963 1850 1741 1644 1561 1494 1443 1407 1383 1366 1356 1350 1348 1351 1365 1395 1441 1496 1552 1611 1672 1731 1787 1839 1886 1933 1982 2035 2090 2150 2214 2273 2329 2373 2405 2424 2440 2450 2453 2450 2445 2439 2430 2419 2407 2393 2379 2370 2366 2370 2382
2977 2995 2999 2994 2963 2919 2867 2820 2778 2745 2719 2690 2652 2598 2530 2455 2377 2304 2244 2202 2179 2172 2183 2207 2238 2273 2297 2290 2246 2168 2067 1957 1841 1729 1632 1550 1484 1434 1399 1376 1360 1351 1348 1349 1356 1377 1417 1472 1526 1586 1651 1718 1780 1837 1887 1931 1971 2013 2058 2107 2161 2221 2271 2323 2366 2401 2426 2448 2460 2468 2472 2474 2474 2470 2461 2451 2439 2426 2416 2412 2414 2423
2893 2901 2907 2910 2899 2864 2828 2797 2762 2729 2706 2683 2640 2576 2504 2427 2352 2282 2227 2193 2179 2180 2197 2227 2262 2298 2321 2311 2265 2188 2083 1967 1846 1733 1637 1555 1488 1437 1400 1375 1359 1351 1348 1352 1364 1394 1442 1495 1552 1619 1691 1763 1829 1888 1938 1979 2013 2046 2084 2124 2169 2219 2264 2310 2351 2387 2415 2439 2455 2469 2480 2490 2497 2498 2494 2488 2478 2468 2459 2454 2454 2457
2790 2796 2806 2817 2812 2800 2785 2764 2743 2717 2694 2667 2620 2554 2479 2403 2330 2264 2215 2189 2182 2193 2216 2250 2288 2324 2344 2333 2285 2207 2109 1986 1861 1748 1651 1569 1500 1447 1407 1379 1361 1352 1350 1355 1373 1410 1461 1512 1575 1648 1726 1802 1872 1932 1983 2022 2052 2079 2108 2139 2176 2217 2255 2293 2330 2363 2391 2415 2441 2459 2475 2491 2505 2513 2516 2515 2510 2504 2498 2492 2490 2488
2692 2682 2703 2729 2737 2739 2739 2731 2719 2704 2679 2648 2599 2534 2455 2380 2309 2249 2208 2189 2190 2207 2238 2275 2315 2350 2367 2354 2306 2228 2131 2010 1882 1768 1671 1588 1517 1460 1416 1385 1365 1354 1350 1355 1375 1417 1469 1525 1592 1668 1750 1829 1901 1964 2015 2054 2083 2106 2128 2151 2178 2210 2241 2272 2302 2329 2355 2381 2407 2431 2455 2479 2501 2516 2525 2530 2531 2530 2528 2524 2521 2514
2609 2601 2626 2663 2679 2688 2701 2707 2702 2686 2666 2630 2581 2512 2435 2361 2294 2241 2206 2194 2202 2224 2259 2300 2341 2374 2389 2375 2325 2249 2153 2033 1903 1789 1691 1607 1533 1473 1426 1391 1368 1355 1350 1353 1372 1414 1471 1529 1599 1677 1759 1840 1914 1978 2032 2073 2103 2126 2144 2162 2179 2197 2218 2245 2266 2286 2307 2332 2359 2391 2422 2454 2482 2505 2520 2532 2540 2545 2547 2547 2545 2535
2550 2545 2574 2612 2631 2653 2673 2685 2687 2673 2650 2616 2565 2497 2422 2349 2285 2236 2206 2202 2214 2241 2280 2323 2364 2395 2406 2391 2343 2269 2174 2057 1927 1811 1711 1625 1549 1486 1435 1397 1371 1356 1349 1351 1367 1406 1467 1527 1597 1675 1756 1836 1910 1977 2034 2079 2113 2138 2155 2169 2178 2186 2196 2210 2218 2231 2249 2274 2306 2341 2379 2417 2452 2479 2503 2522 2537 2548 2556 2561 2562 2552
2501 2501 2530 2575 2600 2627 2650 2669 2674 2661 2640 2605 2556 2489 2416 2344 2283 2237 2211 2209 2227 2259 2299 2344 2384 2412 2421 2405 2360 2287 2195 2079 1948 1832 1731 1642 1565 1498 1444 1402 1373 1356 1347 1347 1360 1395 1453 1519 1588 1664 1743 1822 1896 1964 2024 2074 2114 2143 2161 2172 2177 2177 2178 2179 2178 2182 2193 2216 2248 2286 2325 2368 2409 2444 2475 2500 2521 2539 2554 2565 2571 2562
2455 2467 2508 2553 2585 2616 2643 2661 2663 2650 2632 2600 2551 2486 2414 2345 2287 2244 2221 2222 2243 2277 2318 2361 2400 2426 2433 2417 2372 2302 2213 2096 1966 1850 1749 1658 1578 1509 1451 1407 1375 1355 1345 1342 1352 1380 1433 1505 1572 1645 1723 1800 1874 1943 2006 2061 2107 2141 2163 2175 2178 2173 2164 2154 2144 2138 2144 2163 2190 2226 2269 2315 2360 2401 2437 2469 2496 2520 2542 2559 2568 2563
2426 2450 2496 2534 2568 2605 2631 2649 2653 2644 2627 2598 2552 2488 2418 2352 2297 2257 2237 2239 2261 2294 2335 2376 2412 2437 2443 2428 2384 2317 2230 2111 1983 1868 1766 1674 1592 1520 1459 1411 1377 1355 1342 1337 1343 1365 1411 1485 1552 1623 1699 1775 1849 1919 1985 2045 2097 2138 2165 2179 2182 2174 2159 2139 2120 2106 2101 2112 2135 2170 2214 2262 2309 2353 2395 2432 2463 2493 2519 2541 2553 2551
2399 2435 2483 2521 2559 2593 2624 2643 2647 2640 2626 2600 2557 2496 2428 2363 2311 2274 2256 2259 2281 2313 2351 2389 2422 2444 2451 2437 2397 2332 2248 2130 2002 1887 1784 1691 1607 1532 1468 1418 1381 1356 1341 1333 1336 1353 1394 1462 1532 1601 1675 1751 1825 1897 1965 2030 2088 2133 2166 2186 2191 2182 2162 2137 2111 2089 2073 2075 2092 2122 2165 2216 2261 2306 2349 2390 2425 2458 2487 2511 2526 2524
2372 2412 2458 2512 2554 2592 2622 2637 2648 2642 2629 2606 2566 2509 2443 2380 2328 2291 2274 2279 2301 2331 2365 2399 2429 2450 2456 2444 2407 2346 2266 2151 2024 1908 1805 1711 1624 1546 1480 1426 1387 1359 1341 1331 1331 1345 1380 1443 1513 1581 1655 1731 1806 1879 1950 2017 2079 2131 2170 2197 2206 2197 2176 2146 2115 2085 2063 2055 2064 2088 2126 2173 2220 2263 2308 2348 2384 2419 2448 2470 2482 2479
2352 2398 2451 2510 2549 2584 2613 2640 2653 2647 2637 2618 2580 2523 2457 2395 2344 2308 2293 2297 2317 2348 2379 2409 2436 2456 2462 2452 2416 2361 2287 2182 2055 1935 1828 1733 1645 1565 1495 1439 1396 1366 1345 1332 1330 1341 1372 1429 1498 1564 1638 1714 1790 1864 1937 2008 2073 2129 2175 2208 2223 2218 2197 2166 2129 2093 2064 2048 2050 2066 2098 2138 2183 2227 2269 2309 2344 2377 2404 2420 2427 2421
2352 2410 2459 2504 2545 2584 2618 2649 2662 2661 2654 2637 2600 2541 2474 2411 2360 2324 2308 2313 2332 2359 2389 2418 2443 2463 2472 2462 2429 2376 2306 2216 2098 1968 1855 1758 1669 1587 1516 1457 1411 1377 1353 1337 1332 1341 1369 1422 1486 1550 1623 1699 1775 1850 1925 1998 2066 2127 2179 2219 2238 2237 2219 2188 2149 2108 2075 2053 2046 2055 2081 2117 2158 2198 2237 2275 2307 2334 2354 2366 2366 2355
2369 2424 2472 2515 2555 2596 2636 2666 2682 2685 2680 2662 2622 2561 2492 2426 2373 2336 2319 2324 2343 2370 2399 2428 2453 2474 2482 2471 2442 2396 2327 2239 2133 1998 1882 1785 1697 1615 1542 1481 1432 1394 1367 1348 1340 1347 1373 1422 1479 1539 1608 1683 1759 1834 1910 1985 2057 2122 2179 2224 2250 2254 2238 2208 2169 2126 2088 2063 2050 2056 2078 2110 2145 2181 2216 2250 2275 2295 2307 2312 2305 2290
2365 2421 2474 2521 2561 2606 2652 2687 2708 2717 2711 2694 2648 2583 2509 2438 2382 2345 2327 2332 2351 2376 2406 2437 2463 2483 2491 2484 2459 2415 2348 2260 2151 2020 1910 1816 1730 1649 1575 1512 1460 1419 1387 1366 1357 1362 1386 1431 1474 1529 1595 1666 1740 1816 1894 1971 2046 2116 2177 2227 2258 2268 2254 2225 2185 2141 2099 2071 2057 2061 2080 2106 2136 2169 2199 2230 2249 2260 2264 2258 2245 2226
2348 2409 2466 2517 2565 2613 2663 2705 2733 2748 2746 2727 2677 2605 2526 2450 2392 2352 2335 2338 2356 2382 2413 2444 2472 2492 2501 2495 2471 2429 2364 2279 2164 2044 1944 1856 1773 1692 1617 1551 1496 1451 1417 1394 1382 1383 1404 1436 1472 1521 1580 1647 1720 1796 1875 1955 2035 2107 2173 2228 2267 2278 2266 2238 2197 2151 2110 2079 2063 2063 2076 2102 2128 2155 2182 2204 2218 2224 2222 2209 2188 2166
2329 2401 2466 2518 2569 2618 2671 2720 2756 2778 2780 2753 2703 2627 2541 2459 2397 2353 2334 2341 2358 2385 2417 2450 2479 2499 2509 2504 2480 2440 2377 2297 2183 2077 1988 1907 1828 1747 1669 1600 1543 1496 1459 1431 1414 1409 1422 1442 1470 1512 1564 1627 1697 1774 1855 1939 2022 2099 2169 2228 2270 2286 2275 2247 2204 2156 2113 2080 2062 2061 2069 2093 2118 2141 2161 2176 2184 2187 2181 2163 2134 2096
2300 2377 2450 2505 2562 2618 2674 2728 2772 2800 2804 2774 2717 2637 2550 2472 2404 2356 2334 2338 2357 2386 2420 2454 2485 2506 2516 2511 2488 2448 2390 2317 2213 2121 2045 1973 1895 1812 1730 1658 1599 1552 1515 1483 1457 1444 1443 1450 1470 1503 1548 1605 1674 1752 1835 1922 2008 2090 2166 2230 2273 2290 2281 2252 2207 2156 2107 2075 2053 2048 2058 2080 2105 2126 2140 2149 2154 2155 2144 2125 2095 2050
2265 2348 2422 2487 2556 2615 2670 2727 2778 2810 2812 2781 2721 2633 2556 2474 2405 2358 2334 2336 2356 2384 2419 2455 2488 2511 2521 2516 2495 2459 2406 2341 2257 2176 2117 2044 1969 1886 1799 1723 1660 1614 1576 1533 1499 1475 1461 1459 1470 1495 1533 1586 1652 1731 1816 1906 1997 2083 2164 2232 2280 2299 2288 2255 2205 2151 2097 2061 2038 2031 2042 2064 2090 2111 2122 2129 2132 2130 2117 2097 2073 2041
2226 2310 2393 2466 2535 2598 2655 2719 2770 2801 2803 2770 2707 2618 2542 2459 2393 2348 2327 2330 2349 2378 2415 2454 2487 2510 2520 2517 2499 2469 2425 2370 2307 2239 2174 2107 2034 1960 1873 1792 1723 1675 1626 1577 1535 1502 1480 1462 1462 1476 1507 1564 1635 1713 1801 1893 1987 2077 2163 2236 2286 2306 2294 2258 2203 2142 2084 2042 2016 2010 2023 2047 2074 2096 2110 2115 2113 2103 2081 2070 2057 2027
2197 2277 2363 2437 2505 2570 2632 2694 2746 2774 2767 2737 2677 2590 2507 2441 2380 2338 2317 2319 2339 2371 2409 2448 2481 2504 2515 2513 2501 2480 2443 2398 2345 2288 2230 2171 2102 2028 1948 1863 1789 1731 1677 1621 1571 1530 1489 1463 1455 1464 1492 1548 1621 1701 1790 1884 1980 2073 2162 2238 2290 2309 2297 2258 2200 2129 2070 2023 1995 1987 2000 2026 2056 2083 2105 2117 2124 2115 2074 2047 2041 2021
2169 2245 2329 2402 2466 2537 2599 2659 2707 2727 2717 2684 2631 2553 2471 2415 2362 2324 2303 2306 2325 2359 2396 2433 2466 2491 2502 2503 2496 2480 2452 2417 2377 2330 2281 2227 2165 2095 2020 1943 1865 1797 1728 1664 1606 1554 1504 1472 1459 1463 1489 1542 1613 1693 1783 1878 1974 2069 2161 2237 2290 2309 2297 2258 2197 2120 2051 2008 1975 1966 1978 2003 2037 2069 2100 2122 2137 2142 2110 2060 2029 2002
2145 2215 2301 2365 2419 2486 2556 2614 2654 2663 2650 2619 2570 2488 2430 2383 2341 2306 2289 2292 2310 2342 2376 2412 2445 2469 2482 2486 2482 2470 2451 2427 2397 2361 2323 2280 2224 2158 2085 2009 1931 1854 1778 1706 1641 1584 1527 1487 1467 1468 1493 1544 1610 1689 1780 1874 1970 2065 2156 2233 2289 2308 2296 2256 2193 2117 2043 1995 1959 1948 1958 1982 2016 2056 2094 2127 2156 2170 2163 2109 2059 2016
2123 2189 2265 2321 2369 2433 2498 2555 2594 2599 2582 2551 2493 2425 2392 2353 2317 2292 2275 2277 2294 2320 2353 2387 2421 2443 2456 2460 2459 2452 2440 2426 2405 2381 2354 2321 2275 2214 2145 2068 1987 1904 1823 1744 1671 1608 1548 1502 1478 1474 1496 1547 1610 1688 1778 1871 1966 2060 2149 2225 2281 2302 2290 2251 2187 2113 2037 1983 1947 1932 1940 1964 2000 2044 2091 2133 2174 2202 2207 2181 2124 2069
-9999 -9999 2228 2264 2309 2382 2444 2496 2539 2542 2523 2476 2421 2369 2341 2316 2286 2268 2259 2261 2278 2299 2327 2358 2388 2410 2422 2429 2430 2427 2421 2416 2405 2394 2374 2349 2311 2259 2195 2119 2035 1948 1861 1775 1696 1624 1559 1514 1488 1482 1503 1554 1612 1688 1776 1868 1962 2054 2141 2214 2266 2288 2278 2239 2177 2102 2030 1971 1933 1920 1927 1949 1984 2036 2089 2141 2191 2230 2247 2246 2205 2148
-9999 -9999 2181 2209 2254 2322 2392 2449 2492 2495 2476 2420 2372 2327 2297 2280 2259 2245 2243 2246 2260 2277 2301 2329 2354 2374 2384 2394 2399 2400 2400 2400 2396 2392 2382 2367 2337 2290 2230 2157 2072 1981 1887 1797 1709 1628 1566 1523 1498 1491 1509 1556 1614 1688 1774 1864 1956 2047 2132 2202 2251 2270 2259 2221 2159 2085 2016 1961 1918 1908 1921 1934 1966 2033 2087 2145 2201 2250 2281 2291 2277 2230
-9999 -9999 -9999 2162 2209 2275 2351 2404 2448 2460 2444 2391 2344 2303 2267 2243 2236 2226 2225 2228 2243 2258 2276 2298 2319 2336 2348 2360 2368 2373 2379 2381 2382 2382 2380 2372 2350 2310 2255 2185 2098 2003 1906 1805 1712 1634 1574 1533 1508 1499 1510 1549 1616 1688 1772 1861 1951 2041 2123 2191 2235 2252 2239 2199 2137 2066 1999 1950 1915 1913 1925 1939 1964 2029 2089 2147 2209 2266 2307 2328 2327 2301
-9999 -9999 -9999 2120 2174 2240 2313 2371 2418 2430 2421 2382 2331 2293 2250 2218 2208 2213 2213 2221 2231 2240 2251 2268 2286 2300 2316 2329 2338 2347 2355 2364 2371 2380 2380 2374 2357 2323 2269 2198 2111 2014 1905 1802 1714 1640 1583 1544 1519 1508 1515 1547 1613 1691 1772 1860 1951 2039 2119 2184 2226 2238 2222 2180 2117 2047 1984 1935 1914 1920 1933 1952 1969 2026 2091 2148 2212 2274 2323 2352 2360 2341
-9999 -9999 -9999 -9999 -9999 2217 2288 2345 2387 2400 2395 2372 2323 2284 2239 2207 2196 2205 2208 2212 2212 2220 2230 2241 2257 2270 2284 2298 2313 2328 2342 2354 2365 2378 2379 2378 2362 2329 2273 2199 2110 2013 1896 1799 1717 1648 1594 1556 1532 1521 1527 1555 1616 1697 1777 1866 1956 2044 2123 2187 2226 2234 2212 2167 2102 2033 1970 1923 1914 1930 1947 1964 1975 2019 2089 2147 2208 2272 2323 2356 2370 2357
-9999 -9999 -9999 -9999 -9999 2198 2263 2320 2358 2373 2369 2350 2304 2266 2232 2207 2196 2199 2205 2204 2205 2210 2216 2224 2234 2246 2261 2278 2294 2314 2333 2351 2366 2379 2387 2385 2368 2330 2269 2194 2104 2005 1893 1801 1723 1658 1606 1570 1547 1537 1543 1569 1626 1707 1787 1875 1966 2055 2134 2197 2234 2237 2209 2160 2094 2018 1953 1923 1930 1944 1964 1976 1984 2017 2069 2138 2201 2261 2312 2346 2361 2353
-9999 -9999 -9999 -9999 -9999 2178 2243 2289 2328 2345 2342 2317 2284 2256 2235 2219 2208 2204 2205 2204 2206 2209 2210 2217 2223 2234 2247 2265 2284 2306 2329 2352 2375 2390 2400 2401 2382 2332 2264 2183 2094 1993 1892 1806 1733 1670 1621 1586 1565 1556 1561 1586 1643 1721 1800 1888 1979 2068 2149 2212 2247 2247 2203 2143 2073 2003 1956 1945 1944 1958 1978 1983 1994 2021 2066 2134 2193 2245 2290 2323 2338 2335
-9999 -9999 -9999 -9999 2072 2151 2217 2263 2300 2319 2310 2292 2272 2255 2244 2237 2232 2228 2226 2225 2221 2218 2217 2215 2219 2226 2240 2256 2279 2306 2333 2359 2386 2404 2416 2414 2391 2339 2263 2169 2075 1983 1896 1818 1748 1688 1640 1606 1585 1577 1582 1608 1669 1739 1817 1903 1994 2083 2165 2229 2263 2261 2226 2154 2074 2010 1979 1955 1954 1968 1988 1990 2001 2028 2073 2137 2181 2225 2262 2290 2303 2290
-9999 -9999 -9999 -9999 2054 2130 2191 2234 2273 2295 2295 2281 2269 2258 2252 2250 2249 2245 2244 2245 2239 2232 2227 2223 2221 2224 2232 2251 2278 2308 2340 2372 2402 2420 2432 2429 2401 2344 2266 2164 2074 1991 1912 1838 1771 1713 1666 1632 1611 1601 1607 1636 1697 1760 1835 1920 2008 2096 2177 2240 2275 2272 2237 2173 2086 2022 1989 1963 1959 1971 1990 1991 2007 2038 2083 2130 2167 2202 2232 2252 2245 2227
-9999 -9999 -9999 1978 2041 2105 2163 2214 2255 2283 2288 2279 2272 2263 2258 2258 2257 2256 2257 2259 2253 2244 2233 2225 2221 2224 2235 2249 2278 2315 2351 2391 2418 2438 2451 2445 2414 2355 2273 2180 2095 2016 1938 1868 1802 1745 1699 1663 1640 1629 1635 1666 1721 1782 1855 1935 2019 2103 2179 2239 2272 2268 2232 2174 2084 2021 1987 1962 1956 1964 1974 1984 2014 2053 2089 2120 2145 2168 2187 2190 2183 2178
