Capas/PRESENTE/Eje_30s/ASC/bio_17.asc
ncols         993
nrows         433
xllcorner     -105.25566776747
yllcorner     17.599810932142
cellsize      0.0083333333
NODATA_value  -9999
[rows 117 to 155 of 433, columns 352 to 439 of 993]
190 193 197 198 198 194 191 186 181 174 167 164 164 166 172 176 180 183 184 186 188 191 192 195 197 200 202 204 206 211 214 217 219 220 220 218 215 210 205 202 200 199 198 198 196 193 187 185 183 181 180 179 181 185 188 188 191 197 197 196 198 197 197 196 196 195 195 195 197 201 204 206 209 211 213 214 215 209 205 202 199 196 194 192 191 191 194 197
195 199 200 200 195 192 191 186 181 174 168 165 163 164 167 170 174 176 178 180 184 188 190 192 195 198 200 202 205 208 212 215 218 220 222 220 216 213 208 203 202 200 200 199 197 193 189 186 184 183 181 180 180 183 185 188 191 196 196 196 195 195 194 193 192 191 190 192 192 195 195 197 200 203 206 208 206 203 200 199 196 195 192 191 191 192 194 199
200 203 202 197 193 190 188 185 179 173 166 164 162 162 163 165 168 170 173 177 181 184 187 191 194 197 198 199 202 206 210 214 217 220 221 221 219 216 211 207 205 203 202 201 198 194 189 186 185 184 182 181 181 184 186 190 195 199 200 198 197 195 194 191 190 189 189 188 188 188 190 191 192 195 196 198 197 197 196 196 194 192 191 191 191 192 196 202
205 204 200 196 192 187 184 181 177 170 166 162 161 161 162 163 164 167 170 174 176 180 184 188 191 194 196 198 201 205 209 213 217 220 222 223 222 218 214 210 208 207 203 201 197 192 190 188 186 184 183 182 183 185 189 196 201 203 203 202 199 197 195 192 190 188 187 187 187 188 188 189 190 190 192 192 193 193 193 192 192 191 191 191 191 193 197 204
206 204 200 195 189 184 179 174 169 166 164 162 161 161 160 161 164 166 169 172 174 179 183 187 191 193 195 195 199 204 208 212 216 220 223 224 223 221 217 213 212 209 206 204 197 194 191 189 188 184 183 183 184 187 193 200 205 210 209 206 203 199 198 195 191 190 188 189 189 189 190 191 191 190 190 191 191 191 191 191 190 190 190 190 190 193 199 207
208 206 199 194 188 181 175 169 165 164 161 160 160 161 161 162 164 167 170 174 176 180 185 190 191 194 195 196 198 203 207 212 216 220 225 227 227 225 222 218 215 212 209 207 199 195 194 192 189 186 185 185 185 190 198 203 209 214 214 210 206 203 200 197 194 191 190 191 193 194 194 194 193 192 191 191 191 191 191 190 190 190 190 190 190 193 199 209
207 206 199 193 186 180 172 167 164 161 161 160 161 161 163 164 167 171 174 177 181 183 188 193 194 197 197 198 198 203 207 211 216 221 226 228 230 229 227 224 220 217 213 210 202 198 197 196 192 188 186 186 186 192 200 206 211 217 219 213 209 206 202 199 195 193 193 195 195 197 197 196 195 193 193 191 191 190 191 190 190 191 191 190 191 195 201 209
204 204 196 190 186 178 172 167 163 161 161 161 163 165 167 169 172 176 179 183 188 191 195 198 199 200 200 199 200 203 206 211 217 222 227 231 233 234 233 231 227 222 219 215 206 202 200 199 194 190 187 187 188 194 201 207 214 218 223 219 213 209 204 201 197 195 195 196 198 200 200 199 197 196 195 194 194 193 193 192 192 191 191 192 193 195 201 209
200 198 193 189 184 178 172 167 164 163 163 165 168 171 173 177 181 186 190 194 200 203 205 206 206 205 206 204 203 203 208 212 217 223 229 235 237 239 240 237 234 229 225 219 210 205 201 199 195 191 190 189 189 194 203 209 215 220 224 222 218 211 208 202 200 197 197 199 201 203 203 202 201 198 198 197 196 195 195 194 194 194 193 195 195 197 201 209
195 194 192 189 184 178 174 168 166 166 168 173 177 181 186 189 194 200 205 208 211 214 216 217 213 212 211 209 208 208 209 214 218 224 231 237 243 245 246 244 241 237 232 226 217 210 204 200 196 193 191 190 191 195 202 209 215 220 223 223 220 214 209 205 203 199 199 201 203 204 205 208 204 202 200 199 199 198 197 197 198 199 199 198 199 201 204 209
192 193 192 190 186 181 176 172 171 171 176 183 190 196 201 205 210 214 217 221 223 226 227 227 223 219 218 215 214 213 213 215 220 226 232 240 246 251 253 252 250 246 240 234 226 215 209 204 199 195 193 192 192 197 202 208 213 218 223 223 222 216 211 207 204 201 200 204 206 206 209 209 208 204 203 203 202 202 201 202 203 205 206 207 207 208 208 211
195 196 195 194 190 185 180 177 177 180 184 190 199 207 214 219 224 228 230 232 234 237 237 235 233 229 225 222 219 216 215 217 222 227 234 242 249 255 257 259 257 253 247 241 233 221 214 207 202 199 195 194 196 198 204 211 217 220 225 225 224 219 214 209 206 203 202 204 207 208 211 210 207 206 205 205 207 207 208 208 211 214 216 218 219 219 218 218
199 204 202 200 196 191 184 182 184 186 190 199 209 218 225 230 234 237 240 242 244 244 244 243 241 238 234 229 225 221 218 221 223 228 234 242 249 257 260 262 262 259 254 248 240 228 219 212 207 202 199 196 199 203 209 215 221 227 230 231 227 222 217 213 209 206 205 204 206 208 207 207 207 208 209 210 210 212 214 217 222 226 230 234 234 233 232 229
202 207 211 208 202 197 190 188 188 192 196 205 215 225 233 239 243 245 247 249 249 250 250 249 248 246 242 237 233 229 225 224 226 230 235 241 248 257 261 265 265 264 259 254 247 234 224 216 210 205 201 200 202 207 212 218 226 232 234 236 233 227 222 216 213 211 209 207 207 208 208 209 212 214 214 214 215 218 221 226 233 239 244 248 250 252 248 244
206 212 213 214 209 202 195 192 192 196 200 209 219 230 238 243 246 249 250 251 252 254 254 255 254 252 251 247 244 240 234 230 229 232 236 241 248 255 261 266 268 268 265 260 252 239 230 221 214 209 205 203 206 213 217 223 229 235 238 240 236 231 225 222 220 217 215 214 212 211 210 211 214 217 218 218 219 223 228 234 241 249 256 262 264 266 263 258
207 212 214 215 213 205 198 194 194 198 202 210 219 229 238 243 246 249 249 250 253 255 256 259 260 259 258 257 253 249 245 238 235 235 238 242 249 255 262 268 270 272 269 263 256 245 233 226 219 213 209 208 211 216 221 226 232 238 241 242 240 234 230 228 227 226 225 221 219 216 215 214 217 219 219 220 222 226 233 240 249 259 267 274 277 278 275 271
204 211 213 214 213 206 200 196 195 198 202 208 217 225 233 238 243 246 246 250 253 256 259 261 263 266 265 265 261 258 253 247 242 239 242 244 249 256 263 269 273 274 271 267 261 248 237 231 225 220 216 214 217 221 225 231 236 241 243 245 241 235 234 236 235 234 233 232 226 222 218 217 217 218 219 220 223 229 235 244 254 266 275 283 287 288 285 279
202 207 209 210 209 204 199 195 195 197 200 206 212 220 227 232 236 240 243 247 251 256 261 265 268 270 273 272 271 266 261 255 248 245 246 249 252 257 265 271 276 278 276 272 265 253 243 236 231 227 224 222 223 226 229 233 238 243 245 245 244 237 237 240 239 239 238 237 233 226 222 218 218 217 217 219 224 230 238 247 258 269 279 287 292 293 289 283
197 201 203 204 203 199 194 191 193 195 197 202 208 215 220 224 229 234 238 243 249 256 262 266 271 274 276 278 277 273 268 261 254 251 252 254 257 262 269 275 279 280 279 275 270 257 248 241 237 233 231 227 227 229 232 236 241 244 246 247 246 239 238 241 241 241 240 240 236 230 225 221 218 217 219 221 226 231 238 247 258 268 278 286 291 292 288 284
192 195 194 194 194 191 188 186 188 188 191 195 201 206 210 213 217 224 231 239 247 255 262 268 273 276 280 282 280 278 272 264 259 259 259 260 263 268 274 279 283 285 283 280 273 262 254 247 243 239 234 232 231 232 237 239 243 246 247 247 242 238 238 243 242 243 243 242 238 233 227 223 219 218 220 222 225 230 238 246 256 266 274 281 285 286 284 278
186 187 186 186 185 185 182 182 182 184 186 190 194 198 202 205 208 216 226 234 243 252 261 267 273 276 281 283 282 278 275 266 264 265 265 266 268 272 277 283 288 288 287 282 274 265 260 253 249 244 240 238 236 239 243 245 246 245 246 243 240 237 238 242 242 243 243 244 241 234 229 225 221 220 219 222 224 230 236 244 253 261 267 272 276 277 276 269
181 181 180 181 181 181 179 179 180 182 186 189 190 193 197 199 203 209 219 229 238 248 258 265 271 275 279 281 280 279 275 268 267 268 267 270 272 276 282 288 291 291 289 285 277 269 265 259 253 248 245 244 244 245 247 249 250 249 247 243 240 239 240 242 243 243 244 244 239 235 230 225 220 220 219 222 225 230 235 243 249 255 260 262 266 265 263 259
176 177 177 178 177 177 177 177 178 182 188 189 189 189 192 195 199 205 214 223 233 243 253 260 266 272 275 278 277 275 274 268 268 268 270 272 275 279 285 289 293 293 292 287 279 273 267 262 256 251 249 248 248 251 252 254 255 255 253 248 243 242 245 244 243 241 241 240 238 234 229 225 222 219 221 222 224 230 234 242 246 248 251 253 254 254 254 253
174 174 174 175 176 176 176 177 179 183 187 187 187 188 190 191 196 203 210 220 229 239 248 255 262 267 271 273 274 272 271 266 265 266 268 271 275 280 286 291 293 294 293 289 282 274 267 263 259 255 252 252 254 256 258 260 261 260 257 254 247 246 247 246 245 243 241 239 237 232 228 225 220 218 218 222 224 229 234 239 242 244 246 248 249 248 249 249
174 174 174 174 175 175 175 177 179 182 183 186 186 187 189 190 194 200 209 216 225 234 244 251 257 262 266 268 269 268 266 262 260 261 265 268 271 277 282 288 291 292 291 288 280 273 266 263 260 257 256 257 259 261 263 264 266 264 261 259 252 248 247 248 247 246 245 244 238 232 228 224 219 216 217 219 224 228 233 238 238 241 244 245 246 246 247 250
175 174 174 174 174 175 177 178 179 182 183 186 187 188 190 191 192 198 206 214 221 231 239 247 253 258 261 263 264 264 262 259 255 254 256 261 266 271 277 283 286 288 288 286 279 271 267 263 260 260 260 262 264 267 269 270 269 267 266 262 256 250 248 248 249 248 248 247 243 236 229 225 221 218 217 218 222 227 232 235 236 241 245 246 247 247 251 253
175 175 175 174 176 176 178 178 180 182 185 188 189 191 192 193 194 197 205 211 220 227 235 242 249 253 256 257 259 259 259 257 252 249 250 252 257 264 272 278 281 284 285 283 278 273 269 265 263 261 264 267 269 272 274 274 273 272 268 264 259 252 249 250 251 250 250 248 245 237 230 225 222 221 221 220 222 228 233 236 239 242 248 252 253 253 255 258
176 176 175 176 176 177 179 180 183 184 188 192 194 196 197 197 198 201 205 210 217 223 231 237 242 248 249 249 251 254 255 254 248 245 246 248 252 256 263 270 277 282 282 282 279 276 273 270 269 269 271 273 276 277 278 277 276 273 270 266 260 254 253 253 252 252 251 249 246 237 230 225 223 223 223 224 227 231 235 240 243 247 253 256 258 259 262 264
177 176 176 176 178 179 180 182 184 187 193 198 202 203 203 204 204 206 209 212 218 222 228 233 239 241 242 243 245 249 250 246 243 242 242 245 249 255 263 269 273 278 278 279 280 278 277 276 276 277 280 281 283 282 283 282 278 275 272 267 260 256 257 256 255 254 252 250 243 236 231 227 223 224 226 227 230 234 239 243 248 253 257 260 263 265 267 270
178 178 178 179 179 179 181 183 186 190 198 204 210 212 213 213 213 214 217 219 221 223 224 228 232 234 237 240 242 244 243 242 240 238 241 245 251 257 265 270 274 276 277 279 281 280 279 282 284 288 290 291 291 290 288 284 281 276 272 267 262 259 259 258 256 253 250 246 241 237 233 229 227 226 228 232 234 239 243 248 252 257 261 264 268 270 272 275
181 180 179 179 180 181 182 185 189 196 203 210 216 221 224 224 224 225 226 229 227 226 225 225 228 233 236 239 241 243 243 243 241 240 243 249 253 259 265 271 276 278 279 281 282 284 285 289 294 299 300 301 301 297 293 288 282 277 271 266 263 263 264 262 261 256 252 247 244 241 238 236 234 233 234 237 240 245 248 252 257 261 265 268 272 273 275 277
183 182 181 181 181 181 184 187 193 199 206 214 222 229 234 240 240 236 236 237 234 232 228 227 230 235 239 244 246 248 247 247 245 246 248 251 255 261 267 273 276 279 281 283 285 287 291 297 302 308 312 312 309 305 298 291 283 277 272 268 266 268 268 267 264 261 259 252 248 246 246 244 241 242 243 245 247 249 255 258 261 265 269 271 272 274 276 279
188 186 184 184 183 184 185 188 194 201 209 216 225 235 243 250 252 252 250 247 242 236 231 231 236 243 248 252 255 256 255 255 251 252 253 255 259 264 269 273 277 279 282 284 286 291 296 302 310 316 320 319 315 310 302 295 288 281 277 274 272 271 271 269 268 265 263 256 251 253 255 254 253 253 253 255 257 258 262 264 266 268 270 271 272 273 275 277
193 190 189 188 187 187 187 190 194 200 209 218 227 239 249 256 260 260 258 253 246 237 234 238 244 249 255 260 266 268 269 266 263 260 259 261 264 266 268 271 275 278 280 284 288 294 299 307 315 321 325 323 319 312 305 297 290 283 279 277 275 274 274 273 271 268 264 257 256 260 261 260 261 261 262 263 265 267 267 269 269 269 270 270 271 271 270 272
199 195 194 194 192 191 190 191 195 200 208 218 229 239 251 259 264 264 261 253 247 241 239 242 248 254 262 269 274 278 280 281 277 272 269 267 267 268 269 270 272 275 279 283 288 295 303 309 318 323 325 324 320 313 306 298 292 287 281 278 277 275 275 274 272 269 264 259 262 264 265 266 267 268 269 270 272 273 272 272 272 268 267 268 269 268 267 269
205 201 199 198 198 196 195 196 197 200 207 218 228 238 247 257 263 263 259 252 247 244 241 244 253 259 268 275 283 289 291 293 291 286 282 277 275 272 270 270 271 276 278 281 287 295 303 311 318 323 325 323 319 313 305 299 293 287 282 280 278 276 275 275 273 270 263 260 264 266 267 269 271 271 273 275 275 276 275 273 270 266 265 265 266 264 265 266
210 207 205 205 204 204 202 203 203 204 208 217 226 234 243 250 256 260 255 251 247 245 244 247 253 261 270 280 289 298 302 305 304 302 298 293 289 284 279 277 277 276 277 280 286 293 301 310 317 322 324 321 317 312 305 298 292 286 283 281 280 278 277 276 274 270 264 261 264 265 265 266 268 270 273 275 276 275 273 270 266 265 264 264 263 262 263 264
217 214 212 212 213 213 212 212 211 211 213 216 222 230 236 245 249 249 247 246 245 244 243 247 255 264 274 284 296 305 312 316 316 315 313 308 303 296 290 286 282 280 280 281 285 291 300 307 315 321 323 321 318 312 302 296 291 287 284 281 281 279 278 277 275 271 266 263 264 263 263 262 263 266 268 270 272 270 267 266 265 263 263 262 261 261 261 262
224 222 222 222 222 222 223 224 222 223 223 220 220 222 227 233 237 240 241 241 241 240 242 246 253 263 274 286 298 309 318 324 327 327 326 321 315 308 299 293 288 283 282 283 286 292 299 308 315 321 323 323 320 313 307 299 294 290 285 283 282 282 279 277 275 273 268 265 263 260 258 258 258 260 260 262 264 264 263 264 263 262 261 261 261 260 260 260
