Capas/PRESENTE/Eje_30s/ASC/bio_04.asc
ncols         993
nrows         433
xllcorner     -105.25566776747
yllcorner     17.599810932142
cellsize      0.0083333333
NODATA_value  -9999
[rows 144 to 179 of 433, columns 574 to 655 of 993]
2138 2125 2125 2117 2135 2135 2135 2167 2175 2230 2281 2337 2334 2338 2346 2324 2334 2331 2296 2274 2219 2205 2219 2184 2193 2239 2239 2184 2141 2143 2143 2138 2132 2147 2151 2152 2171 2193 2275 2214 2214 2214 2193 2142 2120 2095 2066 2053 2048 2055 2065 2103 2115 2139 2148 2199 2223 2260 2333 2400 2340 2268 2246 2224 2185 2169 2158 2148 2127 2111 2089 2084 2105 2132 2174 2140 2116 2091 2083 2064 2064 2055
2135 2135 2125 2113 2135 2149 2183 2175 2230 2249 2281 2324 2350 2339 2360 2360 2332 2334 2273 2238 2209 2205 2176 2176 2176 2162 2141 2132 2154 2155 2132 2141 2151 2171 2163 2156 2176 2211 2312 2292 2301 2284 2258 2236 2156 2099 2077 2045 2041 2023 2031 2027 2045 2074 2074 2118 2203 2243 2308 2321 2295 2268 2252 2221 2232 2216 2146 2140 2127 2132 2148 2106 2083 2127 2140 2132 2115 2116 2116 2103 2078 2070
2127 2125 2125 2125 2135 2145 2188 2200 2218 2261 2264 2289 2299 2337 2358 2350 2303 2248 2219 2176 2172 2176 2164 2154 2171 2154 2143 2151 2154 2138 2154 2158 2176 2211 2189 2184 2202 2228 2270 2352 2382 2356 2356 2270 2193 2130 2066 2065 2035 2031 2031 2020 2012 1996 2020 1999 2048 2095 2186 2203 2260 2281 2309 2268 2255 2226 2192 2169 2155 2175 2197 2137 2097 2093 2106 2116 2146 2161 2221 2138 2091 2078
2130 2124 2103 2106 2116 2135 2149 2183 2200 2200 2229 2231 2265 2329 2312 2295 2290 2248 2184 2184 2146 2159 2162 2132 2146 2132 2093 2108 2108 2120 2176 2151 2163 2193 2167 2164 2185 2227 2258 2352 2439 2418 2436 2364 2279 2184 2098 2057 2045 2041 2011 2011 2011 1996 1980 1999 2001 2020 2074 2095 2131 2159 2165 2220 2224 2195 2195 2136 2067 2074 2088 2083 2097 2137 2116 2119 2171 2220 2256 2166 2104 2071
2125 2116 2099 2116 2116 2133 2135 2140 2158 2167 2167 2200 2253 2264 2281 2253 2227 2218 2189 2164 2142 2135 2124 2103 2121 2093 2090 2120 2132 2121 2184 2141 2138 2151 2171 2193 2184 2223 2257 2334 2418 2451 2382 2365 2270 2156 2117 2065 2044 2028 2013 1996 1991 1980 1991 1991 1980 1977 1996 2002 2032 2042 2053 2070 2083 2062 2053 2041 2032 2062 2029 2008 2017 2055 2097 2106 2127 2119 2150 2178 2138 2095
2114 2106 2091 2101 2116 2116 2116 2116 2125 2138 2175 2208 2244 2234 2218 2200 2208 2175 2175 2145 2154 2103 2082 2079 2057 2081 2108 2146 2151 2143 2132 2121 2132 2141 2184 2200 2193 2176 2227 2250 2320 2365 2395 2292 2215 2128 2087 2069 2044 2013 2011 1996 1994 1994 1991 1999 1980 1989 2001 2012 2010 2040 2031 2036 2031 2031 2012 2018 2012 2006 1999 1969 1969 1977 1988 2008 2028 2063 2097 2119 2132 2125
2116 2091 2108 2087 2092 2092 2114 2106 2116 2116 2159 2188 2175 2208 2200 2175 2150 2135 2121 2103 2096 2079 2057 2057 2070 2081 2113 2104 2121 2129 2100 2100 2113 2090 2108 2132 2141 2162 2170 2184 2227 2282 2308 2228 2154 2108 2078 2055 2025 2005 2011 2013 1994 1990 1999 1978 1999 2011 2031 2052 2071 2062 2063 2049 2041 2031 2010 2020 2012 2004 1973 1960 1969 1969 1985 1999 1994 2070 2071 2041 2051 2021
2138 2116 2113 2124 2116 2096 2116 2116 2113 2116 2145 2132 2154 2224 2188 2143 2103 2100 2096 2078 2079 2060 2060 2061 2057 2082 2112 2108 2113 2116 2090 2089 2090 2074 2079 2108 2108 2133 2121 2163 2170 2172 2167 2200 2170 2121 2070 2053 2034 2031 2049 2044 1972 1999 1978 1978 1985 2011 2055 2117 2134 2129 2095 2074 2074 2063 2023 2020 1999 1980 1970 1965 1956 1969 1969 1942 1974 2032 2085 2084 2041 2017
2145 2141 2128 2138 2116 2103 2087 2087 2096 2092 2095 2099 2124 2155 2135 2135 2125 2096 2079 2070 2054 2041 2071 2062 2060 2056 2070 2081 2090 2103 2100 2079 2097 2081 2079 2079 2081 2108 2090 2108 2121 2129 2167 2184 2162 2128 2117 2087 2087 2109 2108 2025 2002 1982 1977 1972 1972 2023 2108 2142 2203 2203 2167 2108 2118 2108 2053 1984 1980 1980 1970 1965 1960 1956 1957 1966 1986 2042 2042 2066 2093 2028
2138 2109 2116 2122 2113 2096 2087 2080 2087 2087 2060 2081 2087 2074 2096 2113 2096 2060 2060 2060 2022 2040 2037 2060 2037 2049 2060 2070 2086 2079 2079 2091 2078 2079 2057 2069 2079 2079 2069 2069 2079 2075 2143 2141 2143 2108 2065 2057 2077 2087 2087 2011 2011 1972 1972 1972 1988 2073 2128 2203 2258 2216 2147 2146 2147 2138 2074 1998 1980 1973 1960 1967 1959 1952 1957 1956 1976 2014 2000 2008 2008 1986
2141 2124 2095 2096 2087 2098 2087 2084 2067 2053 2063 2063 2062 2042 2053 2099 2140 2074 2018 2041 2037 2037 2041 2017 2037 2033 2052 2066 2056 2056 2070 2079 2081 2049 2057 2065 2056 2049 2044 2044 2057 2057 2069 2075 2079 2065 2044 2045 2077 2124 2108 2057 2025 1994 1972 1961 1965 2000 2059 2164 2184 2193 2193 2202 2147 2117 2071 2032 1990 1966 1980 1967 1956 1957 1965 1946 1974 1986 2021 2006 2007 1999
2117 2130 2122 2096 2087 2098 2084 2084 2052 2053 2042 2042 2042 2044 2050 2072 2146 2082 2006 2015 2041 2032 2025 2027 2040 2060 2060 2049 2049 2060 2049 2057 2049 2056 2049 2048 2049 2039 2026 2038 2026 2033 2026 2049 2062 2049 2049 2045 2057 2108 2108 2098 2097 2014 1961 1961 1972 1987 2023 2093 2116 2138 2147 2190 2167 2146 2083 2023 1990 2000 1974 1948 1957 1957 1956 1936 2000 1999 2019 2050 2014 2008
2109 2087 2098 2096 2079 2076 2053 2062 2042 2042 2059 2059 2032 2024 2006 2033 2052 2020 2024 2020 2028 2020 2041 2037 2037 2037 2040 2060 2049 2049 2033 2049 2079 2090 2079 2054 2036 2036 2020 2025 2007 2007 2036 2065 2057 2033 2044 2057 2039 2079 2111 2142 2164 2108 1992 2044 2014 2044 2053 2082 2117 2095 2116 2146 2173 2147 2079 2023 1988 1965 1957 1948 1957 1956 1948 1967 2023 1999 2056 2091 2080 2029
2122 2096 2111 2084 2068 2057 2046 2041 2041 2046 2041 2024 2048 2041 2041 2041 2041 2024 2009 1999 2013 1999 2032 2020 2041 2029 2041 2037 2041 2017 2048 2060 2070 2135 2110 2078 2033 2010 2025 2014 2007 2014 2100 2090 2089 2049 2058 2036 2036 2111 2142 2172 2158 2069 2002 2054 2041 2116 2181 2181 2138 2108 2117 2146 2203 2117 2055 2015 1972 1961 1964 1957 1957 1944 1965 1980 2012 2028 2064 2037 2042 2042
2091 2095 2084 2068 2059 2076 2076 2068 2051 2059 2037 2042 2042 2041 2024 2013 2006 2004 2008 1999 2013 1999 2015 2020 2032 2041 2020 2020 2020 2028 2037 2056 2070 2103 2091 2054 2026 1998 1999 2011 2013 2037 2100 2082 2079 2058 2045 2045 2077 2172 2172 2162 2143 2032 1991 1994 2014 2054 2069 2113 2069 2095 2138 2173 2127 2054 2000 2031 2063 2012 1988 1948 1957 1939 1965 1980 1999 2028 2071 2039 1999 2020
2091 2084 2068 2076 2068 2068 2068 2056 2056 2046 2048 2041 2051 2024 2013 2013 2032 2056 2087 2041 2021 2008 1999 1999 2012 2020 2020 1999 2011 2020 2041 2036 2049 2054 2037 2026 2029 1999 2013 2007 2007 2029 2045 2049 2045 2079 2129 2116 2103 2089 2129 2129 2054 2014 1994 2004 1994 2009 2049 2023 2024 2014 2057 2108 2097 2000 1959 1972 2054 2031 1961 1948 1948 1980 1985 1968 2000 2032 2093 2028 1999 2028
2084 2084 2068 2067 2061 2051 2067 2056 2046 2034 2041 2084 2057 2034 2024 2032 2084 2158 2192 2117 2046 2041 2003 2042 1999 2028 2028 2006 2019 1999 2007 2029 2006 2027 2015 2015 1999 1999 2007 1986 2007 2037 2029 2037 2036 2078 2111 2103 2131 2097 2110 2111 2067 1994 2028 2075 2058 1991 1961 1973 1983 1983 1999 2002 1999 1961 1942 1946 2010 1987 1953 1936 1940 1954 1968 1990 2006 2009 2058 2056 1998 2020
2094 2078 2067 2056 2056 2056 2046 2046 2056 2056 2069 2095 2074 2046 2013 2040 2067 2116 2103 2074 2032 2032 2060 2060 2084 2067 2055 2046 2041 2018 2031 2047 2041 2029 2029 1999 2003 1999 1999 2029 2049 2070 2048 2036 2045 2063 2092 2111 2113 2103 2058 2036 2036 1994 2014 2058 2066 2032 1986 1961 1971 1961 1950 1961 1928 1928 1945 1928 1940 1946 1936 1929 1931 1939 1979 1987 1999 1998 2028 2040 1990 1999
2094 2089 2056 2065 2056 2059 2043 2056 2046 2056 2046 2071 2062 2046 2013 2051 2103 2181 2170 2117 2065 2060 2113 2170 2196 2202 2146 2099 2074 2067 2070 2113 2124 2104 2057 2039 2048 2060 2060 2104 2123 2143 2123 2070 2075 2084 2084 2123 2110 2097 2058 2036 2029 2037 2066 2058 2076 2058 2036 2015 2000 1975 1933 1933 1933 1928 1928 1920 1945 1938 1940 1938 1929 1931 1928 1988 1961 1987 2008 2008 2019 2017
2092 2067 2073 2049 2042 2051 2046 2046 2056 2056 2013 2046 2074 2077 2074 2078 2096 2145 2157 2130 2098 2103 2158 2213 2222 2264 2213 2185 2146 2113 2074 2128 2138 2132 2113 2099 2146 2112 2096 2138 2143 2143 2123 2084 2084 2070 2058 2068 2058 2075 2058 2058 2047 2066 2113 2127 2076 2047 2047 2025 2017 2025 2032 2000 1979 1954 1933 1928 1946 1957 1983 1966 1957 1944 1961 1940 1961 2011 2031 2031 2055 2028
2100 2094 2067 2073 2046 2039 2056 2056 2040 2048 2040 2046 2048 2068 2068 2084 2117 2145 2145 2146 2141 2116 2184 2250 2314 2336 2275 2222 2184 2146 2146 2155 2138 2108 2124 2112 2112 2142 2184 2175 2143 2146 2104 2113 2084 2075 2058 2058 2058 2067 2058 2047 2058 2144 2151 2130 2097 2037 2006 2006 2000 1975 2000 1979 1961 1950 1950 1950 1961 2000 2022 2014 1994 1987 2033 1982 1982 2025 2027 1998 2020 2000
2100 2094 2082 2081 2067 2051 2056 2044 2018 2046 2013 2018 2036 2046 2040 2078 2138 2145 2179 2181 2175 2171 2230 2314 2371 2371 2289 2252 2188 2184 2175 2196 2146 2138 2146 2113 2132 2146 2192 2252 2213 2165 2156 2146 2093 2070 2058 2064 2059 2055 2047 2047 2029 2096 2111 2097 2097 2058 2006 1991 1975 1975 1968 1975 1961 1961 1953 1961 1975 1983 2004 2021 1969 1961 1957 1968 1969 2012 1987 1970 1987 1987
2111 2103 2094 2078 2060 2060 2046 2029 2040 2049 2049 2013 2040 2032 2067 2103 2138 2166 2191 2163 2171 2226 2280 2310 2362 2386 2314 2255 2226 2223 2213 2178 2146 2146 2146 2113 2146 2134 2146 2218 2222 2167 2146 2127 2084 2060 2058 2067 2058 2084 2074 2047 2039 2029 2047 2119 2047 2018 2006 1997 1977 1968 1961 1961 1943 1959 1942 1961 1979 2000 1979 2000 1969 1946 1950 1940 1971 2004 1987 1940 1965 1957
2111 2102 2094 2082 2056 2049 2056 2051 2049 2031 2018 2028 2036 2040 2077 2095 2120 2161 2141 2130 2147 2192 2230 2280 2349 2396 2328 2298 2251 2222 2165 2154 2146 2165 2146 2117 2113 2146 2189 2277 2210 2146 2146 2146 2123 2093 2067 2067 2058 2067 2074 2039 2031 2039 2022 2060 2015 1984 1993 1984 1976 1968 1957 1957 1961 1937 1928 1939 1966 1953 1961 1976 1961 1950 1968 1951 1960 1979 1957 1940 1958 1972
2106 2116 2081 2078 2071 2065 2050 2051 2049 2013 2018 2036 2013 2049 2067 2067 2103 2130 2136 2117 2142 2192 2200 2273 2310 2361 2324 2274 2234 2200 2157 2192 2177 2192 2207 2146 2125 2111 2218 2283 2235 2167 2157 2178 2177 2117 2067 2093 2057 2046 2039 2062 2060 2062 2093 2070 2029 2004 1975 1997 1967 1971 1968 1943 1944 1943 1935 1932 1930 1935 1954 1942 1937 1961 2013 1983 1946 1990 1928 1929 1958 1983
2126 2097 2102 2067 2081 2078 2056 2051 2051 2049 2013 2075 2063 2036 2044 2077 2100 2117 2129 2130 2120 2141 2184 2226 2246 2275 2311 2287 2234 2212 2189 2177 2192 2192 2157 2128 2149 2159 2184 2255 2218 2167 2202 2202 2143 2123 2093 2109 2094 2060 2060 2061 2074 2093 2142 2122 2065 2006 2018 1990 1982 1966 2006 1953 1966 1943 1942 1930 1919 1930 1920 1928 1930 1954 2021 1975 1946 1909 1900 1929 2022 1979
2127 2102 2072 2094 2094 2078 2067 2063 2029 2050 2018 2036 2049 2067 2032 2036 2079 2091 2102 2136 2163 2130 2171 2192 2246 2315 2290 2234 2191 2200 2177 2145 2165 2192 2177 2154 2177 2210 2185 2210 2228 2210 2240 2202 2146 2118 2127 2177 2164 2138 2100 2084 2071 2093 2143 2127 2073 2047 2067 2039 1984 1975 1990 1954 1944 1957 1959 1975 1930 1930 1922 1920 1910 1905 1900 1930 1930 1898 1905 1930 1948 1958
2117 2092 2094 2067 2102 2089 2099 2071 2056 2050 2036 2025 2048 2036 2036 2029 2036 2079 2109 2154 2187 2138 2147 2171 2192 2212 2200 2192 2184 2191 2165 2145 2171 2200 2200 2191 2210 2250 2243 2244 2239 2236 2243 2241 2176 2146 2155 2190 2167 2164 2164 2127 2092 2114 2131 2132 2136 2127 2160 2047 2018 2001 1990 1943 1951 1953 2005 1986 1942 1911 1920 1902 1911 1911 1905 1900 1900 1879 1909 1901 1928 1946
2106 2092 2105 2081 2073 2089 2096 2071 2036 2036 2036 2036 2034 2032 2038 2067 2079 2064 2078 2128 2142 2110 2109 2121 2171 2183 2181 2166 2149 2145 2158 2136 2183 2183 2192 2181 2192 2244 2264 2239 2249 2236 2240 2315 2255 2164 2181 2219 2202 2202 2185 2145 2114 2175 2174 2143 2207 2217 2195 2093 2070 2011 1968 1953 2006 2019 2072 2006 1933 1915 1902 1902 1902 1898 1905 1905 1889 1888 1895 1920 1937 1960
2092 2072 2067 2063 2049 2060 2036 2068 2067 2067 2083 2044 2032 2044 2067 2036 2088 2141 2129 2129 2109 2109 2109 2109 2095 2119 2128 2136 2142 2138 2128 2145 2154 2145 2159 2181 2184 2231 2236 2239 2243 2240 2258 2274 2261 2181 2173 2190 2199 2178 2177 2190 2164 2178 2175 2165 2175 2175 2131 2103 2058 1976 1959 1966 1977 2006 1966 1930 1930 1905 1902 1898 1900 1905 1889 1871 1881 1898 1900 1930 1948 1979
2072 2072 2071 2063 2072 2034 2071 2067 2034 2067 2091 2036 2036 2054 2036 2067 2082 2107 2163 2174 2129 2132 2132 2119 2109 2109 2125 2128 2142 2133 2128 2142 2158 2192 2200 2200 2192 2214 2253 2286 2274 2275 2249 2214 2215 2168 2145 2190 2177 2147 2165 2190 2202 2190 2175 2157 2207 2190 2127 2044 2005 1977 2011 1990 1965 1923 1915 1923 1923 1912 1905 1902 1905 1881 1880 1881 1902 1879 1887 1930 1937 1979
2090 2050 2034 2072 2072 2049 2029 2060 2036 2046 2050 2067 2029 2046 2067 2069 2057 2082 2120 2183 2183 2166 2166 2136 2149 2162 2200 2163 2166 2138 2163 2129 2150 2166 2162 2206 2226 2248 2248 2332 2307 2307 2278 2210 2181 2157 2161 2169 2119 2118 2131 2135 2157 2178 2164 2164 2124 2131 2111 2055 2010 1976 2011 2006 1948 1928 1924 1902 1923 1911 1902 1902 1881 1894 1881 1881 1882 1898 1898 1920 1961 2004
2090 2053 2053 2036 2072 2029 2029 2050 2050 2063 2090 2029 2036 2067 2050 2079 2100 2119 2102 2183 2196 2204 2171 2225 2196 2227 2246 2212 2183 2162 2183 2176 2147 2158 2138 2179 2243 2200 2231 2274 2337 2307 2278 2231 2189 2125 2169 2157 2135 2093 2093 2115 2135 2119 2157 2131 2069 2048 2048 2036 2019 1965 1976 1965 1943 1928 1918 1902 1909 1898 1891 1880 1902 1894 1881 1882 1882 1893 1935 1961 1958 2016
2062 2036 2048 2063 2029 2029 2067 2067 2067 2090 2100 2061 2048 2050 2057 2071 2110 2165 2171 2152 2188 2200 2205 2238 2245 2262 2276 2212 2200 2209 2171 2192 2181 2206 2166 2171 2163 2181 2206 2253 2278 2257 2253 2231 2195 2139 2104 2130 2119 2077 2093 2093 2107 2131 2093 2074 2048 2060 2060 2031 2019 1959 1928 1941 1924 1923 1915 1902 1891 1909 1902 1887 1894 1881 1859 1881 1868 1871 1922 1937 1948 1985
2063 2048 2050 2062 2063 2069 2090 2115 2100 2082 2100 2104 2082 2061 2071 2079 2086 2146 2191 2227 2205 2246 2267 2246 2289 2285 2254 2214 2276 2258 2183 2200 2200 2235 2200 2206 2225 2254 2235 2210 2226 2206 2180 2168 2147 2107 2107 2107 2118 2097 2120 2093 2085 2085 2064 2064 2030 2019 2019 1994 1982 1949 1944 1923 1923 1902 1894 1881 1894 1891 1902 1881 1882 1881 1881 1881 1882 1859 1877 1922 1914 1930
2090 2058 2048 2049 2070 2082 2104 2132 2103 2110 2133 2132 2132 2095 2082 2132 2132 2155 2215 2268 2246 2284 2310 2300 2276 2310 2246 2258 2301 2272 2188 2229 2235 2290 2235 2200 2240 2247 2192 2168 2146 2169 2147 2118 2118 2093 2097 2110 2075 2087 2078 2093 2064 2064 2051 2037 2020 2010 2003 1976 1976 1965 1928 1913 1916 1914 1902 1894 1894 1894 1859 1868 1868 1881 1859 1870 1864 1881 1882 1866 1888 1902
