Capas/PRESENTE/Eje_30s/ASC/bio_09.asc
ncols         993
nrows         433
xllcorner     -105.25566776747
yllcorner     17.599810932142
cellsize      0.0083333333
NODATA_value  -9999
[rows 144 to 179 of 433, columns 410 to 491 of 993]
2909 2911 2914 2917 2915 2914 2913 2910 2909 2911 2916 2920 2924 2924 2923 2919 2916 2915 2914 2910 2906 2911 2915 2914 2911 2905 2906 2910 2912 2908 2905 2901 2909 2909 2908 2904 2896 2888 2884 2886 2889 2892 2893 2892 2896 2898 2897 2897 2894 2893 2894 2895 2895 2896 2896 2896 2899 2902 2903 2904 2903 2904 2908 2912 2914 2920 2919 2919 2922 2918 2919 2917 2915 2879 2869 2859 2860 2903 2916 2920 2923 2925
2908 2911 2913 2916 2913 2912 2913 2913 2912 2915 2919 2923 2924 2924 2924 2920 2915 2915 2912 2901 2897 2906 2912 2910 2909 2907 2903 2907 2910 2908 2903 2900 2904 2905 2904 2899 2893 2892 2891 2893 2895 2897 2897 2898 2899 2899 2899 2897 2895 2896 2897 2897 2897 2895 2895 2897 2898 2902 2904 2906 2907 2909 2913 2917 2921 2923 2923 2924 2924 2921 2920 2920 2887 2883 2875 2863 2860 2870 2913 2921 2926 2927
2909 2911 2912 2914 2913 2913 2914 2915 2917 2919 2921 2922 2924 2924 2924 2921 2917 2913 2909 2904 2903 2906 2910 2910 2908 2906 2905 2906 2906 2902 2904 2904 2906 2904 2901 2898 2896 2897 2898 2897 2897 2898 2898 2899 2898 2897 2898 2897 2895 2894 2896 2892 2892 2893 2892 2892 2893 2896 2900 2904 2905 2907 2916 2917 2923 2926 2926 2926 2926 2925 2925 2925 2892 2888 2883 2876 2875 2879 2888 2894 2927 2927
2911 2913 2913 2912 2911 2911 2912 2914 2915 2918 2919 2921 2922 2922 2921 2920 2916 2914 2913 2912 2911 2911 2908 2902 2901 2904 2903 2902 2901 2906 2908 2906 2903 2904 2901 2899 2898 2898 2899 2899 2898 2899 2898 2898 2897 2896 2895 2894 2887 2883 2885 2888 2891 2891 2888 2886 2886 2889 2893 2901 2905 2910 2919 2922 2925 2926 2927 2927 2927 2927 2926 2925 2893 2891 2886 2881 2879 2885 2891 2895 2927 2927
2911 2912 2911 2909 2905 2904 2907 2909 2911 2916 2919 2918 2916 2917 2917 2916 2914 2913 2912 2913 2910 2907 2901 2900 2902 2905 2905 2905 2904 2908 2908 2907 2906 2907 2904 2898 2897 2897 2897 2897 2897 2898 2898 2897 2896 2895 2895 2894 2890 2889 2887 2888 2889 2889 2884 2881 2880 2880 2885 2894 2904 2913 2921 2925 2926 2926 2927 2927 2927 2927 2927 2926 2923 2893 2890 2888 2887 2889 2891 2925 2926 2926
2908 2907 2907 2904 2898 2897 2901 2907 2910 2915 2917 2915 2910 2910 2910 2912 2911 2910 2909 2908 2904 2904 2906 2907 2907 2906 2905 2908 2909 2909 2910 2910 2910 2906 2900 2899 2897 2895 2897 2897 2897 2897 2896 2896 2895 2893 2893 2891 2888 2888 2887 2888 2888 2885 2881 2877 2874 2876 2882 2892 2903 2914 2922 2926 2926 2926 2927 2927 2927 2927 2927 2928 2927 2896 2896 2895 2896 2927 2927 2927 2927 2927
2902 2901 2903 2901 2893 2892 2898 2904 2911 2915 2915 2908 2899 2898 2903 2907 2909 2908 2901 2901 2903 2906 2908 2909 2910 2909 2909 2909 2910 2910 2910 2909 2908 2905 2901 2899 2897 2896 2897 2897 2896 2893 2891 2889 2885 2884 2886 2886 2885 2882 2879 2881 2882 2883 2884 2881 2880 2883 2887 2893 2904 2917 2925 2926 2926 2926 2927 2927 2927 2927 2927 2927 2927 2927 2897 2897 2927 2897 2927 2927 2927 2927
2901 2899 2899 2901 2897 2896 2900 2905 2911 2914 2912 2902 2890 2888 2896 2902 2906 2902 2898 2899 2903 2906 2908 2909 2910 2909 2908 2910 2910 2910 2909 2908 2906 2904 2900 2895 2892 2894 2894 2891 2883 2881 2886 2886 2883 2880 2883 2886 2881 2872 2867 2875 2881 2886 2887 2886 2886 2888 2892 2898 2910 2919 2925 2926 2926 2926 2927 2927 2927 2927 2927 2927 2927 2927 2927 2927 2927 2927 2927 2927 2927 2927
2900 2899 2900 2901 2904 2904 2905 2909 2910 2912 2910 2902 2892 2884 2893 2900 2901 2896 2897 2900 2903 2907 2909 2910 2909 2909 2909 2909 2909 2910 2908 2907 2905 2901 2896 2890 2888 2889 2890 2883 2877 2881 2890 2887 2881 2877 2879 2884 2880 2872 2864 2867 2876 2885 2889 2889 2889 2892 2897 2904 2914 2922 2925 2926 2926 2926 2927 2927 2927 2927 2927 2927 2927 2927 2927 2927 2927 2927 2927 2927 2927 2927
2902 2902 2902 2903 2905 2905 2906 2907 2910 2910 2908 2904 2902 2904 2904 2902 2898 2899 2903 2904 2908 2909 2909 2909 2909 2910 2909 2909 2909 2909 2909 2909 2906 2902 2898 2895 2894 2894 2894 2892 2891 2895 2894 2889 2884 2882 2881 2883 2881 2871 2863 2872 2884 2889 2891 2890 2896 2900 2906 2913 2919 2924 2926 2926 2926 2926 2926 2927 2927 2927 2927 2927 2927 2927 2927 2927 2927 2927 2927 2927 2927 2927
2902 2900 2898 2899 2901 2902 2904 2907 2909 2910 2907 2907 2908 2909 2909 2909 2908 2908 2909 2909 2909 2909 2909 2909 2909 2909 2909 2909 2909 2909 2909 2909 2907 2905 2902 2902 2899 2897 2901 2902 2899 2899 2897 2893 2891 2892 2888 2884 2885 2880 2876 2882 2887 2893 2898 2898 2902 2909 2914 2919 2923 2925 2925 2926 2926 2926 2926 2926 2927 2927 2927 2927 2927 2927 2927 2927 2927 2927 2927 2927 2927 2927
2899 2899 2894 2894 2898 2900 2903 2906 2907 2907 2907 2908 2908 2907 2908 2909 2909 2909 2909 2909 2909 2909 2909 2909 2909 2909 2909 2909 2909 2909 2909 2909 2907 2905 2904 2901 2898 2902 2905 2902 2900 2901 2899 2899 2897 2894 2892 2892 2894 2892 2886 2886 2889 2899 2905 2905 2911 2916 2919 2921 2922 2925 2925 2925 2926 2926 2926 2926 2926 2926 2926 2926 2927 2927 2927 2927 2927 2927 2927 2927 2927 2927
2897 2897 2893 2894 2897 2899 2904 2906 2906 2907 2908 2907 2907 2908 2908 2909 2909 2909 2909 2909 2909 2909 2909 2909 2909 2909 2909 2909 2909 2909 2909 2909 2909 2908 2903 2903 2905 2908 2906 2903 2903 2903 2903 2901 2899 2899 2897 2897 2896 2894 2885 2890 2899 2900 2909 2911 2913 2919 2920 2917 2920 2924 2925 2925 2925 2922 2921 2919 2920 2923 2925 2925 2926 2926 2926 2926 2927 2927 2927 2927 2927 2926
2897 2898 2894 2894 2897 2900 2906 2907 2907 2907 2908 2908 2907 2908 2908 2908 2908 2908 2908 2909 2909 2908 2909 2909 2909 2909 2909 2909 2909 2909 2909 2909 2909 2906 2904 2907 2909 2909 2909 2909 2908 2907 2906 2904 2902 2900 2901 2901 2901 2900 2894 2895 2902 2908 2909 2914 2916 2919 2920 2922 2923 2924 2924 2923 2921 2917 2913 2908 2911 2917 2919 2923 2924 2925 2925 2926 2926 2926 2926 2926 2926 2924
2900 2899 2895 2894 2896 2900 2904 2906 2907 2906 2906 2906 2908 2908 2908 2908 2908 2908 2908 2908 2908 2908 2908 2908 2908 2908 2908 2908 2909 2909 2909 2909 2909 2908 2908 2909 2909 2909 2908 2908 2908 2907 2905 2905 2905 2905 2903 2901 2902 2903 2901 2900 2902 2908 2913 2916 2916 2917 2919 2920 2922 2920 2920 2920 2920 2915 2907 2904 2907 2909 2913 2915 2918 2921 2924 2925 2925 2926 2925 2922 2918 2917
2898 2900 2897 2894 2896 2899 2904 2906 2906 2907 2907 2906 2907 2907 2907 2907 2908 2908 2908 2908 2908 2908 2908 2908 2908 2908 2908 2908 2908 2908 2909 2909 2909 2909 2909 2909 2909 2909 2908 2907 2906 2904 2905 2908 2908 2907 2904 2902 2903 2904 2904 2904 2907 2911 2914 2916 2915 2917 2916 2912 2912 2913 2911 2913 2914 2905 2901 2903 2902 2905 2905 2906 2910 2917 2919 2922 2922 2921 2916 2915 2910 2913
2897 2899 2897 2897 2896 2897 2901 2905 2906 2906 2907 2907 2907 2907 2907 2907 2907 2907 2907 2907 2908 2908 2908 2908 2908 2908 2908 2908 2908 2908 2908 2908 2908 2908 2908 2909 2909 2909 2908 2906 2907 2908 2909 2909 2909 2907 2904 2903 2903 2902 2903 2903 2906 2910 2913 2914 2912 2909 2905 2903 2900 2899 2895 2900 2899 2896 2897 2900 2897 2898 2896 2899 2906 2909 2914 2918 2915 2911 2911 2909 2910 2913
2895 2897 2899 2899 2902 2903 2904 2905 2905 2906 2906 2907 2907 2907 2907 2907 2907 2907 2907 2907 2907 2907 2907 2907 2908 2908 2908 2908 2908 2908 2908 2908 2908 2908 2908 2908 2908 2908 2908 2908 2909 2909 2909 2909 2909 2908 2906 2902 2901 2896 2899 2901 2904 2908 2908 2906 2903 2900 2900 2900 2896 2892 2893 2897 2899 2899 2899 2898 2893 2894 2890 2893 2893 2902 2906 2909 2909 2911 2912 2914 2913 2915
2894 2894 2895 2896 2899 2900 2901 2904 2905 2906 2906 2906 2906 2907 2907 2907 2907 2907 2907 2907 2907 2907 2907 2907 2907 2907 2907 2907 2908 2907 2907 2908 2908 2908 2908 2908 2907 2905 2906 2908 2908 2909 2909 2909 2909 2907 2905 2902 2898 2894 2896 2899 2903 2905 2903 2902 2902 2902 2903 2900 2899 2899 2901 2901 2898 2896 2895 2892 2892 2893 2892 2890 2893 2897 2899 2900 2900 2903 2906 2908 2913 2917
2891 2889 2892 2892 2896 2899 2899 2903 2905 2906 2906 2906 2906 2906 2906 2907 2907 2907 2907 2907 2907 2907 2907 2907 2905 2904 2905 2905 2904 2905 2906 2907 2905 2904 2905 2902 2903 2905 2907 2907 2907 2908 2908 2908 2908 2905 2904 2903 2899 2896 2894 2896 2900 2903 2904 2904 2904 2904 2904 2904 2902 2900 2895 2890 2891 2889 2888 2890 2889 2899 2897 2897 2900 2903 2903 2904 2904 2907 2907 2908 2913 2915
2893 2893 2892 2894 2898 2899 2903 2904 2905 2905 2906 2906 2906 2906 2906 2906 2906 2906 2906 2906 2906 2906 2906 2902 2898 2898 2901 2902 2901 2902 2904 2905 2901 2899 2900 2899 2900 2901 2905 2905 2906 2907 2904 2907 2905 2904 2904 2902 2894 2890 2889 2891 2896 2901 2903 2904 2904 2904 2904 2899 2895 2893 2890 2891 2894 2891 2892 2890 2892 2902 2903 2902 2902 2903 2907 2907 2909 2911 2908 2912 2913 2918
2894 2897 2898 2896 2898 2902 2904 2905 2905 2905 2905 2905 2905 2905 2906 2906 2906 2906 2906 2906 2906 2904 2901 2892 2887 2892 2896 2893 2896 2900 2903 2903 2899 2898 2897 2896 2899 2897 2903 2903 2900 2905 2900 2902 2906 2901 2902 2899 2891 2885 2882 2886 2892 2897 2900 2901 2903 2903 2900 2898 2898 2894 2894 2897 2898 2894 2894 2893 2893 2900 2906 2907 2904 2903 2909 2909 2908 2912 2908 2911 2914 2916
2895 2899 2900 2900 2902 2904 2904 2904 2905 2905 2905 2905 2905 2905 2905 2904 2905 2905 2905 2904 2904 2901 2898 2888 2884 2890 2890 2889 2895 2898 2903 2901 2898 2899 2898 2896 2897 2896 2898 2901 2898 2900 2896 2902 2904 2900 2901 2900 2892 2884 2882 2883 2888 2893 2897 2899 2899 2899 2900 2900 2898 2896 2896 2900 2898 2895 2897 2900 2895 2900 2906 2910 2905 2905 2910 2912 2914 2915 2915 2910 2916 2917
2897 2900 2899 2899 2902 2903 2904 2904 2904 2905 2904 2905 2905 2905 2905 2905 2905 2905 2905 2905 2901 2900 2899 2895 2887 2884 2890 2893 2897 2900 2902 2902 2901 2900 2899 2897 2896 2893 2897 2898 2898 2892 2893 2901 2902 2900 2900 2902 2898 2889 2882 2884 2887 2891 2894 2896 2897 2899 2899 2898 2896 2896 2897 2900 2904 2902 2903 2901 2900 2903 2904 2908 2905 2907 2908 2905 2909 2914 2918 2914 2913 2918
2896 2896 2898 2899 2902 2903 2902 2903 2904 2904 2904 2904 2904 2905 2905 2904 2904 2904 2905 2904 2904 2901 2895 2889 2886 2891 2897 2900 2902 2902 2902 2901 2901 2900 2899 2898 2896 2888 2889 2895 2891 2886 2895 2901 2902 2900 2901 2901 2900 2895 2890 2889 2891 2894 2892 2895 2897 2896 2895 2894 2893 2893 2896 2900 2903 2904 2905 2902 2904 2906 2908 2911 2911 2910 2913 2909 2914 2916 2920 2919 2919 2922
2892 2895 2896 2899 2902 2903 2903 2903 2904 2904 2904 2904 2904 2904 2904 2904 2904 2904 2904 2904 2903 2903 2898 2896 2897 2900 2902 2902 2903 2902 2901 2900 2900 2899 2898 2895 2895 2889 2889 2891 2887 2885 2897 2900 2901 2900 2898 2900 2902 2900 2898 2897 2898 2898 2897 2896 2897 2893 2895 2896 2892 2894 2897 2895 2899 2899 2902 2904 2906 2907 2910 2912 2913 2914 2915 2915 2917 2917 2919 2921 2922 2923
2887 2891 2893 2895 2898 2901 2902 2902 2903 2903 2904 2904 2904 2904 2903 2903 2903 2904 2903 2903 2903 2902 2903 2902 2902 2903 2902 2902 2902 2901 2899 2898 2897 2895 2895 2892 2890 2888 2886 2884 2879 2882 2892 2899 2900 2900 2899 2899 2901 2902 2901 2901 2900 2900 2900 2897 2898 2897 2895 2897 2897 2901 2897 2892 2898 2898 2898 2901 2905 2906 2908 2910 2913 2917 2918 2919 2920 2921 2922 2922 2923 2923
2883 2887 2889 2890 2893 2897 2898 2899 2902 2903 2903 2903 2903 2903 2902 2902 2901 2902 2902 2902 2901 2901 2902 2902 2902 2900 2899 2901 2900 2898 2896 2892 2894 2894 2893 2891 2889 2882 2876 2875 2876 2884 2892 2894 2897 2897 2896 2896 2900 2901 2901 2899 2899 2901 2900 2898 2899 2900 2899 2901 2903 2901 2897 2896 2897 2895 2895 2898 2901 2902 2903 2904 2909 2914 2918 2920 2921 2921 2922 2922 2923 2923
2876 2880 2882 2886 2889 2893 2895 2896 2900 2902 2902 2902 2902 2901 2900 2900 2896 2898 2900 2900 2900 2899 2901 2901 2902 2898 2896 2896 2897 2896 2892 2889 2889 2892 2890 2887 2886 2880 2868 2865 2877 2881 2882 2889 2892 2896 2896 2896 2898 2895 2896 2897 2899 2900 2900 2898 2899 2901 2902 2902 2902 2900 2898 2897 2894 2893 2893 2894 2893 2893 2892 2896 2904 2912 2918 2920 2919 2918 2918 2917 2917 2919
2866 2871 2875 2881 2886 2889 2893 2895 2899 2900 2900 2901 2901 2900 2899 2899 2896 2893 2897 2899 2898 2898 2899 2900 2900 2896 2896 2894 2893 2892 2891 2888 2887 2887 2886 2882 2880 2875 2864 2860 2869 2876 2879 2883 2889 2895 2895 2895 2896 2894 2895 2895 2899 2900 2898 2898 2899 2899 2899 2901 2902 2901 2898 2895 2893 2890 2889 2888 2884 2879 2879 2889 2902 2911 2915 2915 2916 2916 2918 2917 2917 2919
2856 2866 2870 2877 2883 2887 2891 2894 2895 2895 2896 2898 2899 2898 2897 2896 2897 2897 2898 2897 2897 2897 2897 2899 2900 2900 2898 2896 2895 2891 2891 2890 2888 2884 2880 2877 2874 2867 2856 2863 2865 2867 2875 2879 2886 2891 2893 2896 2893 2894 2894 2895 2897 2899 2900 2899 2897 2897 2899 2901 2902 2901 2898 2894 2890 2885 2882 2883 2883 2876 2873 2885 2899 2908 2913 2916 2918 2918 2919 2918 2918 2916
2858 2864 2869 2875 2881 2883 2887 2889 2885 2887 2888 2894 2896 2893 2894 2893 2894 2896 2898 2897 2897 2896 2897 2898 2900 2901 2897 2893 2892 2890 2888 2887 2883 2882 2879 2874 2867 2862 2852 2857 2861 2867 2872 2877 2885 2888 2892 2895 2893 2896 2895 2896 2897 2900 2900 2899 2897 2896 2900 2902 2902 2897 2894 2890 2884 2879 2874 2878 2881 2882 2883 2891 2900 2909 2914 2917 2918 2919 2920 2920 2919 2918
2865 2867 2869 2874 2880 2881 2881 2879 2878 2880 2880 2887 2891 2891 2891 2889 2894 2897 2898 2898 2897 2898 2899 2899 2898 2899 2899 2895 2890 2886 2882 2881 2881 2879 2876 2874 2865 2861 2853 2854 2862 2869 2873 2878 2882 2886 2890 2895 2896 2893 2892 2893 2895 2900 2899 2899 2897 2898 2900 2901 2902 2898 2896 2891 2884 2876 2874 2874 2881 2887 2894 2901 2907 2912 2916 2918 2919 2919 2919 2919 2917 2916
2869 2871 2873 2875 2877 2879 2876 2872 2871 2872 2874 2880 2886 2889 2886 2885 2890 2894 2896 2896 2896 2896 2896 2895 2894 2896 2896 2893 2889 2884 2879 2876 2874 2877 2876 2875 2873 2868 2855 2845 2857 2871 2874 2877 2881 2883 2887 2893 2894 2891 2891 2893 2895 2896 2899 2899 2896 2898 2901 2902 2902 2900 2897 2894 2888 2884 2882 2882 2886 2892 2897 2903 2910 2915 2917 2918 2918 2919 2919 2917 2919 2919
2872 2873 2874 2875 2877 2877 2874 2869 2865 2864 2871 2877 2882 2885 2882 2880 2884 2889 2892 2894 2894 2893 2892 2890 2889 2891 2891 2888 2883 2882 2880 2877 2877 2878 2879 2879 2876 2872 2864 2862 2863 2871 2871 2877 2881 2885 2888 2891 2890 2890 2890 2892 2894 2894 2895 2900 2900 2898 2900 2903 2903 2902 2900 2897 2893 2889 2888 2888 2891 2897 2902 2906 2911 2916 2917 2918 2918 2918 2917 2918 2917 2918
2871 2872 2871 2870 2872 2874 2874 2872 2872 2871 2875 2878 2882 2883 2880 2875 2879 2884 2889 2890 2891 2890 2887 2882 2881 2887 2888 2888 2887 2886 2882 2877 2877 2879 2882 2880 2875 2877 2875 2876 2876 2874 2874 2876 2880 2884 2887 2886 2883 2887 2892 2894 2894 2894 2897 2899 2900 2899 2900 2904 2903 2903 2901 2898 2897 2896 2895 2896 2899 2903 2908 2910 2914 2917 2917 2918 2918 2918 2918 2918 2916 2916
