Capas/PRESENTE/Eje_30s/ASC/bio_14.asc
ncols         993
nrows         433
xllcorner     -105.25566776747
yllcorner     17.599810932142
cellsize      0.0083333333
NODATA_value  -9999
[rows 41 to 81 of 433, columns 0 to 93 of 993]
-9999 -9999 -9999 -9999 -9999 -9999 -9999 -9999 -9999 -9999 -9999 -9999 -9999 -9999 -9999 -9999 -9999 -9999 -9999 -9999 -9999 -9999 -9999 26 27 28 29 30 31 32 33 34 35 35 36 37 37 37 37 36 36 35 34 33 31 30 29 28 27 27 26 27 27 27 28 29 30 31 33 34 36 37 38 38 37 36 35 34 32 31 31 30 30 30 30 29 29 29 29 29 29 29 29 29 29 29 29 28 28 28 28 28 28 28
-9999 -9999 -9999 -9999 -9999 -9999 -9999 -9999 -9999 -9999 -9999 -9999 -9999 -9999 -9999 -9999 -9999 -9999 -9999 -9999 -9999 -9999 -9999 27 28 29 30 31 32 33 35 36 37 37 38 39 39 39 39 39 39 38 37 35 34 32 31 29 28 28 28 28 28 28 28 29 30 31 32 34 35 37 38 38 38 37 36 35 33 32 32 31 31 31 31 30 30 30 30 30 30 30 30 30 30 30 30 30 29 29 29 29 29 29
-9999 -9999 -9999 -9999 -9999 -9999 -9999 -9999 -9999 -9999 -9999 -9999 -9999 -9999 -9999 -9999 -9999 -9999 -9999 -9999 -9999 -9999 -9999 27 29 30 31 32 33 34 36 37 38 39 40 41 41 42 42 42 41 40 39 37 36 34 32 31 30 30 29 29 29 29 29 29 30 31 32 34 35 37 38 39 38 38 37 36 35 34 33 32 32 32 32 32 32 31 31 31 31 30 31 31 31 31 31 31 31 30 30 30 30 30
-9999 -9999 -9999 -9999 -9999 -9999 -9999 -9999 -9999 -9999 -9999 -9999 -9999 -9999 -9999 -9999 -9999 -9999 -9999 -9999 -9999 -9999 27 28 29 30 32 33 34 35 37 38 39 40 41 42 43 43 43 43 43 42 41 40 38 36 34 33 32 32 31 31 31 30 30 30 30 31 32 33 35 36 37 39 39 39 38 37 36 35 34 34 33 33 33 33 33 33 32 32 32 31 31 31 32 32 32 32 32 32 31 31 31 30
-9999 -9999 -9999 -9999 -9999 -9999 -9999 -9999 -9999 -9999 -9999 -9999 -9999 -9999 -9999 -9999 -9999 -9999 -9999 -9999 -9999 -9999 28 29 30 31 33 34 35 36 38 39 40 41 42 43 44 44 44 45 44 44 42 41 40 38 36 35 34 34 33 33 32 32 31 31 31 32 32 33 35 36 38 39 40 40 40 38 38 37 36 35 35 34 34 34 34 34 33 33 32 32 32 32 33 33 33 33 33 33 33 32 32 31
-9999 -9999 -9999 -9999 -9999 -9999 -9999 -9999 -9999 -9999 -9999 -9999 -9999 -9999 -9999 -9999 -9999 -9999 -9999 -9999 -9999 -9999 29 30 31 32 34 35 36 37 39 40 41 42 42 43 44 45 45 45 45 44 44 43 41 40 38 37 36 36 35 35 34 34 33 32 32 32 32 33 35 37 38 39 40 41 41 40 39 38 38 37 36 36 36 35 35 35 34 34 33 33 33 33 33 34 34 35 35 35 34 34 33 33
-9999 -9999 -9999 -9999 -9999 -9999 -9999 -9999 -9999 -9999 -9999 -9999 -9999 -9999 -9999 -9999 -9999 -9999 -9999 -9999 -9999 28 30 31 32 34 35 37 38 39 40 41 42 42 43 44 44 45 45 46 46 45 44 43 42 41 40 39 38 38 38 37 36 36 35 34 33 33 33 34 35 37 39 40 41 42 42 42 41 40 40 39 38 37 37 37 36 36 36 35 35 34 34 34 34 35 35 36 36 36 36 36 35 34
-9999 -9999 -9999 -9999 -9999 -9999 -9999 -9999 -9999 -9999 -9999 -9999 -9999 -9999 -9999 -9999 -9999 -9999 -9999 -9999 -9999 30 31 32 34 35 37 38 39 40 41 42 43 43 44 44 45 45 46 46 46 45 45 44 43 42 42 41 40 40 40 39 38 37 36 36 35 34 34 35 36 37 39 41 42 43 44 43 43 42 42 41 40 39 39 38 38 38 37 36 36 35 35 35 35 36 36 37 37 38 38 37 37 36
-9999 -9999 -9999 -9999 -9999 -9999 -9999 -9999 -9999 -9999 -9999 -9999 -9999 -9999 -9999 -9999 -9999 -9999 -9999 -9999 -9999 31 32 34 35 37 38 40 41 42 43 43 44 44 45 45 46 46 46 46 46 46 45 45 44 44 43 43 42 42 41 41 40 39 38 37 36 36 36 36 37 38 40 42 43 44 45 45 45 44 43 42 41 41 40 40 40 39 39 38 37 36 36 36 36 37 37 38 39 39 39 39 39 38
-9999 -9999 -9999 -9999 -9999 -9999 -9999 -9999 -9999 -9999 -9999 -9999 -9999 -9999 -9999 -9999 -9999 -9999 -9999 -9999 30 32 34 35 37 38 40 41 42 43 44 45 45 46 46 46 47 47 47 47 47 46 46 46 45 45 44 44 44 44 43 43 42 41 40 39 38 37 37 37 38 39 41 43 44 45 46 46 46 45 44 43 43 42 42 42 42 42 41 40 39 38 37 37 37 37 38 39 39 40 41 41 41 40
-9999 -9999 -9999 -9999 -9999 -9999 -9999 -9999 -9999 -9999 -9999 -9999 -9999 -9999 -9999 -9999 -9999 -9999 -9999 -9999 31 33 35 36 38 40 41 43 44 45 46 47 47 47 47 48 48 48 48 48 48 47 47 47 46 46 45 45 45 45 45 44 44 43 42 41 40 39 39 39 40 41 42 43 45 46 47 47 47 46 45 44 43 44 43 43 44 44 43 42 41 40 39 38 38 38 39 39 40 41 42 42 43 42
-9999 -9999 -9999 -9999 -9999 -9999 -9999 -9999 -9999 -9999 -9999 -9999 -9999 -9999 -9999 -9999 -9999 -9999 -9999 -9999 32 34 36 38 39 41 43 44 46 47 47 48 49 49 49 49 49 49 49 49 49 49 48 48 47 47 47 47 47 46 46 46 45 44 44 42 42 41 40 40 40 41 43 44 46 47 47 47 46 46 45 44 45 45 45 45 46 46 46 45 43 41 40 39 39 39 39 40 41 42 43 44 44 44
-9999 -9999 -9999 -9999 -9999 -9999 -9999 -9999 -9999 -9999 -9999 -9999 -9999 -9999 -9999 -9999 -9999 -9999 -9999 32 33 35 37 39 41 43 45 46 47 48 49 50 50 50 50 50 51 51 51 51 51 50 50 49 49 48 48 48 48 48 47 47 46 46 45 44 44 43 42 42 42 42 43 45 46 47 47 47 46 45 45 45 46 46 47 48 48 49 49 47 45 44 42 41 40 40 40 40 41 42 43 44 45 46
-9999 -9999 -9999 -9999 -9999 -9999 -9999 -9999 -9999 -9999 -9999 -9999 -9999 -9999 -9999 -9999 -9999 -9999 -9999 33 35 36 38 40 42 44 46 47 48 49 50 51 51 52 52 52 52 52 52 52 52 52 51 51 51 50 50 49 49 49 48 48 47 47 46 46 45 44 44 43 43 43 44 45 46 47 46 46 45 45 45 45 46 48 49 50 51 52 51 50 48 46 44 42 41 40 40 40 41 42 44 45 46 47
-9999 -9999 -9999 -9999 -9999 -9999 -9999 -9999 -9999 -9999 -9999 -9999 -9999 -9999 -9999 -9999 -9999 -9999 -9999 34 36 38 39 41 43 45 47 48 49 50 51 52 52 53 53 53 53 54 53 53 53 53 53 52 52 51 51 50 50 49 49 49 48 48 47 47 46 45 45 44 44 44 45 45 46 46 46 46 45 45 46 46 47 49 51 52 53 54 54 53 51 49 46 44 42 41 41 41 41 42 43 45 46 48
-9999 -9999 -9999 -9999 -9999 -9999 -9999 -9999 -9999 -9999 -9999 -9999 -9999 -9999 -9999 -9999 -9999 -9999 33 35 37 39 40 42 44 46 47 49 50 51 52 52 53 53 54 54 54 54 54 54 54 54 54 53 53 52 52 52 51 50 49 49 48 48 48 48 47 47 46 45 45 45 45 45 46 46 46 46 46 46 47 47 48 50 52 54 55 57 56 55 54 51 49 46 44 43 41 41 42 43 44 45 47 49
-9999 -9999 -9999 -9999 -9999 -9999 -9999 -9999 -9999 -9999 -9999 -9999 -9999 -9999 -9999 -9999 -9999 -9999 34 36 38 39 41 42 44 46 47 49 50 51 52 53 53 54 54 54 54 54 54 54 55 54 54 54 54 53 53 52 51 51 50 49 48 48 49 49 48 48 47 47 46 46 46 46 47 47 47 46 46 46 47 48 49 51 53 54 56 58 58 58 56 54 52 49 46 44 43 42 42 43 44 46 48 50
-9999 -9999 -9999 -9999 -9999 -9999 -9999 -9999 -9999 -9999 -9999 -9999 -9999 -9999 -9999 -9999 -9999 -9999 35 37 38 39 41 42 44 45 47 48 49 50 51 52 53 53 53 54 54 54 54 54 54 54 54 54 54 54 53 52 52 51 50 49 49 49 49 49 49 49 49 48 47 47 47 47 48 48 48 48 47 47 48 49 50 52 54 56 57 58 59 59 58 57 54 51 48 46 44 43 43 44 45 47 48 50
-9999 -9999 -9999 -9999 -9999 -9999 -9999 -9999 -9999 -9999 -9999 -9999 -9999 -9999 -9999 -9999 -9999 -9999 36 37 38 39 40 41 43 44 45 47 48 49 50 51 52 52 52 53 53 53 53 53 54 54 54 54 54 54 53 52 52 51 51 50 49 49 50 50 50 50 50 49 48 48 48 48 49 49 49 49 49 49 49 50 52 53 55 57 58 59 60 61 61 59 56 54 51 48 46 45 44 45 46 47 49 51
-9999 -9999 -9999 -9999 -9999 -9999 -9999 -9999 -9999 -9999 -9999 -9999 -9999 -9999 -9999 -9999 -9999 -9999 36 37 38 39 40 41 42 43 44 45 47 48 49 50 50 51 51 51 51 51 51 52 52 53 53 53 53 53 53 52 51 51 50 50 49 50 50 51 51 51 51 50 50 49 49 50 51 51 51 51 51 51 51 52 53 54 56 57 59 60 61 63 62 61 59 56 53 50 48 46 45 46 46 47 49 51
-9999 -9999 -9999 -9999 -9999 -9999 -9999 -9999 -9999 -9999 -9999 -9999 -9999 -9999 -9999 -9999 -9999 36 37 37 38 38 39 39 40 41 42 44 45 46 47 48 48 48 49 49 49 49 50 50 51 52 52 52 53 53 52 52 51 51 50 49 49 50 51 51 51 52 52 51 51 51 51 51 52 53 53 53 53 53 53 53 54 56 57 59 60 61 63 64 64 63 61 58 55 53 50 48 46 46 46 47 48 50
-9999 -9999 -9999 -9999 -9999 -9999 -9999 -9999 -9999 -9999 -9999 -9999 -9999 -9999 -9999 -9999 -9999 38 38 38 38 38 38 39 39 40 41 42 43 44 45 46 46 46 46 46 46 47 48 49 49 50 51 51 52 52 52 52 51 51 50 49 50 50 51 52 52 53 53 52 52 52 52 53 54 54 55 55 55 55 55 55 56 57 58 59 61 63 64 65 65 64 62 60 57 55 52 49 47 46 46 46 47 49
-9999 -9999 -9999 -9999 -9999 -9999 -9999 -9999 -9999 -9999 -9999 -9999 -9999 -9999 -9999 -9999 -9999 40 40 40 39 39 39 39 39 39 40 40 41 42 43 43 44 44 44 44 44 45 45 46 48 49 49 50 51 51 51 51 51 50 49 49 50 50 51 52 53 54 54 54 54 53 53 54 55 56 56 57 57 57 57 58 58 59 60 60 62 64 65 66 66 65 64 61 59 56 54 51 48 46 46 46 47 48
-9999 -9999 -9999 -9999 -9999 -9999 -9999 -9999 -9999 -9999 -9999 -9999 -9999 -9999 -9999 -9999 -9999 42 42 42 41 41 40 40 39 39 40 40 41 41 42 42 42 42 42 42 42 43 44 45 46 47 48 49 49 50 50 50 50 49 49 49 49 50 51 53 54 54 55 55 54 55 55 55 56 57 58 59 59 59 59 59 60 60 61 62 63 65 66 67 67 67 65 63 60 58 55 52 49 47 46 46 46 47
-9999 -9999 -9999 -9999 -9999 -9999 -9999 -9999 -9999 -9999 -9999 -9999 -9999 -9999 -9999 -9999 -9999 45 45 44 44 43 42 41 41 41 41 41 41 41 41 41 41 41 41 41 41 41 42 43 44 45 46 47 47 48 48 48 49 48 49 49 49 50 51 52 53 54 55 56 56 56 56 56 57 58 58 60 60 61 61 61 61 61 62 63 65 66 67 68 68 68 66 64 62 59 56 53 50 48 46 45 45 46
-9999 -9999 -9999 -9999 -9999 -9999 -9999 -9999 -9999 -9999 -9999 -9999 -9999 -9999 -9999 -9999 -9999 47 47 47 46 46 44 43 43 43 42 42 42 42 43 43 42 42 41 41 41 40 41 41 42 43 44 44 45 46 46 47 47 48 48 49 49 49 51 52 53 55 55 56 56 56 57 57 57 58 59 61 62 63 63 62 62 62 63 65 66 67 68 68 69 68 67 65 63 60 57 54 51 48 47 45 45 45
-9999 -9999 -9999 -9999 -9999 -9999 -9999 -9999 -9999 -9999 -9999 -9999 -9999 -9999 -9999 -9999 -9999 49 49 49 49 48 47 46 45 45 45 45 45 45 45 45 44 44 43 42 41 40 40 40 40 41 41 42 43 43 44 45 46 46 47 48 48 49 51 52 53 55 56 56 57 57 58 58 58 59 60 62 63 63 63 63 63 64 65 66 67 68 68 69 69 69 68 66 63 61 58 55 52 49 47 46 45 45
-9999 -9999 -9999 -9999 -9999 -9999 -9999 -9999 -9999 -9999 -9999 -9999 -9999 -9999 -9999 -9999 -9999 50 50 51 51 50 49 48 47 47 47 47 47 47 47 47 46 46 44 43 42 41 40 39 39 39 40 40 41 41 42 43 44 45 46 47 48 49 50 52 53 54 55 56 57 57 58 58 59 60 61 62 63 63 64 65 65 66 67 67 68 68 69 69 70 69 68 66 64 61 59 56 53 50 48 47 46 45
-9999 -9999 -9999 -9999 -9999 -9999 -9999 -9999 -9999 -9999 -9999 -9999 -9999 -9999 -9999 -9999 -9999 50 50 51 51 50 50 49 48 48 48 48 48 48 48 48 48 47 46 44 43 41 40 39 38 38 38 38 39 39 40 41 42 43 45 46 47 48 50 51 52 54 55 56 57 57 58 59 60 60 61 62 63 64 65 66 67 67 68 68 68 68 69 69 70 70 69 67 65 62 59 57 54 51 49 47 46 45
-9999 -9999 -9999 -9999 -9999 -9999 -9999 -9999 -9999 -9999 -9999 -9999 -9999 -9999 -9999 -9999 -9999 49 49 50 50 50 49 49 49 48 48 48 48 49 49 49 49 49 47 46 44 42 40 39 38 37 37 36 37 37 38 39 40 42 43 44 46 48 49 50 52 53 54 55 56 57 58 59 60 61 62 62 64 65 66 67 68 68 69 69 69 69 69 70 70 70 69 67 65 63 60 57 55 52 50 48 47 46
-9999 -9999 -9999 -9999 -9999 -9999 -9999 -9999 -9999 -9999 -9999 -9999 -9999 -9999 -9999 -9999 -9999 48 48 49 49 49 48 48 48 47 47 47 48 48 49 49 49 49 48 47 45 43 41 39 38 36 36 35 36 36 37 38 39 40 42 43 45 47 48 49 51 52 54 55 56 58 59 59 59 61 62 63 64 66 67 68 69 69 69 69 69 69 69 70 70 70 69 68 66 63 60 58 55 53 50 49 48 47
-9999 -9999 -9999 -9999 -9999 -9999 -9999 -9999 -9999 -9999 -9999 -9999 -9999 -9999 -9999 -9999 -9999 47 47 47 47 47 46 46 46 46 45 46 46 47 48 48 49 49 48 47 46 44 42 39 38 36 35 35 34 34 35 36 37 39 40 41 43 45 47 48 50 51 53 54 56 58 59 59 60 61 62 63 65 66 67 68 68 69 69 70 69 69 69 70 70 70 69 68 66 63 61 58 56 53 51 49 48 48
-9999 -9999 -9999 -9999 -9999 -9999 -9999 -9999 -9999 -9999 -9999 -9999 -9999 -9999 -9999 -9999 -9999 46 46 46 45 45 44 44 43 43 43 44 44 45 46 47 47 48 48 47 46 44 42 40 38 36 35 34 33 34 34 35 36 38 39 40 42 44 46 47 48 50 51 54 55 57 58 59 60 61 62 64 65 66 67 68 69 70 70 70 70 70 70 70 70 70 69 68 66 64 61 59 56 54 52 50 49 49
-9999 -9999 -9999 -9999 -9999 -9999 -9999 -9999 -9999 -9999 -9999 -9999 -9999 -9999 -9999 -9999 -9999 46 46 45 44 44 43 42 41 41 41 41 42 43 44 45 46 46 47 47 46 44 43 40 38 36 34 33 33 33 33 34 35 37 38 39 41 43 44 45 47 48 50 52 55 56 57 58 59 61 63 64 65 66 68 69 69 70 70 69 70 70 70 70 70 70 69 68 66 64 62 59 56 54 53 51 50 49
-9999 -9999 -9999 -9999 -9999 -9999 -9999 -9999 -9999 -9999 -9999 -9999 -9999 -9999 -9999 -9999 -9999 -9999 46 45 45 43 42 41 40 40 39 40 40 41 42 43 44 45 46 46 46 44 43 41 38 36 34 33 33 33 33 33 34 36 37 38 40 41 42 44 45 47 49 51 53 55 56 57 59 61 63 64 65 67 68 69 69 70 70 70 70 70 71 71 71 70 70 69 67 64 62 59 57 55 54 52 51 50
-9999 -9999 -9999 -9999 -9999 -9999 -9999 -9999 -9999 -9999 -9999 -9999 -9999 -9999 -9999 -9999 -9999 -9999 46 46 45 44 42 41 40 39 38 38 39 40 41 42 43 44 44 45 45 44 43 41 38 36 35 33 33 32 33 33 34 35 36 38 39 40 41 43 44 46 48 50 52 54 56 57 59 61 63 64 65 67 68 69 69 70 70 70 70 70 71 71 71 70 70 69 67 65 62 60 57 56 54 53 52 51
-9999 -9999 -9999 -9999 -9999 -9999 -9999 -9999 -9999 -9999 -9999 -9999 -9999 -9999 -9999 -9999 -9999 -9999 46 46 45 44 43 41 40 38 38 38 38 38 39 40 42 42 43 44 44 44 43 41 39 36 35 34 33 33 33 33 34 35 36 37 38 40 41 42 44 45 47 49 51 53 55 56 58 60 62 64 65 66 67 68 69 70 70 70 71 71 71 72 71 71 70 69 67 65 63 60 58 56 55 53 52 52
-9999 -9999 -9999 -9999 -9999 -9999 -9999 -9999 -9999 -9999 -9999 -9999 -9999 -9999 -9999 -9999 -9999 -9999 46 46 45 45 43 41 40 38 38 37 37 38 38 39 41 42 42 43 44 44 43 41 39 37 35 34 33 33 33 34 34 35 36 37 38 39 40 42 43 44 45 47 49 51 53 55 58 59 62 64 65 66 67 68 68 69 70 71 71 71 72 72 72 71 71 69 68 65 63 61 58 56 55 54 53 52
-9999 -9999 -9999 -9999 -9999 -9999 -9999 -9999 -9999 -9999 -9999 -9999 -9999 -9999 -9999 -9999 -9999 -9999 -9999 46 46 45 44 42 41 39 38 37 37 37 38 39 40 41 41 42 43 43 43 41 40 38 36 35 34 33 33 34 35 35 37 38 39 40 41 41 42 43 45 46 48 50 52 54 57 59 61 63 64 66 67 67 68 69 70 71 72 72 72 72 72 72 72 70 68 66 63 61 58 57 55 54 53 52
-9999 -9999 -9999 -9999 -9999 -9999 -9999 -9999 -9999 -9999 -9999 -9999 -9999 -9999 -9999 -9999 -9999 -9999 -9999 45 45 45 44 43 42 40 39 38 37 37 37 38 39 40 41 42 42 43 43 42 40 38 37 35 34 34 34 34 35 36 37 39 40 41 42 42 43 43 44 45 47 49 51 53 56 58 60 62 63 65 66 67 68 69 70 70 72 72 72 73 72 72 72 71 69 67 64 61 58 57 55 53 52 51
-9999 -9999 -9999 -9999 -9999 -9999 -9999 -9999 -9999 -9999 -9999 -9999 -9999 -9999 -9999 -9999 -9999 -9999 -9999 45 45 45 45 44 43 42 40 38 37 37 37 37 38 39 40 41 42 43 42 41 40 38 37 36 35 34 34 35 36 37 38 40 41 42 43 43 44 44 44 45 47 48 50 52 54 57 59 61 62 64 65 66 67 68 70 70 72 72 73 73 73 73 73 72 70 67 64 61 59 56 55 53 52 50
