Capas/PRESENTE/Eje_30s/ASC/bio_19.asc
ncols         993
nrows         433
xllcorner     -105.25566776747
yllcorner     17.599810932142
cellsize      0.0083333333
NODATA_value  -9999
[rows 78 to 116 of 433, columns 0 to 87 of 993]
-9999 -9999 -9999 -9999 -9999 -9999 -9999 -9999 -9999 -9999 -9999 -9999 -9999 -9999 -9999 -9999 -9999 -9999 951 945 931 908 877 841 807 777 756 741 732 730 733 740 754 770 786 805 826 837 833 806 772 730 692 661 639 619 606 602 596 600 603 608 613 618 621 625 627 629 635 646 654 661 666 676 695 702 725 743 748 752 759 761 756 755 755 752 750 741 739 741 734 729 726 714 701 677 654 630
-9999 -9999 -9999 -9999 -9999 -9999 -9999 -9999 -9999 -9999 -9999 -9999 -9999 -9999 -9999 -9999 -9999 -9999 -9999 944 935 918 893 863 825 792 766 746 732 724 724 729 740 753 768 782 805 825 827 808 784 749 711 676 653 630 617 612 605 605 610 615 621 624 624 622 621 621 624 629 635 649 656 664 683 695 718 733 739 743 749 743 743 743 742 745 749 744 738 737 733 732 733 723 707 684 658 631
-9999 -9999 -9999 -9999 -9999 -9999 -9999 -9999 -9999 -9999 -9999 -9999 -9999 -9999 -9999 -9999 -9999 -9999 -9999 940 934 925 907 884 853 815 784 759 738 725 720 721 725 737 752 770 793 812 822 814 790 757 731 693 667 643 624 619 617 615 621 630 637 639 637 632 626 621 620 621 627 640 649 660 675 691 706 716 723 730 735 734 734 735 733 733 741 742 736 736 734 733 738 732 714 689 661 628
-9999 -9999 -9999 -9999 -9999 -9999 -9999 -9999 -9999 -9999 -9999 -9999 -9999 -9999 -9999 -9999 -9999 -9999 -9999 936 935 930 922 905 879 847 810 779 753 732 718 713 716 724 736 755 782 806 818 809 791 766 739 708 674 655 636 625 625 630 638 646 654 661 662 652 641 633 626 621 621 628 637 648 658 676 691 700 707 717 724 723 722 725 729 731 737 737 738 736 735 736 741 733 717 691 662 630
-9999 -9999 -9999 -9999 -9999 -9999 -9999 -9999 -9999 -9999 -9999 -9999 -9999 -9999 -9999 -9999 -9999 -9999 -9999 933 933 933 930 922 903 875 842 801 766 739 720 710 706 712 724 742 769 794 813 811 800 779 753 715 684 661 641 627 628 636 648 655 663 677 685 679 665 649 636 625 623 620 626 637 652 662 680 695 705 715 718 720 719 728 736 736 736 733 737 735 740 742 741 732 716 694 666 633
-9999 -9999 -9999 -9999 -9999 -9999 -9999 -9999 -9999 -9999 -9999 -9999 -9999 -9999 -9999 -9999 -9999 -9999 -9999 -9999 928 931 935 934 922 900 868 827 785 749 727 709 702 706 717 734 760 790 814 821 813 791 761 725 691 665 649 636 628 633 650 663 672 690 700 702 689 672 656 641 631 623 625 634 646 660 678 690 703 716 726 725 729 736 734 728 729 730 729 732 739 744 740 730 716 697 667 633
-9999 -9999 -9999 -9999 -9999 -9999 -9999 -9999 -9999 -9999 -9999 -9999 -9999 -9999 -9999 -9999 -9999 -9999 -9999 -9999 919 921 930 936 931 916 891 851 805 765 737 715 703 704 713 730 756 787 812 822 814 796 767 734 699 669 648 639 635 633 642 663 682 700 709 718 711 693 678 662 645 637 634 639 651 667 684 688 701 715 730 735 736 734 727 719 718 721 722 727 740 747 742 731 717 699 669 635
-9999 -9999 -9999 -9999 -9999 -9999 -9999 -9999 -9999 -9999 -9999 -9999 -9999 -9999 -9999 -9999 1021 976 939 916 906 908 917 928 932 924 907 870 826 785 752 727 711 707 716 733 759 790 814 823 818 797 772 744 705 675 649 637 636 636 642 659 688 706 722 729 725 714 694 678 664 657 651 655 665 682 694 698 706 722 733 740 736 732 721 715 715 721 724 731 743 750 752 738 722 703 672 641
-9999 -9999 -9999 -9999 -9999 -9999 -9999 -9999 -9999 -9999 -9999 -9999 -9999 1207 1158 1090 1034 985 940 909 892 891 900 912 922 923 914 885 845 806 772 740 720 714 722 738 762 795 823 834 825 809 783 751 713 680 654 637 632 637 645 655 683 710 727 735 736 726 711 687 668 663 660 666 672 685 697 705 713 727 736 738 737 729 719 721 723 730 733 737 744 753 756 749 730 705 677 646
-9999 -9999 -9999 -9999 -9999 -9999 -9999 -9999 -9999 -9999 -9999 -9999 1252 1216 1169 1102 1037 984 935 898 876 871 878 892 906 915 911 894 862 826 794 761 739 728 732 747 780 809 834 842 838 816 786 753 718 687 657 638 628 631 642 659 670 701 727 737 736 733 719 700 687 673 665 665 675 680 696 708 717 730 734 737 731 726 722 720 726 736 741 748 749 754 754 749 730 705 676 648
-9999 -9999 -9999 -9999 -9999 -9999 -9999 -9999 -9999 -9999 -9999 1250 1240 1207 1159 1097 1036 980 928 885 859 851 855 868 884 897 902 895 874 844 814 781 760 750 749 765 797 827 848 855 842 820 791 763 731 697 664 640 627 625 637 651 666 687 715 733 736 732 722 706 692 678 668 670 674 670 688 707 722 732 738 739 735 738 727 727 732 744 750 753 754 753 752 748 729 705 678 651
-9999 -9999 -9999 -9999 -9999 -9999 -9999 -9999 -9999 -9999 -9999 1215 1199 1177 1142 1083 1027 976 923 878 849 835 835 845 861 878 889 889 880 859 832 799 778 773 773 789 816 842 862 863 847 830 802 775 739 706 673 644 628 622 631 644 657 672 704 728 732 730 722 713 700 684 672 670 669 675 686 707 725 731 736 735 738 735 731 737 741 743 743 745 749 749 748 746 728 706 680 654
-9999 -9999 -9999 -9999 -9999 -9999 -9999 -9999 -9999 -9999 -9999 1168 1157 1141 1110 1063 1013 965 921 877 844 826 819 826 839 856 872 880 880 868 847 819 798 790 795 811 837 854 871 867 852 835 811 780 748 715 679 649 632 622 628 637 649 665 696 717 727 728 719 709 700 686 674 669 674 678 685 697 714 719 717 723 723 726 729 724 726 726 734 740 740 742 743 741 730 713 685 656
-9999 -9999 -9999 -9999 -9999 -9999 -9999 -9999 -9999 -9999 -9999 1109 1107 1089 1067 1037 1000 956 914 878 846 824 813 813 822 837 853 867 875 872 857 834 817 806 814 830 849 861 875 872 853 836 815 788 760 722 687 656 637 625 626 634 647 658 674 701 716 727 715 706 696 686 678 672 669 671 684 682 693 701 701 703 706 708 710 706 704 710 720 726 733 738 746 745 734 713 688 658
-9999 -9999 -9999 -9999 -9999 -9999 -9999 -9999 -9999 -9999 1046 1043 1042 1035 1022 1004 982 951 915 880 852 830 814 807 811 823 838 854 867 871 862 846 829 822 830 844 858 874 880 877 856 839 820 800 764 729 696 665 641 627 624 626 635 645 665 695 712 719 710 702 694 684 672 666 666 667 675 674 679 680 680 682 685 685 683 685 690 698 706 715 725 731 742 741 729 711 686 656
-9999 -9999 -9999 -9999 -9999 -9999 -9999 -9999 -9999 -9999 991 984 985 984 981 976 966 947 923 894 867 845 826 812 810 814 826 843 859 869 865 855 844 838 841 852 869 880 881 878 864 850 831 809 773 739 707 676 649 630 624 625 628 632 656 683 696 708 707 698 690 681 672 667 664 661 658 657 655 656 658 661 670 676 679 679 693 702 704 714 724 729 732 732 723 704 682 653
-9999 -9999 -9999 -9999 -9999 -9999 -9999 -9999 -9999 -9999 947 939 939 942 946 945 946 944 930 913 893 872 847 827 816 813 821 836 854 867 866 859 852 849 849 862 874 880 879 875 864 859 837 814 782 751 719 687 658 633 622 620 619 631 649 662 681 696 703 697 689 683 679 670 659 650 643 640 638 637 640 646 656 668 680 690 700 704 706 721 720 728 732 730 721 699 674 647
-9999 -9999 -9999 -9999 -9999 -9999 -9999 -9999 -9999 -9999 -9999 902 904 907 912 919 933 937 932 927 914 896 870 844 826 818 820 832 851 866 869 862 859 856 856 867 874 878 878 878 868 862 849 819 789 764 724 693 667 639 621 618 615 629 641 648 662 681 687 694 692 689 671 665 655 648 635 628 623 626 628 633 644 660 675 690 703 706 718 728 724 728 731 725 714 693 667 640
-9999 -9999 -9999 -9999 -9999 -9999 -9999 -9999 -9999 -9999 871 867 864 871 884 899 915 926 931 936 929 912 887 861 839 824 823 833 852 868 874 871 864 862 863 867 871 878 887 888 879 867 852 827 802 768 733 703 673 643 621 612 612 619 626 640 649 661 682 694 693 691 672 654 644 645 634 621 612 611 611 619 632 651 670 687 702 711 726 730 734 731 729 721 705 684 657 628
-9999 -9999 -9999 -9999 -9999 -9999 -9999 -9999 -9999 -9999 846 838 837 841 853 874 900 912 929 936 933 922 897 872 848 832 827 837 853 868 878 877 874 870 864 866 875 885 890 888 883 874 856 834 806 777 750 716 680 645 623 609 602 608 620 635 644 655 679 695 700 699 686 673 658 649 631 617 610 606 602 610 625 637 663 687 705 721 731 736 734 727 724 715 696 672 643 616
-9999 -9999 -9999 -9999 -9999 -9999 -9999 -9999 -9999 850 837 829 824 829 839 859 883 902 918 925 927 917 898 874 852 836 831 839 855 871 879 880 879 875 869 869 881 891 897 895 887 876 859 839 809 782 758 723 689 657 628 609 599 601 606 618 638 649 671 690 701 706 704 692 676 655 631 614 605 603 606 613 623 638 655 683 703 722 733 732 726 715 714 702 683 657 628 601
-9999 -9999 -9999 -9999 -9999 -9999 -9999 -9999 856 842 831 823 819 823 829 846 866 881 901 909 909 903 889 867 847 833 829 838 854 869 878 879 877 877 875 879 881 891 897 898 886 875 862 841 815 791 766 734 700 665 636 611 597 597 601 609 621 642 659 681 697 710 713 704 685 660 637 617 604 600 603 615 627 634 654 677 697 716 732 731 723 710 698 688 666 640 611 587
-9999 -9999 -9999 -9999 -9999 -9999 -9999 877 859 843 833 829 823 823 830 847 856 863 877 888 886 878 866 851 837 826 824 832 848 863 871 872 873 876 880 883 888 891 897 892 884 877 864 844 824 802 778 743 709 673 640 613 598 593 598 610 621 638 652 664 686 710 720 714 693 672 644 621 607 601 604 613 627 637 653 676 696 718 731 730 721 705 692 674 648 624 597 577
-9999 -9999 -9999 -9999 -9999 -9999 893 879 865 853 842 836 836 836 836 840 843 847 858 864 858 847 837 830 822 814 815 825 840 853 860 861 860 864 869 875 880 883 885 881 876 867 858 847 834 814 787 752 714 678 644 617 600 593 598 608 618 634 650 670 694 712 726 721 704 680 651 628 612 605 605 610 620 634 653 676 700 722 728 732 721 707 687 662 636 610 585 568
-9999 -9999 -9999 -9999 930 916 896 882 875 865 858 850 850 854 855 842 834 834 839 841 834 822 812 808 801 799 802 813 829 841 845 845 842 844 849 852 856 857 859 860 856 852 848 843 833 818 793 760 721 684 651 622 604 594 599 609 622 641 657 674 705 723 735 732 713 687 661 636 618 609 611 614 625 641 654 674 698 717 730 731 720 699 677 651 623 597 575 559
-9999 -9999 -9999 924 922 912 897 886 884 877 876 871 874 876 866 849 834 834 830 819 809 796 790 787 785 786 792 802 816 827 829 827 821 821 824 823 822 823 826 830 834 840 841 842 837 825 800 769 732 695 659 630 610 601 599 607 619 632 650 671 700 728 744 737 718 697 672 647 626 617 617 625 637 654 667 677 702 722 732 730 718 693 665 637 611 587 568 553
-9999 -9999 902 908 909 905 894 890 890 891 895 892 894 888 868 851 832 827 813 795 784 776 772 769 768 772 778 789 801 811 810 805 797 793 794 792 789 787 790 798 807 824 839 846 843 830 814 779 744 709 675 643 620 606 607 609 614 627 640 662 692 722 743 742 727 711 684 659 638 627 620 626 642 658 672 691 708 728 736 729 709 686 659 632 607 584 565 550
-9999 870 876 884 891 892 888 889 893 888 889 896 887 879 866 846 822 806 790 777 769 762 757 757 759 763 769 779 788 794 792 782 773 768 766 764 763 762 762 769 786 809 829 846 850 839 818 790 763 724 695 660 632 616 612 614 615 620 644 674 703 731 750 748 739 719 692 673 648 639 633 634 638 656 681 694 710 731 734 728 712 686 659 634 609 586 565 547
-9999 845 851 863 871 882 882 878 877 874 880 883 869 857 857 835 -9999 -9999 777 764 756 751 747 745 749 753 761 768 776 777 773 763 751 744 738 737 736 736 742 753 775 799 821 837 845 842 826 805 776 740 713 681 649 629 619 621 619 622 637 669 700 729 751 756 745 728 705 685 663 649 636 638 642 657 680 701 713 729 733 725 705 681 659 634 607 586 564 545
804 820 830 844 859 865 863 857 858 855 865 864 851 839 833 -9999 -9999 -9999 763 754 745 735 731 733 737 743 750 756 762 761 753 741 730 720 717 715 714 717 723 737 758 779 803 819 832 839 830 808 785 755 732 704 670 646 633 629 631 633 641 662 697 728 753 759 749 734 719 697 676 655 640 635 645 663 684 699 713 718 725 719 704 685 662 636 612 585 563 545
783 800 816 829 835 838 844 841 837 835 841 842 835 818 808 -9999 -9999 -9999 748 742 734 724 722 725 730 736 740 745 747 744 735 721 708 702 700 697 697 699 706 722 744 763 783 804 818 824 822 810 790 776 756 727 696 669 650 641 643 644 648 669 696 728 752 760 757 744 732 708 689 670 655 644 655 669 683 696 708 719 718 712 701 681 658 634 611 585 565 547
770 784 797 807 811 813 823 822 820 816 815 814 811 795 -9999 -9999 -9999 -9999 -9999 734 722 715 715 721 725 731 731 730 732 724 714 702 693 687 687 685 685 689 697 713 732 750 765 780 793 804 808 806 802 793 778 751 724 697 672 658 654 655 657 673 699 725 747 758 759 756 743 719 701 683 666 655 666 671 686 694 711 719 717 704 688 669 651 633 610 587 569 551
767 778 784 787 790 793 805 801 799 799 794 792 783 -9999 -9999 -9999 -9999 -9999 -9999 719 713 708 711 715 717 718 717 716 -9999 -9999 -9999 -9999 -9999 675 676 677 679 682 690 702 719 732 743 754 766 778 785 795 802 802 790 768 745 717 698 677 666 671 676 685 699 722 747 756 762 765 753 730 710 690 674 669 673 680 690 696 709 712 705 700 682 662 650 629 610 591 575 558
-9999 763 770 772 776 780 785 781 779 779 777 774 766 -9999 -9999 -9999 -9999 -9999 -9999 705 702 702 703 705 705 702 700 -9999 -9999 -9999 -9999 -9999 -9999 -9999 668 669 672 673 679 690 700 711 721 730 740 750 763 778 789 799 794 778 761 737 720 700 686 686 691 701 712 725 747 757 766 774 761 739 713 694 683 679 681 686 691 692 699 699 689 684 672 658 640 624 611 597 584 568
-9999 -9999 764 764 763 767 775 768 766 767 766 762 -9999 -9999 -9999 -9999 -9999 -9999 -9999 -9999 695 694 692 693 693 689 -9999 -9999 -9999 -9999 -9999 -9999 -9999 -9999 662 663 664 664 668 673 682 691 700 709 718 728 744 758 777 790 791 786 775 759 738 722 708 705 707 716 725 737 750 767 777 782 769 748 721 703 692 690 689 692 692 688 690 687 675 669 653 639 628 618 612 601 591 581
-9999 -9999 -9999 757 754 760 762 757 755 755 -9999 -9999 -9999 -9999 -9999 -9999 -9999 -9999 -9999 -9999 -9999 -9999 682 -9999 -9999 -9999 -9999 -9999 -9999 -9999 -9999 -9999 -9999 -9999 656 657 656 655 654 -9999 666 675 682 690 699 712 728 739 755 775 782 786 783 774 759 741 727 720 717 722 736 748 757 772 788 787 777 756 730 715 707 702 697 695 695 690 684 675 664 650 637 627 622 621 611 605 596 587
-9999 -9999 -9999 -9999 -9999 -9999 -9999 -9999 -9999 -9999 -9999 -9999 -9999 -9999 -9999 -9999 -9999 -9999 -9999 -9999 -9999 -9999 -9999 -9999 -9999 -9999 -9999 -9999 -9999 -9999 -9999 -9999 -9999 -9999 649 651 649 645 -9999 -9999 -9999 659 665 670 682 695 710 724 739 759 770 781 783 777 764 754 744 737 734 734 740 752 761 777 792 792 784 763 742 728 721 714 707 701 696 686 675 662 650 638 630 626 624 619 616 609 600 598
-9999 -9999 -9999 -9999 -9999 -9999 -9999 -9999 -9999 -9999 -9999 -9999 -9999 -9999 -9999 -9999 -9999 -9999 -9999 -9999 -9999 -9999 -9999 -9999 -9999 -9999 -9999 -9999 -9999 -9999 -9999 -9999 -9999 -9999 642 642 -9999 -9999 -9999 -9999 -9999 -9999 650 657 666 678 693 710 725 742 757 768 773 772 767 760 753 749 745 743 744 755 767 777 795 800 788 768 756 744 735 727 719 712 700 687 674 658 646 636 631 626 619 619 619 617 614 609
-9999 -9999 -9999 -9999 -9999 -9999 -9999 -9999 -9999 -9999 -9999 -9999 -9999 -9999 -9999 -9999 -9999 -9999 -9999 -9999 -9999 -9999 -9999 -9999 -9999 -9999 -9999 -9999 -9999 -9999 -9999 -9999 -9999 -9999 -9999 -9999 -9999 -9999 -9999 -9999 -9999 -9999 -9999 -9999 652 664 678 694 711 728 742 751 761 764 762 760 756 757 754 752 754 758 767 778 794 803 798 779 767 756 748 742 733 719 706 695 679 662 650 638 631 625 621 618 622 624 623 619
