Capas/PRESENTE/Eje_30s/ASC/bio_10.asc
ncols         993
nrows         433
xllcorner     -105.25566776747
yllcorner     17.599810932142
cellsize      0.0083333333
NODATA_value  -9999
[rows 36 to 71 of 433, columns 164 to 245 of 993]
2971 2971 2970 2971 2970 2972 2974 2981 2991 2992 2992 2984 2986 2986 2984 2989 2999 3002 2997 2988 2998 3006 3005 3011 3011 3003 2997 3004 3012 2997 2985 2986 3001 3004 2994 2982 2978 2972 2966 2968 2971 2967 2966 2964 2956 2953 2950 2942 2943 2943 2950 2956 2963 2964 2965 2961 2956 2959 2967 2969 2974 2983 2983 2996 3008 3001 2990 2983 2979 2980 2972 2963 2956 2948 2948 2946 2943 2948 2955 2955 2956 2958
2966 2967 2967 2969 2971 2972 2978 2979 2981 2982 2980 2980 2981 2979 2980 2982 2990 2997 2994 2985 2987 2997 3004 3002 3009 3010 3012 3013 3009 3005 2992 2985 2984 2997 2995 2992 2980 2972 2964 2966 2967 2963 2961 2962 2957 2950 2948 2941 2944 2952 2957 2957 2956 2960 2964 2966 2968 2969 2967 2968 2971 2987 2996 2999 3005 3005 2999 2994 2986 2986 2975 2972 2970 2959 2954 2950 2947 2951 2957 2957 2958 2959
2963 2962 2964 2967 2970 2974 2978 2979 2978 2978 2978 2978 2980 2978 2978 2978 2980 2984 2984 2982 2990 2999 3001 2997 3000 3001 3009 3008 3001 2997 3005 2995 2988 2985 2993 2999 2990 2980 2968 2966 2967 2965 2963 2962 2957 2954 2944 2942 2944 2952 2951 2943 2951 2960 2963 2966 2969 2971 2971 2973 2978 2988 2987 2985 2995 3008 3005 3000 2993 2990 2983 2982 2978 2964 2956 2949 2951 2954 2957 2958 2959 2960
2962 2962 2963 2967 2970 2976 2977 2978 2977 2977 2977 2977 2978 2977 2978 2978 2979 2980 2981 2982 2988 2994 2989 2987 2988 2993 3005 2999 3001 2997 3002 2990 2984 2983 2987 2997 2986 2983 2977 2971 2966 2963 2960 2955 2950 2948 2945 2943 2944 2948 2948 2944 2954 2962 2964 2966 2965 2963 2967 2975 2976 2977 2978 2980 2982 2995 3009 3005 3001 2995 2992 2987 2982 2973 2962 2953 2956 2956 2959 2960 2960 2959
2962 2966 2968 2969 2972 2972 2975 2976 2975 2974 2975 2976 2976 2976 2977 2977 2978 2979 2980 2981 2983 2982 2980 2980 2982 2986 3000 2989 2988 2995 3001 2998 2984 2982 2982 2986 2990 2989 2984 2976 2971 2962 2957 2949 2941 2937 2931 2944 2941 2944 2953 2953 2957 2962 2963 2965 2958 2956 2961 2971 2973 2973 2977 2977 2975 2988 3004 3007 2997 2988 2985 2977 2979 2970 2959 2960 2959 2958 2962 2963 2961 2959
2958 2960 2961 2966 2967 2969 2971 2974 2969 2969 2972 2974 2975 2975 2976 2976 2977 2978 2979 2980 2981 2980 2979 2979 2981 2990 2995 2984 2983 2986 2993 2987 2990 2985 2978 2978 2980 2981 2978 2972 2970 2964 2955 2944 2947 2943 2934 2946 2943 2952 2952 2956 2959 2962 2962 2963 2958 2954 2961 2961 2966 2965 2970 2974 2973 2992 3000 3008 2996 2988 2982 2969 2964 2961 2960 2962 2962 2963 2963 2962 2960 2960
2948 2953 2958 2959 2962 2963 2963 2965 2964 2967 2969 2971 2973 2974 2975 2976 2977 2978 2978 2979 2980 2979 2979 2980 2981 2993 2992 2982 2982 2990 2987 2980 2976 2974 2974 2975 2972 2974 2971 2962 2965 2967 2959 2950 2953 2953 2948 2949 2940 2943 2953 2957 2959 2960 2962 2962 2962 2962 2963 2963 2963 2959 2963 2967 2983 2996 3001 3008 3001 2994 2989 2979 2966 2961 2961 2962 2963 2963 2962 2960 2959 2959
2938 2946 2952 2953 2956 2955 2955 2958 2959 2963 2965 2968 2971 2972 2973 2973 2976 2977 2977 2979 2979 2979 2978 2979 2980 2988 2986 2982 2984 2986 2984 2982 2979 2975 2973 2976 2975 2964 2960 2963 2967 2968 2965 2958 2956 2958 2954 2950 2937 2946 2948 2951 2956 2960 2961 2962 2963 2965 2966 2965 2965 2962 2964 2974 2978 2987 2998 3007 3008 3001 2990 2981 2970 2964 2964 2963 2964 2964 2963 2962 2962 2959
2933 2935 2939 2947 2951 2948 2948 2951 2952 2958 2962 2966 2969 2971 2970 2972 2974 2975 2976 2978 2977 2978 2978 2979 2980 2981 2980 2980 2982 2982 2979 2978 2975 2973 2969 2971 2974 2969 2962 2966 2969 2965 2964 2966 2962 2960 2956 2953 2946 2949 2954 2956 2959 2961 2962 2963 2964 2964 2966 2967 2967 2967 2969 2968 2969 2981 2993 3008 3005 3000 2993 2986 2980 2976 2973 2971 2965 2964 2966 2964 2962 2959
2928 2928 2934 2941 2941 2936 2940 2947 2950 2953 2959 2964 2967 2969 2969 2971 2973 2973 2975 2976 2974 2976 2976 2978 2979 2980 2977 2972 2976 2975 2971 2970 2961 2962 2961 2964 2967 2970 2968 2965 2967 2964 2961 2961 2961 2959 2955 2957 2955 2954 2957 2959 2960 2961 2962 2963 2963 2964 2964 2967 2968 2969 2967 2969 2975 2984 2996 3008 3003 2999 2993 2987 2983 2981 2978 2972 2966 2965 2967 2966 2964 2961
2922 2924 2929 2930 2928 2923 2929 2937 2943 2948 2954 2959 2964 2965 2965 2969 2962 2964 2968 2974 2973 2973 2975 2976 2978 2979 2974 2967 2966 2965 2957 2958 2958 2954 2948 2953 2958 2966 2966 2962 2967 2964 2961 2959 2957 2958 2959 2958 2957 2958 2959 2960 2960 2960 2961 2962 2963 2963 2962 2967 2970 2972 2969 2969 2972 2983 2993 3004 3000 2997 2998 2993 2985 2981 2978 2976 2971 2968 2966 2966 2965 2963
2920 2920 2923 2917 2909 2907 2917 2930 2935 2939 2945 2953 2961 2962 2963 2966 2954 2948 2953 2967 2973 2971 2972 2974 2976 2973 2971 2968 2961 2955 2951 2952 2954 2953 2953 2958 2961 2959 2951 2951 2962 2963 2960 2959 2959 2959 2959 2959 2959 2960 2960 2961 2961 2961 2960 2959 2962 2964 2964 2969 2970 2974 2976 2975 2977 2974 2985 3005 2995 2983 2990 2995 2989 2984 2981 2981 2975 2968 2966 2965 2963 2961
2918 2913 2917 2908 2894 2889 2901 2916 2926 2928 2934 2947 2958 2960 2961 2963 2955 2953 2956 2964 2971 2970 2971 2972 2973 2973 2973 2971 2965 2954 2941 2940 2939 2947 2952 2954 2956 2955 2951 2958 2964 2962 2958 2959 2959 2960 2960 2960 2960 2961 2961 2962 2962 2962 2962 2961 2961 2965 2966 2965 2963 2967 2975 2978 2977 2975 2995 3004 2990 2978 2974 2980 2983 2983 2976 2978 2970 2967 2966 2965 2963 2962
2917 2908 2909 2901 2884 2876 2883 2903 2914 2919 2932 2946 2956 2958 2960 2961 2962 2964 2967 2968 2969 2969 2970 2970 2971 2972 2972 2972 2967 2959 2950 2941 2944 2950 2950 2950 2949 2954 2960 2961 2963 2957 2955 2957 2959 2960 2960 2960 2961 2961 2961 2962 2962 2962 2962 2963 2961 2964 2964 2960 2959 2971 2973 2977 2978 2980 2991 3003 3002 2989 2973 2970 2972 2970 2970 2976 2970 2968 2966 2965 2964 2962
2919 2906 2910 2902 2882 2872 2885 2892 2906 2916 2930 2945 2954 2956 2958 2961 2963 2965 2966 2967 2966 2968 2970 2968 2968 2970 2970 2967 2968 2963 2961 2953 2954 2957 2958 2956 2951 2953 2953 2957 2957 2953 2955 2958 2959 2959 2960 2960 2961 2961 2961 2961 2961 2961 2962 2962 2962 2963 2964 2965 2969 2972 2975 2977 2977 2978 2985 2994 3002 2992 2980 2969 2966 2966 2966 2968 2967 2965 2965 2963 2961 2961
2923 2918 2919 2910 2893 2879 2875 2889 2908 2921 2933 2943 2949 2954 2959 2962 2964 2964 2966 2966 2966 2968 2969 2969 2969 2969 2969 2968 2966 2966 2964 2960 2959 2959 2960 2959 2957 2950 2950 2955 2953 2953 2955 2957 2958 2959 2959 2960 2960 2960 2960 2960 2960 2961 2962 2963 2963 2963 2965 2966 2968 2970 2974 2972 2966 2968 2977 2989 3000 2998 2995 2969 2964 2965 2964 2965 2965 2962 2962 2962 2960 2961
2925 2923 2924 2921 2908 2902 2897 2894 2910 2926 2935 2938 2943 2951 2957 2956 2956 2958 2962 2962 2964 2965 2966 2969 2969 2967 2965 2966 2966 2965 2964 2962 2958 2958 2960 2960 2957 2953 2952 2954 2954 2955 2956 2957 2957 2958 2958 2959 2959 2959 2959 2959 2960 2960 2961 2962 2960 2961 2962 2963 2965 2967 2968 2963 2963 2966 2970 2981 2985 2990 2992 2962 2964 2965 2964 2962 2959 2953 2956 2957 2959 2961
2931 2938 2935 2932 2924 2923 2918 2914 2925 2932 2931 2930 2938 2948 2955 2951 2951 2954 2957 2959 2963 2965 2968 2969 2969 2967 2966 2966 2966 2966 2965 2961 2961 2959 2961 2960 2957 2953 2950 2947 2953 2955 2956 2955 2956 2957 2957 2958 2958 2959 2959 2959 2959 2960 2960 2961 2959 2958 2961 2963 2963 2964 2962 2962 2965 2968 2969 2971 2974 2997 2989 2968 2967 2966 2965 2962 2952 2945 2945 2950 2957 2960
2946 2949 2947 2941 2936 2936 2934 2934 2939 2936 2928 2926 2938 2945 2949 2950 2950 2955 2960 2961 2963 2964 2966 2969 2969 2969 2968 2968 2967 2967 2965 2962 2963 2960 2962 2960 2957 2952 2943 2944 2954 2955 2956 2956 2956 2956 2957 2957 2958 2958 2958 2959 2959 2959 2960 2960 2960 2960 2962 2963 2964 2965 2965 2965 2966 2969 2972 2973 2979 2999 2987 2979 2975 2970 2966 2962 2954 2943 2944 2946 2954 2958
2956 2954 2951 2947 2944 2945 2945 2945 2946 2942 2937 2935 2940 2946 2944 2947 2950 2953 2960 2964 2964 2965 2969 2969 2969 2969 2969 2969 2968 2968 2966 2965 2965 2962 2962 2961 2959 2955 2940 2942 2953 2955 2956 2955 2955 2955 2956 2956 2957 2957 2958 2958 2959 2959 2959 2960 2960 2960 2961 2963 2965 2966 2967 2967 2969 2972 2973 2981 2987 2986 2997 2995 2987 2981 2972 2965 2963 2957 2957 2960 2958 2961
2959 2957 2955 2952 2951 2952 2953 2955 2957 2952 2950 2948 2949 2949 2950 2950 2945 2949 2956 2961 2962 2967 2970 2969 2969 2969 2969 2969 2968 2967 2966 2965 2965 2964 2962 2961 2960 2958 2944 2947 2954 2955 2956 2956 2957 2956 2956 2955 2956 2957 2957 2958 2958 2958 2959 2960 2961 2961 2962 2963 2965 2966 2966 2967 2968 2970 2972 2976 2972 2970 2978 2987 2998 2989 2978 2968 2965 2961 2962 2966 2967 2977
2964 2960 2958 2956 2957 2958 2959 2961 2961 2958 2956 2955 2952 2952 2952 2951 2948 2951 2960 2962 2965 2968 2969 2969 2969 2969 2969 2968 2968 2967 2966 2965 2965 2964 2964 2963 2962 2959 2957 2956 2957 2957 2957 2956 2957 2957 2957 2956 2956 2956 2956 2957 2957 2958 2959 2960 2960 2961 2963 2963 2964 2966 2966 2967 2968 2969 2970 2973 2970 2969 2970 2972 2989 3001 2997 2990 2981 2966 2965 2971 2979 2994
2966 2963 2962 2962 2963 2966 2965 2965 2960 2958 2957 2956 2954 2956 2956 2956 2952 2956 2960 2962 2965 2968 2969 2969 2968 2969 2968 2967 2966 2966 2966 2966 2965 2964 2962 2962 2962 2959 2959 2958 2956 2955 2954 2950 2949 2948 2952 2955 2956 2956 2955 2956 2957 2957 2959 2960 2962 2963 2964 2964 2964 2966 2967 2967 2968 2970 2970 2969 2968 2968 2968 2968 2980 2999 2985 2983 2994 2996 2991 2986 2991 2974
2967 2968 2968 2966 2969 2969 2968 2965 2961 2959 2959 2959 2959 2959 2962 2960 2959 2958 2961 2965 2964 2967 2969 2969 2969 2968 2968 2967 2966 2965 2965 2964 2964 2963 2962 2961 2958 2957 2958 2955 2953 2952 2951 2949 2948 2943 2943 2949 2953 2955 2955 2956 2956 2957 2958 2959 2961 2963 2964 2965 2966 2967 2967 2968 2969 2969 2970 2969 2969 2968 2967 2967 2974 2995 2992 2980 2977 2976 2984 2992 2977 2968
2968 2969 2970 2971 2971 2970 2968 2964 2960 2960 2962 2964 2966 2965 2965 2966 2963 2963 2965 2966 2963 2964 2967 2969 2969 2968 2968 2967 2966 2965 2964 2965 2965 2965 2963 2961 2961 2958 2955 2949 2949 2950 2948 2946 2946 2944 2942 2945 2950 2955 2955 2955 2956 2957 2958 2960 2962 2963 2964 2964 2965 2966 2966 2967 2967 2968 2969 2968 2969 2967 2966 2967 2970 2975 2986 2991 2991 2986 2988 2978 2970 2968
2969 2970 2971 2972 2971 2971 2968 2962 2963 2963 2966 2969 2968 2968 2969 2970 2970 2971 2968 2968 2966 2966 2968 2969 2971 2971 2969 2968 2967 2967 2966 2966 2966 2966 2961 2956 2957 2957 2955 2952 2950 2944 2937 2937 2942 2945 2947 2948 2951 2954 2955 2956 2956 2957 2958 2959 2960 2960 2962 2963 2964 2965 2965 2966 2966 2968 2969 2968 2968 2968 2966 2967 2969 2969 2972 2974 2978 2980 2974 2982 2978 2971
2971 2972 2972 2972 2973 2973 2971 2967 2967 2968 2969 2970 2970 2971 2971 2973 2973 2973 2972 2970 2969 2969 2970 2971 2972 2970 2968 2967 2967 2967 2967 2967 2966 2965 2961 2957 2958 2959 2956 2953 2953 2949 2944 2936 2936 2942 2944 2946 2945 2949 2955 2956 2955 2956 2957 2958 2959 2960 2961 2962 2963 2964 2965 2965 2966 2967 2968 2968 2968 2967 2967 2967 2969 2968 2970 2969 2969 2967 2967 2975 2980 2983
2972 2973 2973 2973 2974 2974 2972 2972 2972 2973 2973 2972 2970 2971 2971 2973 2975 2974 2973 2973 2974 2974 2973 2973 2971 2970 2968 2966 2965 2964 2965 2964 2963 2963 2963 2961 2959 2959 2953 2951 2947 2950 2946 2942 2932 2932 2939 2938 2934 2940 2952 2955 2955 2956 2957 2958 2959 2960 2960 2962 2963 2964 2965 2966 2966 2967 2968 2968 2967 2967 2967 2967 2967 2967 2968 2968 2968 2968 2966 2969 2972 2976
2972 2973 2973 2974 2974 2974 2974 2974 2974 2974 2974 2974 2973 2971 2973 2974 2975 2975 2974 2975 2974 2974 2973 2972 2972 2970 2968 2967 2965 2965 2964 2963 2963 2962 2961 2960 2958 2953 2948 2948 2948 2946 2946 2938 2927 2929 2936 2936 2935 2941 2951 2953 2953 2955 2957 2958 2959 2960 2961 2962 2963 2964 2965 2966 2967 2967 2967 2967 2967 2967 2967 2967 2967 2967 2968 2968 2967 2967 2966 2966 2967 2971
2972 2973 2973 2974 2974 2974 2974 2974 2975 2975 2975 2975 2975 2975 2975 2975 2975 2975 2975 2975 2974 2974 2973 2972 2972 2970 2968 2966 2966 2965 2965 2963 2963 2962 2961 2954 2951 2945 2938 2939 2944 2944 2944 2942 2935 2934 2936 2942 2940 2945 2947 2944 2952 2956 2957 2958 2959 2960 2961 2962 2963 2964 2965 2966 2967 2967 2968 2967 2967 2967 2967 2967 2967 2967 2968 2968 2967 2967 2966 2967 2967 2968
2972 2973 2973 2974 2974 2974 2975 2975 2975 2975 2975 2975 2975 2975 2975 2975 2975 2975 2975 2974 2974 2974 2973 2972 2971 2970 2968 2966 2966 2965 2964 2963 2963 2961 2958 2951 2947 2941 2935 2934 2938 2942 2941 2943 2941 2938 2940 2941 2942 2947 2944 2943 2953 2956 2957 2958 2959 2960 2961 2962 2963 2964 2965 2966 2967 2967 2968 2967 2967 2966 2967 2967 2967 2967 2968 2967 2967 2967 2966 2966 2966 2968
2973 2973 2973 2974 2974 2975 2975 2975 2975 2975 2975 2975 2975 2975 2975 2975 2975 2975 2975 2974 2974 2974 2973 2973 2972 2970 2968 2968 2966 2964 2963 2962 2961 2960 2958 2951 2944 2940 2936 2937 2940 2940 2938 2939 2939 2938 2938 2941 2944 2949 2953 2954 2956 2957 2958 2959 2959 2960 2961 2962 2963 2964 2965 2966 2967 2967 2967 2967 2966 2966 2966 2966 2966 2967 2968 2967 2966 2966 2965 2965 2965 2966
2973 2973 2973 2974 2974 2975 2975 2975 2975 2975 2975 2975 2975 2975 2975 2975 2975 2975 2975 2975 2974 2974 2974 2973 2972 2970 2968 2967 2965 2964 2963 2962 2960 2958 2958 2954 2945 2942 2939 2939 2939 2936 2936 2932 2933 2935 2931 2936 2946 2952 2954 2955 2956 2957 2958 2959 2959 2960 2961 2962 2963 2964 2965 2966 2967 2967 2967 2967 2966 2966 2965 2965 2966 2966 2965 2966 2965 2964 2961 2961 2963 2966
2973 2973 2973 2974 2974 2975 2975 2975 2975 2975 2975 2975 2975 2975 2975 2975 2975 2975 2975 2975 2974 2974 2974 2973 2972 2970 2968 2967 2966 2965 2964 2962 2958 2947 2945 2944 2944 2940 2939 2941 2937 2931 2931 2927 2929 2935 2935 2942 2950 2953 2954 2955 2956 2957 2958 2959 2959 2960 2961 2962 2963 2964 2965 2966 2966 2966 2966 2967 2966 2965 2964 2964 2965 2964 2964 2964 2964 2962 2960 2961 2966 2970
2973 2973 2974 2974 2974 2975 2975 2975 2975 2975 2975 2975 2975 2975 2975 2975 2975 2975 2975 2975 2975 2974 2974 2973 2973 2970 2969 2968 2967 2965 2964 2961 2955 2947 2936 2931 2936 2936 2938 2940 2937 2933 2932 2931 2933 2935 2938 2941 2948 2951 2950 2953 2956 2957 2959 2959 2959 2958 2958 2961 2962 2963 2964 2964 2965 2965 2966 2966 2966 2965 2964 2964 2963 2963 2963 2961 2961 2961 2962 2965 2967 2969
2972 2973 2974 2974 2974 2974 2974 2974 2975 2975 2975 2975 2975 2975 2975 2975 2975 2975 2975 2975 2974 2974 2974 2973 2973 2970 2969 2968 2967 2962 2962 2961 2953 2943 2932 2930 2938 2940 2940 2939 2937 2934 2932 2932 2934 2936 2941 2944 2948 2945 2943 2947 2955 2957 2959 2960 2960 2958 2958 2961 2959 2960 2960 2961 2962 2964 2965 2964 2963 2963 2963 2962 2963 2963 2964 2963 2964 2965 2965 2966 2966 2967
