Capas/PRESENTE/Eje_30s/ASC/bio_03.asc
ncols         993
nrows         433
xllcorner     -105.25566776747
yllcorner     17.599810932142
cellsize      0.0083333333
NODATA_value  -9999
[rows 195 to 233 of 433, columns 616 to 703 of 993]
650 653 655 656 655 658 659 659 659 659 655 655 651 648 643 647 648 654 659 659 656 656 655 649 652 654 654 664 669 671 676 676 676 676 676 677 677 679 679 679 679 680 680 676 681 678 679 679 680 681 681 678 679 677 677 675 676 674 676 669 670 664 662 655 652 648 638 634 630 625 626 626 624 622 623 623 630 633 642 641 644 648 649 648 652 652 655 654
648 652 654 654 658 656 655 658 655 658 657 655 649 643 643 642 646 653 657 655 655 654 656 654 653 652 655 656 657 667 675 679 679 680 680 677 677 678 679 679 679 680 680 679 680 681 678 678 679 680 676 676 675 676 677 679 673 673 675 672 669 667 662 657 654 646 641 633 635 631 632 631 627 624 623 628 632 639 636 634 641 645 645 648 647 651 653 654
649 653 654 654 656 655 655 654 655 657 653 649 645 645 644 642 645 652 654 650 651 652 655 655 652 651 652 652 655 663 667 674 679 678 679 679 680 680 681 678 682 679 679 679 680 680 681 678 680 679 672 667 672 676 678 678 675 677 673 673 669 667 664 662 658 650 645 640 640 638 638 627 621 624 618 626 631 634 632 634 643 645 643 644 644 651 653 655
651 652 653 654 655 658 657 657 656 652 652 652 647 651 650 647 647 650 652 653 654 654 657 654 654 654 653 648 652 652 663 669 678 677 678 678 678 679 680 681 681 682 683 683 683 680 682 681 680 676 674 666 672 677 677 679 676 676 677 674 674 668 668 657 654 654 645 649 643 643 638 629 618 623 622 625 634 629 629 636 641 638 642 644 648 654 654 657
647 654 652 655 655 656 658 662 656 655 654 651 651 653 658 659 657 657 657 653 657 658 657 657 654 654 650 647 647 647 655 661 670 678 682 682 678 679 679 680 681 681 681 683 683 679 681 677 676 674 670 670 674 676 677 677 679 676 675 672 672 670 668 661 659 658 649 652 642 643 641 635 624 624 624 628 628 628 626 636 639 639 641 641 646 654 653 654
648 652 651 657 656 657 656 660 661 657 654 651 653 653 657 659 660 658 656 657 657 660 660 657 656 653 650 644 640 643 650 658 666 669 674 678 678 674 678 685 681 680 685 678 679 679 681 677 677 675 670 671 673 675 681 677 678 679 677 675 673 674 668 666 663 656 654 652 649 647 645 641 636 627 625 628 624 627 628 633 634 635 637 646 648 652 650 653
648 652 654 653 654 654 654 662 662 660 658 652 652 657 662 662 662 661 659 662 663 658 659 658 655 656 649 643 643 643 651 658 665 669 674 670 674 679 679 684 684 685 680 681 682 683 678 677 677 674 670 677 678 680 681 681 679 675 677 675 673 673 667 665 662 660 657 654 652 649 647 645 642 633 627 627 627 632 631 632 632 639 639 644 645 648 651 654
648 654 653 653 656 654 659 662 661 660 656 652 653 658 662 662 663 664 664 665 662 662 662 658 658 656 651 648 646 650 657 660 665 669 673 669 671 677 682 684 683 685 685 685 682 683 680 681 677 679 680 675 677 678 680 678 676 675 674 671 668 669 667 668 662 659 658 658 656 653 651 645 639 630 630 627 628 628 631 631 628 631 637 642 648 651 655 654
648 651 653 655 654 658 658 663 663 660 659 651 654 658 666 665 668 669 665 669 665 662 658 656 653 659 656 652 656 655 657 664 669 669 673 675 676 682 682 682 685 683 685 680 685 682 683 679 679 682 679 676 678 677 677 681 678 676 673 675 672 670 668 668 665 658 661 662 655 654 650 648 638 635 634 637 631 628 631 634 628 627 634 636 641 647 651 651
648 649 653 652 654 658 661 663 663 662 665 661 661 662 668 665 667 671 671 668 664 661 657 655 654 653 657 659 659 660 663 667 667 673 675 680 681 682 682 682 683 683 685 684 685 682 687 684 680 682 682 679 679 681 681 678 674 676 677 673 672 670 673 667 665 663 664 662 658 659 652 647 645 641 638 637 627 628 638 631 628 625 628 632 642 644 642 641
649 649 651 658 654 661 661 662 662 662 665 665 667 669 668 671 667 671 668 666 664 660 658 654 653 655 661 661 666 669 671 671 672 676 679 676 676 684 681 681 683 685 688 685 684 686 681 684 684 685 681 682 681 681 682 680 678 679 676 675 676 676 674 671 671 666 667 662 662 663 656 649 649 644 637 633 630 631 637 631 634 628 628 636 639 641 635 644
649 648 651 654 652 655 657 660 665 664 668 668 670 671 670 667 670 670 671 669 667 663 660 660 657 657 661 665 667 672 674 673 675 678 675 678 683 684 684 683 684 683 688 688 688 685 682 686 684 685 686 687 684 685 682 680 681 682 679 677 675 676 676 673 672 672 670 664 665 659 653 650 655 647 645 639 639 640 637 631 640 637 634 628 629 631 631 644
649 648 654 654 654 653 655 658 664 664 666 667 667 667 671 670 670 670 670 671 671 666 668 663 664 667 671 672 673 675 675 676 677 677 678 678 682 684 684 684 685 687 687 684 689 689 689 686 687 684 686 682 683 681 681 683 684 681 683 679 678 679 676 677 675 672 669 668 671 665 662 662 661 658 647 645 642 647 647 639 646 637 631 625 630 635 637 641
648 648 651 655 655 654 658 658 661 667 666 666 667 667 670 670 670 670 673 672 669 669 669 670 675 670 674 671 671 677 680 680 680 686 681 683 687 683 687 689 684 687 687 687 687 688 685 689 688 684 688 687 687 684 685 684 684 685 682 680 682 681 679 677 674 676 672 670 671 672 669 670 667 661 650 652 647 653 652 651 647 640 634 631 631 634 638 641
644 647 650 648 656 654 657 661 664 667 666 666 663 666 669 670 673 672 673 676 673 676 673 674 674 678 677 678 679 680 680 679 685 686 681 687 687 684 686 687 686 685 685 687 687 689 684 685 686 687 684 686 688 684 683 686 683 684 683 683 680 681 684 677 678 674 676 673 674 675 671 672 667 663 660 663 658 661 659 652 648 645 640 641 634 630 637 637
647 646 649 648 655 654 661 661 660 663 663 665 664 665 668 669 669 672 672 676 676 672 677 677 676 676 678 677 678 679 682 683 685 684 680 681 686 686 683 688 685 685 690 686 686 687 688 688 685 687 687 685 690 687 684 684 687 684 684 682 683 684 681 680 680 678 678 676 677 677 675 675 672 670 666 668 665 661 664 659 655 655 652 649 642 631 635 633
647 650 650 650 651 658 660 664 659 663 661 665 665 665 668 668 668 672 674 675 676 675 676 673 677 678 679 677 677 682 681 682 682 683 684 685 685 685 686 687 687 689 688 690 687 687 688 688 689 687 687 685 686 686 688 689 686 687 688 686 687 684 685 681 682 683 682 679 680 681 678 675 676 673 672 670 667 667 664 665 663 659 656 652 646 640 633 633
646 648 649 651 654 654 660 663 660 662 657 661 662 665 667 667 671 672 671 672 672 671 676 676 677 678 678 680 681 681 682 683 679 683 685 684 686 689 686 687 692 688 688 689 687 687 688 688 686 689 689 687 687 689 687 688 685 691 688 689 687 683 685 686 686 682 681 682 683 684 681 681 677 680 677 673 672 671 671 668 662 661 655 652 648 646 640 637
650 649 651 651 653 656 660 662 659 661 657 660 660 664 664 668 666 670 670 669 675 676 676 676 676 677 677 680 680 682 681 681 681 683 683 684 687 685 686 686 686 687 693 689 690 687 690 691 688 690 687 688 689 688 689 687 688 685 688 688 687 685 688 685 681 684 683 681 682 683 683 681 681 680 679 676 672 673 673 670 664 662 655 652 651 652 645 648
649 652 655 654 654 656 659 662 660 662 657 661 657 664 660 662 667 670 669 667 670 671 671 674 676 676 679 680 680 681 682 682 681 686 687 683 687 685 689 689 690 687 688 689 690 689 690 688 688 688 690 690 691 689 686 687 688 689 690 687 689 689 687 684 686 685 684 685 686 687 683 683 685 682 682 676 675 674 673 669 668 661 657 651 651 652 652 652
649 655 651 654 656 655 658 661 662 661 661 659 659 660 659 660 664 666 667 667 667 670 670 675 678 675 679 680 680 680 680 683 682 682 686 687 683 688 689 684 690 687 688 691 689 689 690 688 691 689 689 687 687 687 688 691 691 689 690 690 691 692 689 687 688 686 687 685 686 687 687 684 685 685 684 683 681 680 679 672 667 662 657 650 647 649 651 648
651 651 653 657 655 660 662 660 660 661 660 657 655 652 652 656 659 662 663 666 662 663 668 673 678 679 675 680 679 680 680 682 684 685 687 686 687 687 689 685 686 689 691 686 693 693 690 690 690 692 692 690 691 687 689 689 691 692 690 690 691 688 689 689 691 690 691 691 689 686 687 687 684 685 685 682 682 683 680 673 670 662 656 651 644 642 651 648
649 649 652 657 657 659 657 657 657 659 660 656 650 648 645 647 654 659 662 666 662 667 669 674 675 678 675 678 680 680 683 680 681 686 686 682 686 687 687 685 689 689 690 691 692 688 689 690 690 690 687 688 690 691 692 690 690 691 691 692 693 688 689 689 690 691 688 689 691 690 690 691 691 688 688 688 684 683 683 679 676 670 662 658 654 651 650 645
653 653 658 656 658 656 656 649 653 652 656 652 645 644 645 647 652 662 665 665 666 669 669 673 670 675 679 678 679 680 684 680 680 681 685 686 686 687 690 689 688 694 695 690 692 692 693 693 690 690 691 693 688 691 691 693 693 694 691 693 693 690 691 693 694 688 687 688 689 690 688 690 690 690 687 687 684 684 677 674 675 672 666 656 656 660 657 654
652 649 653 655 657 654 654 651 646 645 653 652 648 644 644 647 654 662 665 665 666 669 673 669 674 673 674 680 678 679 679 682 679 683 685 685 686 686 687 688 689 689 693 689 694 692 688 688 690 691 691 693 693 694 690 693 688 691 691 696 694 690 691 691 693 690 691 691 692 689 686 688 689 689 689 690 684 679 670 666 670 674 672 666 666 667 664 661
647 642 645 650 650 655 653 653 649 650 652 655 652 648 648 652 657 661 665 669 669 669 670 669 674 673 673 674 674 674 679 679 680 681 682 685 686 686 686 687 688 690 688 690 691 691 693 692 693 690 690 695 693 693 695 692 692 688 694 692 692 694 694 694 695 692 690 691 691 692 693 690 691 692 692 689 689 682 672 673 673 675 672 669 666 665 662 660
642 640 642 649 648 651 652 652 649 648 653 655 655 654 651 653 655 657 662 669 669 669 668 669 672 670 669 675 674 674 679 680 680 680 683 684 684 686 686 687 686 688 690 689 688 692 686 692 689 689 690 691 695 692 693 694 696 692 693 690 691 693 694 694 694 695 692 689 691 692 693 693 690 691 692 693 689 685 679 683 680 670 664 661 660 662 663 657
639 635 642 647 642 647 650 652 652 651 651 655 658 654 656 653 660 660 662 665 665 665 665 666 669 669 673 670 669 670 675 675 676 679 680 681 684 685 686 686 686 688 688 688 689 691 691 692 691 690 693 690 690 693 693 694 690 692 693 694 693 695 696 694 694 695 695 693 694 695 696 692 693 690 691 692 692 693 686 687 680 674 663 653 660 658 651 655
643 639 637 640 643 646 649 652 651 652 655 658 657 654 656 658 657 658 661 662 661 663 666 666 668 670 670 669 669 670 671 674 680 680 680 677 681 685 686 686 686 683 684 688 688 689 687 691 692 693 689 693 694 695 693 694 694 695 693 695 694 695 695 695 697 694 693 693 694 694 695 696 697 694 694 694 695 693 692 685 679 673 669 670 663 658 658 657
650 642 637 642 647 646 649 649 652 652 656 654 654 654 653 657 656 660 662 661 661 662 661 662 665 665 668 668 667 671 674 674 675 675 676 680 680 681 682 685 685 686 683 684 684 682 685 686 692 692 693 693 692 693 695 694 693 694 694 695 698 699 696 696 696 697 694 696 693 693 695 695 696 696 693 693 695 692 691 689 678 679 679 677 664 657 658 661
649 639 644 647 651 651 654 653 649 652 654 651 648 651 656 658 658 657 662 661 661 657 660 661 662 665 666 667 666 670 668 670 675 671 675 676 680 684 682 685 686 687 683 683 684 681 690 686 691 692 693 689 690 694 694 696 693 694 695 695 695 696 698 700 696 696 694 694 696 697 693 694 695 695 692 692 693 694 691 687 685 682 680 673 670 664 665 661
649 641 647 649 651 651 650 652 652 653 656 656 650 651 654 656 656 657 657 657 655 654 653 654 661 662 663 663 665 663 666 671 671 671 671 676 677 681 681 681 683 682 683 683 685 687 688 690 686 692 687 689 690 694 694 696 696 697 699 699 696 696 697 699 699 695 696 694 695 696 698 697 698 694 696 692 692 694 694 692 688 677 674 672 673 671 668 668
643 641 646 651 650 649 646 646 648 648 652 653 651 654 656 657 656 657 654 654 654 650 649 646 656 656 662 662 659 658 662 667 668 667 671 675 675 676 677 682 685 682 682 687 687 687 688 690 690 687 688 689 688 689 693 691 696 691 693 694 696 695 697 698 698 699 700 696 695 696 697 697 697 697 697 698 696 697 693 694 687 676 673 670 669 662 664 665
642 641 638 645 647 647 649 648 645 644 644 650 654 653 657 653 658 657 654 653 653 648 643 650 654 658 654 657 658 658 660 662 663 667 672 672 673 677 676 681 681 685 686 683 683 687 688 689 685 686 691 692 688 683 690 687 696 697 697 696 694 696 699 697 698 698 700 700 696 695 696 696 697 697 698 698 695 696 692 693 689 685 681 675 669 666 666 668
641 640 635 642 644 650 650 651 652 652 652 653 655 655 653 658 657 657 653 643 653 654 654 649 650 654 651 654 654 655 656 659 659 664 667 672 671 675 677 676 685 682 683 683 686 686 684 689 690 691 690 691 688 684 689 690 690 696 697 697 694 695 699 696 697 698 699 699 700 697 699 696 696 696 697 698 697 695 693 693 691 687 683 683 679 673 669 668
642 640 638 641 644 650 653 650 648 649 650 655 658 658 662 658 656 652 644 641 641 650 650 651 651 647 645 645 648 649 651 655 656 658 665 665 672 672 676 677 681 680 681 682 686 684 687 689 685 685 685 690 692 693 693 693 694 695 695 697 697 695 694 699 697 697 697 698 700 700 699 695 695 695 696 697 693 694 691 688 688 686 688 684 678 673 668 664
639 642 642 645 645 647 650 649 653 648 648 653 662 663 662 662 654 648 637 633 639 651 650 647 648 644 641 644 642 644 644 652 649 659 665 667 668 670 673 676 680 678 682 683 682 684 686 685 687 689 689 686 692 689 689 694 693 695 695 693 697 697 695 695 700 697 698 697 699 700 701 698 695 696 696 697 692 694 691 691 690 690 686 684 677 679 672 661
643 643 645 645 644 645 651 653 657 656 656 654 663 662 662 665 658 654 651 642 654 655 647 636 641 644 641 639 637 638 638 642 642 657 660 664 661 666 673 674 677 679 678 679 683 682 686 687 686 685 686 690 686 691 692 689 694 690 695 695 692 697 694 694 700 697 696 696 699 700 696 697 696 695 696 696 697 694 693 695 692 690 687 688 684 683 676 673
646 647 649 649 651 654 652 658 658 657 663 667 667 667 662 661 662 661 661 656 654 648 648 644 638 637 641 635 630 632 631 638 645 652 657 657 662 665 669 674 678 678 678 678 680 682 682 685 685 684 687 685 688 692 688 693 690 695 691 696 693 697 695 694 699 697 695 696 699 699 696 696 696 695 694 695 696 697 693 690 691 688 689 687 683 682 679 677
