Capas/PRESENTE/Eje_30s/ASC/bio_11.asc
ncols         993
nrows         433
xllcorner     -105.25566776747
yllcorner     17.599810932142
cellsize      0.0083333333
NODATA_value  -9999
[rows 252 to 287 of 433, columns 820 to 901 of 993]
2871 2872 2873 2874 2874 2875 2876 2876 2876 2877 2877 2878 2878 2878 2878 2877 2877 2877 2877 2878 2878 2879 2879 2878 2876 2875 2874 2872 2872 2872 2871 2870 2869 2868 2867 2865 2864 2863 2862 2861 2860 2859 2858 2858 2857 2856 2855 2855 2855 2854 2853 2853 2854 2854 2855 2856 2857 2858 2859 2859 2859 2856 2849 2852 2851 2849 2846 2850 2854 2848 2848 2853 2857 2856 2857 2861 2861 2862 2862 2859 2856 2846
2871 2872 2874 2874 2875 2875 2876 2877 2877 2878 2878 2878 2878 2879 2879 2878 2878 2878 2878 2879 2880 2880 2880 2879 2878 2877 2876 2875 2874 2873 2872 2871 2870 2869 2868 2867 2866 2865 2864 2863 2862 2861 2861 2860 2858 2858 2858 2857 2857 2856 2856 2856 2856 2857 2857 2858 2859 2859 2860 2860 2860 2858 2853 2856 2850 2847 2848 2849 2854 2853 2849 2855 2859 2860 2861 2862 2863 2863 2863 2860 2855 2847
2872 2874 2874 2875 2876 2876 2877 2878 2878 2878 2879 2879 2879 2879 2879 2879 2879 2879 2879 2880 2880 2880 2880 2879 2878 2878 2877 2876 2875 2874 2873 2873 2871 2871 2870 2869 2868 2867 2866 2865 2864 2863 2862 2861 2860 2860 2860 2859 2859 2858 2858 2858 2858 2859 2859 2860 2860 2861 2861 2861 2862 2861 2860 2857 2849 2841 2843 2847 2853 2854 2851 2855 2860 2862 2862 2864 2865 2865 2864 2861 2854 2849
2875 2875 2874 2874 2876 2877 2878 2878 2875 2873 2877 2879 2880 2880 2880 2880 2880 2880 2880 2881 2880 2880 2881 2879 2878 2878 2877 2877 2876 2875 2874 2873 2873 2872 2871 2870 2870 2868 2867 2866 2865 2865 2864 2863 2862 2862 2861 2861 2861 2861 2860 2860 2861 2861 2861 2861 2862 2862 2862 2863 2863 2862 2862 2859 2850 2846 2845 2851 2856 2857 2859 2861 2862 2863 2864 2865 2862 2864 2866 2866 2863 2860
2876 2875 2873 2871 2875 2877 2878 2879 2876 2873 2876 2880 2880 2880 2880 2880 2881 2881 2881 2881 2881 2881 2881 2880 2878 2878 2878 2878 2877 2876 2875 2875 2874 2873 2872 2872 2871 2870 2869 2868 2867 2866 2865 2864 2863 2863 2863 2863 2862 2862 2862 2862 2862 2862 2863 2863 2863 2863 2863 2864 2863 2863 2862 2861 2855 2854 2854 2857 2855 2857 2862 2863 2865 2865 2865 2866 2863 2861 2866 2868 2867 2865
2878 2876 2875 2877 2877 2878 2879 2880 2879 2878 2878 2880 2881 2881 2881 2881 2881 2881 2881 2881 2881 2882 2881 2880 2879 2878 2878 2878 2878 2876 2876 2876 2875 2874 2874 2873 2872 2871 2870 2869 2868 2868 2867 2866 2865 2865 2864 2864 2864 2864 2864 2864 2864 2864 2864 2864 2864 2864 2864 2864 2863 2863 2862 2861 2861 2858 2858 2860 2861 2862 2863 2864 2866 2867 2867 2867 2865 2863 2866 2869 2868 2867
2878 2879 2879 2879 2880 2880 2880 2880 2880 2881 2881 2881 2881 2881 2881 2882 2882 2882 2882 2882 2882 2882 2882 2879 2879 2879 2879 2879 2878 2876 2877 2877 2876 2875 2873 2874 2873 2872 2871 2870 2870 2868 2868 2868 2867 2867 2866 2866 2865 2865 2865 2865 2865 2865 2865 2866 2866 2865 2866 2865 2865 2863 2861 2860 2859 2859 2854 2859 2863 2865 2865 2865 2867 2868 2868 2868 2867 2867 2868 2869 2869 2868
2879 2880 2881 2880 2881 2881 2881 2881 2881 2881 2881 2882 2882 2882 2882 2882 2882 2882 2882 2883 2883 2882 2882 2882 2881 2880 2880 2880 2880 2879 2878 2878 2877 2876 2874 2874 2874 2873 2872 2871 2871 2870 2869 2868 2868 2867 2867 2867 2867 2867 2867 2867 2867 2866 2867 2867 2867 2867 2867 2865 2865 2861 2856 2854 2854 2860 2862 2860 2865 2866 2866 2867 2868 2869 2869 2869 2869 2868 2869 2870 2870 2869
2880 2881 2881 2882 2882 2882 2882 2882 2882 2882 2882 2882 2882 2882 2882 2882 2882 2882 2882 2883 2883 2883 2883 2883 2882 2881 2881 2881 2880 2879 2879 2877 2877 2877 2876 2875 2874 2873 2873 2872 2871 2870 2869 2867 2866 2867 2868 2867 2867 2867 2867 2868 2868 2868 2868 2867 2868 2867 2867 2866 2867 2866 2864 2862 2862 2864 2866 2865 2867 2867 2867 2868 2869 2870 2870 2870 2870 2870 2871 2871 2871 2870
2881 2882 2882 2883 2883 2882 2882 2882 2882 2882 2883 2883 2883 2882 2882 2883 2882 2882 2883 2883 2884 2883 2883 2883 2883 2882 2882 2881 2880 2880 2878 2876 2875 2877 2876 2874 2871 2868 2869 2868 2867 2864 2861 2860 2859 2864 2868 2867 2867 2865 2867 2868 2868 2868 2868 2868 2868 2868 2868 2868 2868 2868 2868 2867 2867 2867 2868 2868 2869 2869 2869 2869 2870 2871 2871 2871 2871 2871 2872 2872 2872 2871
2881 2883 2883 2884 2883 2882 2881 2882 2883 2883 2883 2883 2883 2883 2883 2883 2883 2883 2883 2884 2884 2884 2884 2884 2883 2883 2882 2881 2881 2880 2880 2877 2875 2874 2874 2870 2868 2865 2867 2865 2864 2865 2862 2862 2860 2861 2867 2864 2866 2865 2866 2867 2867 2866 2868 2869 2869 2869 2869 2869 2869 2869 2869 2869 2869 2869 2869 2870 2870 2870 2870 2871 2871 2872 2872 2872 2872 2872 2873 2873 2873 2873
2883 2883 2884 2884 2883 2883 2882 2883 2883 2883 2883 2884 2884 2883 2884 2883 2883 2884 2884 2884 2885 2884 2884 2883 2883 2883 2882 2882 2881 2881 2879 2876 2877 2875 2874 2873 2870 2870 2869 2871 2868 2867 2868 2867 2867 2867 2866 2864 2864 2862 2863 2864 2864 2864 2868 2869 2869 2869 2869 2869 2870 2870 2870 2870 2870 2869 2870 2870 2870 2871 2870 2871 2872 2873 2873 2874 2873 2872 2873 2874 2874 2874
2883 2883 2884 2885 2884 2883 2883 2882 2882 2882 2883 2884 2884 2884 2884 2884 2884 2884 2884 2884 2885 2884 2884 2883 2883 2883 2883 2882 2882 2880 2879 2878 2878 2878 2877 2876 2875 2874 2873 2873 2871 2870 2870 2869 2871 2868 2865 2861 2860 2860 2862 2862 2865 2866 2867 2868 2869 2870 2870 2870 2870 2870 2870 2871 2871 2870 2869 2871 2871 2871 2871 2869 2871 2872 2874 2874 2874 2874 2874 2875 2875 2875
2883 2883 2884 2886 2885 2885 2885 2883 2881 2882 2883 2884 2884 2884 2884 2885 2885 2885 2885 2885 2885 2884 2884 2884 2883 2883 2882 2882 2883 2882 2882 2880 2881 2880 2879 2878 2876 2875 2874 2875 2875 2872 2871 2871 2872 2867 2860 2861 2861 2862 2858 2861 2864 2864 2866 2864 2865 2867 2868 2870 2870 2871 2871 2871 2871 2871 2871 2871 2871 2871 2872 2871 2871 2872 2874 2875 2875 2875 2875 2876 2876 2876
2886 2885 2885 2886 2887 2886 2885 2883 2882 2881 2881 2883 2884 2885 2885 2885 2886 2886 2885 2885 2885 2884 2884 2884 2884 2883 2883 2882 2884 2884 2883 2882 2880 2878 2878 2877 2876 2873 2873 2875 2877 2875 2875 2870 2873 2873 2871 2870 2868 2866 2864 2861 2860 2859 2861 2863 2861 2862 2862 2866 2867 2870 2871 2871 2871 2872 2872 2872 2872 2872 2872 2872 2872 2873 2874 2876 2876 2876 2876 2877 2877 2877
2887 2887 2886 2886 2889 2887 2886 2885 2883 2881 2879 2880 2880 2883 2885 2886 2887 2887 2885 2885 2884 2884 2883 2884 2885 2884 2883 2883 2885 2884 2883 2882 2879 2875 2876 2875 2874 2873 2873 2875 2877 2877 2877 2873 2874 2874 2875 2874 2871 2872 2870 2870 2869 2868 2866 2868 2868 2868 2866 2863 2862 2866 2870 2872 2872 2872 2872 2872 2872 2872 2872 2872 2873 2874 2875 2876 2877 2877 2877 2878 2878 2878
2889 2889 2888 2889 2891 2890 2889 2884 2883 2879 2879 2878 2882 2885 2886 2886 2887 2887 2886 2885 2885 2884 2884 2885 2885 2885 2884 2884 2885 2885 2885 2884 2880 2877 2877 2873 2871 2874 2873 2870 2875 2872 2875 2877 2872 2873 2877 2874 2874 2874 2874 2874 2874 2873 2873 2872 2872 2873 2872 2871 2869 2869 2871 2872 2872 2872 2872 2873 2873 2872 2873 2873 2874 2874 2875 2876 2878 2878 2878 2878 2878 2878
2890 2892 2892 2893 2893 2893 2891 2886 2888 2882 2877 2878 2883 2883 2886 2887 2886 2887 2887 2886 2885 2886 2885 2886 2886 2885 2886 2885 2886 2886 2886 2884 2883 2880 2880 2875 2871 2875 2876 2873 2877 2873 2876 2880 2876 2875 2878 2877 2876 2877 2876 2876 2876 2875 2875 2875 2875 2874 2874 2873 2873 2872 2872 2872 2873 2873 2873 2873 2873 2873 2874 2875 2875 2875 2876 2877 2879 2879 2879 2879 2879 2879
2893 2892 2894 2894 2895 2895 2893 2893 2894 2892 2886 2875 2876 2881 2887 2887 2887 2886 2888 2887 2887 2886 2885 2886 2887 2887 2887 2886 2886 2887 2885 2882 2882 2880 2882 2879 2877 2878 2880 2876 2877 2879 2879 2881 2880 2880 2880 2880 2879 2879 2878 2878 2877 2876 2876 2876 2876 2876 2875 2874 2873 2873 2873 2873 2874 2873 2873 2873 2873 2875 2876 2877 2877 2877 2877 2879 2880 2880 2880 2880 2880 2880
2895 2894 2895 2895 2896 2896 2894 2896 2897 2895 2884 2881 2880 2881 2886 2888 2888 2888 2887 2886 2887 2888 2886 2887 2888 2887 2888 2887 2886 2887 2884 2882 2882 2883 2882 2883 2883 2881 2882 2881 2881 2882 2883 2882 2882 2881 2881 2881 2880 2879 2879 2878 2877 2876 2875 2876 2876 2876 2876 2875 2874 2874 2874 2875 2876 2876 2875 2874 2876 2878 2878 2879 2879 2879 2880 2881 2881 2881 2881 2881 2881 2880
-9999 -9999 -9999 2897 2897 2898 2895 2897 2899 2897 2889 2882 2883 2885 2887 2887 2885 2883 2883 2884 2884 2887 2888 2888 2888 2888 2888 2887 2887 2887 2886 2884 2883 2884 2883 2884 2882 2881 2881 2882 2883 2884 2884 2884 2883 2882 2882 2880 2879 2878 2877 2877 2877 2877 2875 2875 2876 2877 2876 2876 2875 2875 2875 2876 2878 2878 2879 2879 2879 2880 2880 2880 2880 2881 2882 2883 2882 2882 2882 2882 2881 2881
-9999 -9999 -9999 -9999 2900 2900 2900 2899 2900 2898 2888 2884 2886 2885 2888 2882 2878 2879 2883 2886 2887 2887 2887 2885 2884 2887 2887 2888 2887 2887 2886 2884 2885 2886 2885 2885 2883 2883 2882 2881 2884 2882 2883 2885 2884 2883 2881 2880 2879 2879 2877 2875 2874 2875 2876 2874 2875 2877 2877 2877 2877 2877 2877 2879 2880 2880 2880 2881 2881 2881 2881 2881 2882 2882 2883 2883 2883 2883 2883 2882 2882 2882
-9999 -9999 -9999 -9999 -9999 2901 2902 2901 2900 2897 2894 2887 2886 2885 2885 2880 2881 2885 2886 2887 2886 2886 2882 2881 2880 2882 2883 2887 2888 2887 2887 2886 2884 2883 2886 2886 2885 2883 2884 2884 2885 2885 2882 2886 2885 2883 2882 2882 2882 2880 2879 2875 2875 2876 2875 2874 2875 2877 2877 2878 2878 2878 2879 2880 2881 2881 2882 2882 2883 2883 2883 2883 2883 2883 2884 2884 2884 2884 2883 2883 2883 2882
-9999 -9999 -9999 -9999 -9999 2902 2902 2901 2899 2890 2880 2879 2884 2882 2879 2883 2885 2886 2885 2886 2883 2885 2884 2884 2884 2885 2885 2887 2888 2887 2887 2887 2886 2886 2886 2886 2886 2886 2886 2886 2886 2886 2885 2885 2883 2882 2881 2881 2880 2879 2878 2877 2878 2878 2877 2877 2876 2876 2876 2876 2878 2879 2880 2881 2881 2881 2883 2883 2884 2884 2884 2884 2884 2884 2884 2885 2885 2885 2884 2884 2884 2883
-9999 -9999 -9999 -9999 -9999 2903 2902 2902 2899 2888 2874 2879 2880 2881 2889 2887 2881 2881 2884 2885 2883 2885 2886 2886 2885 2887 2887 2887 2888 2887 2887 2887 2886 2885 2883 2885 2885 2882 2883 2882 2889 2888 2888 2886 2885 2883 2882 2881 2880 2879 2879 2881 2880 2878 2877 2879 2880 2879 2877 2875 2875 2879 2882 2882 2883 2883 2884 2884 2884 2884 2885 2885 2885 2885 2885 2886 2886 2885 2885 2884 2884 2884
-9999 -9999 -9999 -9999 -9999 -9999 2903 2901 2899 2894 2884 2890 2893 2892 2887 2882 2877 2879 2882 2881 2882 2884 2885 2887 2886 2887 2887 2888 2887 2887 2887 2886 2885 2882 2881 2883 2880 2881 2879 2879 2885 2888 2887 2885 2883 2881 2880 2880 2881 2881 2881 2881 2881 2879 2878 2878 2881 2882 2880 2876 2875 2878 2882 2884 2884 2884 2885 2885 2885 2885 2885 2885 2886 2886 2886 2886 2886 2886 2885 2885 2885 2885
-9999 -9999 -9999 -9999 -9999 -9999 2903 2902 2903 2901 2898 2897 2899 2893 2885 2875 2872 2879 2879 2877 2877 2880 2884 2885 2883 2882 2885 2888 2885 2885 2886 2886 2886 2886 2884 2883 2881 2880 2881 2882 2884 2886 2891 2888 2884 2880 2881 2881 2883 2880 2881 2883 2880 2879 2879 2881 2882 2883 2882 2880 2877 2876 2882 2885 2884 2885 2885 2886 2886 2886 2886 2886 2886 2886 2887 2887 2887 2886 2886 2886 2885 2885
-9999 -9999 -9999 -9999 -9999 -9999 2904 2904 2903 2896 2897 2901 2900 2894 2888 2877 2871 2875 2874 2874 2874 2879 2879 2876 2879 2880 2886 2886 2883 2881 2882 2884 2889 2888 2883 2878 2880 2878 2876 2881 2884 2885 2889 2888 2881 2881 2882 2884 2885 2883 2884 2885 2882 2880 2880 2882 2884 2885 2885 2884 2882 2882 2884 2886 2886 2886 2886 2886 2886 2887 2887 2887 2887 2887 2887 2887 2887 2887 2886 2886 2886 2886
-9999 -9999 -9999 -9999 -9999 -9999 -9999 2903 2896 2894 2900 2902 2900 2895 2890 2880 2876 2874 2874 2870 2873 2880 2879 2873 2871 2881 2882 2882 2887 2885 2884 2885 2890 2884 2882 2883 2883 2882 2876 2879 2884 2886 2888 2890 2886 2884 2881 2882 2886 2887 2885 2884 2883 2884 2885 2884 2885 2887 2886 2886 2886 2886 2886 2887 2887 2886 2885 2886 2887 2887 2887 2887 2887 2888 2888 2888 2888 2887 2887 2887 2886 2886
-9999 -9999 -9999 -9999 -9999 -9999 -9999 2899 2896 2901 2904 2903 2902 2897 2887 2877 2876 2878 2882 2880 2873 2880 2883 2880 2880 2879 2885 2883 2891 2890 2889 2891 2890 2889 2889 2887 2885 2881 2881 2881 2884 2886 2887 2889 2891 2887 2888 2887 2887 2888 2888 2884 2885 2885 2887 2888 2887 2889 2886 2885 2887 2888 2888 2888 2888 2888 2887 2888 2887 2888 2888 2888 2888 2888 2888 2888 2888 2887 2887 2887 2887 2887
-9999 -9999 -9999 -9999 -9999 -9999 -9999 2879 2891 2904 2907 2904 2900 2897 2891 2880 2875 2882 2886 2888 2882 2886 2887 2884 2890 2882 2890 2890 2894 2891 2893 2891 2892 2896 2892 2890 2885 2882 2882 2883 2883 2884 2887 2889 2891 2892 2892 2892 2890 2888 2889 2886 2885 2887 2889 2890 2888 2889 2890 2887 2888 2888 2889 2889 2888 2887 2887 2888 2888 2888 2888 2888 2888 2888 2888 2888 2888 2888 2888 2888 2887 2887
-9999 -9999 -9999 -9999 -9999 -9999 -9999 2881 2895 2906 2906 2902 2897 2896 2894 2887 2883 2880 2881 2886 2885 2885 2891 2890 2892 2890 2896 2896 2896 2892 2895 2894 2898 2895 2887 2889 2881 2878 2879 2885 2885 2887 2889 2890 2890 2891 2892 2893 2891 2889 2891 2889 2888 2888 2888 2890 2890 2889 2892 2889 2889 2889 2889 2890 2889 2888 2888 2888 2888 2889 2889 2889 2889 2889 2889 2889 2888 2888 2888 2888 2888 2887
-9999 -9999 -9999 -9999 -9999 -9999 -9999 -9999 2904 2903 2900 2898 2892 2890 2891 2890 2891 2889 2890 2887 2892 2884 2880 2885 2888 2894 2892 2891 2891 2896 2897 2893 2893 2897 2884 2885 2886 2886 2880 2883 2885 2885 2888 2890 2890 2890 2891 2893 2894 2892 2893 2893 2891 2891 2891 2892 2893 2891 2892 2892 2890 2890 2890 2890 2890 2890 2889 2886 2886 2887 2889 2889 2889 2889 2889 2889 2889 2888 2888 2888 2888 2888
-9999 -9999 -9999 -9999 -9999 -9999 -9999 -9999 2908 2903 2901 2898 2894 2895 2895 2894 2893 2892 2895 2893 2893 2889 2885 2879 2887 2891 2888 2890 2888 2891 2892 2889 2894 2904 2898 2892 2893 2888 2883 2882 2886 2886 2888 2891 2892 2892 2891 2892 2893 2895 2895 2895 2896 2896 2896 2895 2895 2894 2892 2894 2891 2891 2891 2891 2891 2891 2889 2887 2884 2886 2889 2889 2889 2888 2889 2889 2889 2889 2889 2888 2888 2888
-9999 -9999 -9999 -9999 -9999 -9999 -9999 -9999 -9999 2905 2906 2904 2902 2898 2898 2896 2894 2895 2896 2891 2892 2889 2887 2884 2886 2888 2886 2895 2894 2897 2897 2900 2905 2904 2900 2897 2895 2891 2889 2883 2879 2879 2883 2888 2889 2889 2889 2889 2890 2891 2891 2892 2892 2892 2893 2896 2898 2895 2895 2896 2892 2891 2891 2892 2891 2892 2891 2890 2890 2889 2890 2890 2890 2889 2889 2889 2889 2889 2889 2888 2888 2888
-9999 -9999 -9999 -9999 -9999 -9999 -9999 -9999 -9999 2909 2909 2907 2904 2900 2897 2894 2896 2895 2895 2892 2893 2890 2887 2885 2886 2889 2884 2895 2905 2909 2908 2909 2914 2909 2904 2902 2899 2896 2889 2883 2879 2878 2875 2875 2879 2884 2886 2887 2888 2888 2889 2889 2890 2891 2892 2892 2896 2899 2897 2899 2894 2892 2892 2892 2892 2891 2891 2891 2891 2891 2890 2890 2890 2890 2890 2890 2889 2889 2889 2889 2888 2888
