Capas/PRESENTE/Eje_30s/ASC/bio_03.asc
ncols         993
nrows         433
xllcorner     -105.25566776747
yllcorner     17.599810932142
cellsize      0.0083333333
NODATA_value  -9999
[rows 195 to 233 of 433, columns 440 to 527 of 993]
654 654 657 656 656 655 655 655 653 653 649 649 652 647 645 645 647 645 645 643 641 639 640 635 635 632 634 630 633 631 629 631 632 634 634 630 632 629 631 629 629 629 630 629 629 628 628 629 626 628 627 628 627 626 627 625 625 624 621 620 621 619 620 617 620 620 618 615 616 615 615 614 617 617 617 616 619 618 618 620 619 621 621 623 623 629 626 629
655 654 654 656 655 655 655 655 654 654 651 651 650 650 644 645 644 645 645 643 641 642 639 638 637 637 633 634 632 634 632 632 631 632 634 629 630 632 630 630 629 629 628 630 629 629 627 628 625 626 628 628 629 627 627 625 627 623 624 621 622 617 617 620 620 618 618 619 616 616 615 616 614 618 614 616 620 618 617 620 620 622 621 626 624 627 629 629
655 658 657 660 658 658 655 655 653 653 650 650 646 646 645 646 647 647 643 645 640 641 640 641 636 636 634 633 634 633 634 633 635 632 630 632 629 630 628 627 628 629 629 630 628 627 627 628 625 629 628 628 627 627 627 626 625 624 621 621 621 620 617 618 618 615 615 619 619 618 615 616 615 619 618 618 620 619 618 621 623 -9999 625 625 624 627 629 628
658 654 657 660 659 658 657 653 653 652 654 649 647 643 639 645 644 646 643 641 643 640 638 640 639 639 637 635 636 636 634 634 632 632 630 631 629 631 629 629 627 628 629 627 629 630 627 628 630 627 631 628 629 628 627 628 627 623 624 622 620 620 620 618 615 615 616 619 619 619 617 615 616 615 618 620 617 620 619 620 623 -9999 -9999 -9999 -9999 624 628 631
655 657 656 655 655 653 654 652 652 653 651 650 646 646 646 647 647 645 647 642 639 641 638 639 641 639 637 638 636 635 633 634 629 631 631 630 629 627 628 630 628 628 627 628 629 628 626 628 629 627 627 628 628 630 627 626 626 624 625 622 620 621 621 619 621 616 615 617 617 616 620 617 617 616 619 618 620 622 620 621 -9999 -9999 -9999 -9999 -9999 626 629 630
658 656 655 658 655 653 657 655 652 652 649 653 648 645 649 647 644 644 643 641 641 640 637 642 640 638 637 637 635 635 635 632 633 630 628 630 627 627 628 625 630 626 628 625 627 624 625 627 625 627 628 628 629 630 625 625 624 624 625 623 623 621 625 622 619 620 616 615 616 618 616 617 617 616 619 618 618 620 622 624 -9999 -9999 -9999 -9999 -9999 -9999 629 630
654 654 655 655 653 657 652 651 651 651 652 649 649 646 650 647 645 641 639 640 638 639 641 638 639 638 636 637 636 634 636 631 631 630 628 626 627 626 627 628 629 627 625 626 628 628 629 626 628 628 625 628 629 629 628 625 623 625 624 623 623 623 622 622 616 619 621 621 616 616 619 616 617 620 619 619 621 620 624 -9999 -9999 -9999 -9999 -9999 -9999 -9999 628 629
651 652 652 650 649 650 645 648 648 647 647 650 648 648 646 645 643 641 640 638 640 638 641 637 639 636 635 634 635 634 631 634 631 630 628 630 627 628 625 628 625 627 628 625 626 628 626 627 627 628 628 628 626 627 625 626 624 627 625 623 624 625 622 622 623 621 620 618 618 619 617 618 617 617 619 619 618 623 623 -9999 -9999 -9999 -9999 -9999 -9999 -9999 627 629
647 649 648 646 643 645 645 638 636 644 644 648 645 648 649 646 644 645 638 639 637 639 639 638 638 633 636 634 634 632 631 629 631 632 631 629 627 625 626 628 625 630 628 625 626 625 628 626 628 628 628 629 626 627 625 626 627 627 625 623 621 622 623 623 623 621 624 621 623 618 621 618 615 618 616 618 618 620 621 -9999 -9999 -9999 -9999 -9999 -9999 -9999 631 631
648 649 647 647 642 637 637 633 634 644 647 648 648 648 645 645 643 640 640 640 633 637 640 638 638 637 636 633 632 634 631 632 631 629 630 628 626 628 627 627 625 626 626 626 625 628 625 626 625 628 628 623 626 626 625 626 624 625 625 627 624 625 626 626 621 621 622 622 623 623 618 618 618 620 618 619 618 619 620 -9999 -9999 -9999 -9999 -9999 -9999 -9999 630 632
649 648 647 646 646 642 645 640 639 644 644 643 647 644 643 642 639 637 636 636 633 635 635 637 636 633 632 630 631 630 631 632 629 628 629 628 626 627 629 626 628 625 627 624 626 624 628 626 627 625 627 624 623 624 624 625 624 625 623 625 625 622 625 623 624 624 624 625 622 623 623 621 623 622 621 620 621 622 -9999 -9999 -9999 -9999 -9999 -9999 -9999 -9999 -9999 632
645 644 642 643 642 641 640 645 643 643 647 644 642 639 638 635 635 633 631 631 633 632 634 634 635 633 631 630 627 632 631 632 630 629 630 628 626 627 629 624 628 626 625 624 626 627 626 626 624 625 624 626 622 624 622 623 627 625 626 625 626 626 623 624 624 624 623 625 626 623 623 622 622 618 621 621 622 623 -9999 -9999 -9999 -9999 -9999 -9999 -9999 -9999 -9999 632
642 640 638 638 635 637 634 640 639 642 643 642 642 636 637 631 628 632 629 628 627 628 633 629 632 633 631 629 631 632 630 629 629 625 630 627 626 625 625 624 625 625 625 625 626 627 627 626 627 626 623 624 625 623 625 624 624 625 624 625 625 622 627 625 622 623 623 625 623 624 622 623 622 618 621 620 619 622 -9999 -9999 -9999 -9999 -9999 -9999 -9999 -9999 -9999 629
641 636 636 634 631 630 630 632 638 640 639 639 639 637 637 631 624 627 626 627 625 627 629 627 631 632 631 632 627 628 630 628 629 629 627 625 626 627 625 626 625 626 623 628 625 624 625 625 624 623 623 625 626 624 625 624 625 624 623 626 626 624 624 624 624 625 623 626 626 623 624 623 620 625 622 621 624 622 -9999 -9999 -9999 -9999 -9999 -9999 -9999 -9999 -9999 632
640 636 632 631 626 623 626 632 635 638 635 636 635 636 636 631 625 622 623 622 622 623 624 623 628 626 630 629 628 629 630 628 629 628 626 627 625 626 625 627 624 623 623 625 623 624 624 626 624 623 623 624 623 625 626 623 624 626 623 625 626 627 624 621 624 624 624 625 626 625 626 622 623 622 624 625 623 625 -9999 -9999 -9999 -9999 -9999 -9999 -9999 -9999 -9999 -9999
641 636 631 631 623 623 625 632 628 628 631 631 635 635 635 627 622 617 617 617 619 619 620 623 627 626 628 626 627 628 627 628 627 624 625 625 626 625 625 626 627 623 626 625 625 624 624 623 623 623 624 625 625 624 625 623 624 625 626 623 622 624 624 626 622 626 624 624 625 626 625 624 626 623 625 624 627 626 -9999 -9999 -9999 -9999 -9999 -9999 -9999 -9999 -9999 -9999
641 636 635 631 631 630 630 628 621 622 620 625 631 633 632 627 624 619 617 618 612 616 621 623 625 623 625 626 624 628 627 628 628 625 625 624 626 627 624 626 624 625 624 625 626 623 622 624 625 625 627 624 624 624 626 624 626 623 623 626 626 627 624 624 625 626 626 626 625 624 625 628 626 624 625 625 627 625 -9999 -9999 -9999 -9999 -9999 -9999 -9999 -9999 -9999 -9999
642 637 635 635 633 633 629 628 622 617 620 624 631 628 626 623 623 622 620 618 618 616 618 619 622 621 623 623 623 624 624 624 625 627 626 627 623 627 624 624 625 625 627 625 624 624 625 626 624 622 624 623 624 624 623 624 622 626 626 625 626 624 626 624 625 627 625 627 625 626 626 628 625 626 622 625 625 626 -9999 -9999 -9999 -9999 -9999 -9999 -9999 -9999 -9999 -9999
642 637 635 635 633 634 627 628 625 621 626 624 625 622 622 620 621 621 619 618 621 620 618 620 622 623 620 622 624 622 624 625 624 628 623 624 626 623 625 623 624 625 623 624 623 624 624 623 625 623 625 624 623 625 622 624 622 624 625 625 624 625 625 626 627 627 625 628 628 628 627 625 627 626 626 625 625 623 -9999 -9999 -9999 -9999 -9999 -9999 -9999 -9999 -9999 -9999
634 633 632 632 633 632 627 628 625 627 628 623 621 618 623 619 621 621 619 621 618 619 619 619 622 619 618 619 620 620 624 625 624 624 627 624 622 624 622 627 624 625 623 624 622 624 625 623 621 624 623 623 623 625 624 624 623 624 625 622 626 625 628 626 629 626 628 628 626 626 628 626 625 625 624 626 625 -9999 -9999 -9999 -9999 -9999 -9999 -9999 -9999 -9999 -9999 -9999
634 629 632 631 630 629 628 625 627 625 625 624 624 622 619 619 620 621 619 618 621 620 618 622 617 619 620 619 620 622 623 622 625 625 625 624 623 623 621 623 624 622 624 624 622 622 623 623 621 624 622 624 625 623 623 624 625 624 624 624 627 628 628 627 627 627 628 628 628 628 628 628 626 628 626 626 625 -9999 -9999 -9999 -9999 -9999 -9999 -9999 -9999 -9999 -9999 -9999
634 633 632 628 629 630 629 628 627 624 624 624 625 621 620 623 619 618 619 620 621 623 621 621 620 619 621 619 623 619 623 621 623 624 624 622 623 623 622 624 622 623 623 622 624 621 623 621 622 621 623 623 625 623 624 622 625 623 625 624 627 629 629 626 628 629 628 630 629 629 627 628 628 625 628 626 625 -9999 -9999 -9999 -9999 -9999 -9999 -9999 -9999 -9999 -9999 -9999
633 633 632 631 629 628 626 625 621 621 621 624 621 620 620 620 617 617 622 620 621 623 623 622 621 618 624 623 618 621 623 622 621 622 623 621 623 621 623 621 622 620 624 622 620 621 623 621 622 623 623 624 625 626 624 625 626 624 626 626 627 626 630 629 627 627 628 629 629 627 629 629 629 629 628 628 626 -9999 -9999 -9999 -9999 -9999 -9999 -9999 -9999 -9999 -9999 -9999
632 633 630 631 630 626 624 618 621 625 624 624 621 622 622 620 621 621 623 621 621 624 624 622 624 622 621 622 621 619 624 623 621 622 619 622 619 621 624 624 622 620 621 621 622 622 622 623 623 624 620 623 622 627 622 623 626 624 626 626 625 629 629 628 630 629 629 629 630 630 627 629 629 629 629 628 627 -9999 -9999 -9999 -9999 -9999 -9999 -9999 -9999 -9999 -9999 -9999
629 631 629 626 627 626 623 621 621 620 623 624 624 624 622 622 619 624 623 623 625 623 625 622 624 621 623 621 619 622 623 622 620 622 620 620 620 624 619 621 619 623 621 621 621 622 623 624 624 621 621 623 622 622 624 623 623 625 626 627 625 626 630 631 628 630 630 630 631 630 628 631 630 629 629 630 628 -9999 -9999 -9999 -9999 -9999 -9999 -9999 -9999 -9999 -9999 -9999
629 627 629 625 623 623 625 622 620 624 624 623 623 625 625 625 623 625 622 624 625 625 624 622 624 623 620 622 620 622 621 619 621 619 619 622 624 621 624 621 620 621 621 620 621 622 624 625 623 621 623 623 622 623 625 623 624 625 627 627 629 630 627 628 629 629 630 630 630 629 630 630 630 629 629 628 630 -9999 -9999 -9999 -9999 -9999 -9999 -9999 -9999 -9999 -9999 -9999
629 627 626 621 623 623 621 625 621 624 624 624 627 625 625 627 623 626 621 625 621 622 621 622 621 622 621 618 622 620 620 620 621 619 622 619 621 620 624 622 622 620 622 620 621 623 625 623 624 621 622 623 622 623 622 623 624 626 627 627 626 629 630 628 629 628 632 631 631 631 630 631 629 631 628 628 631 -9999 -9999 -9999 -9999 -9999 -9999 -9999 -9999 -9999 -9999 -9999
629 628 627 627 621 621 621 626 624 625 625 627 628 626 626 626 627 625 626 627 622 623 625 622 624 622 622 620 618 619 618 621 618 619 618 620 618 622 620 619 622 621 623 620 621 623 621 622 620 626 624 621 622 623 623 626 624 625 627 628 629 629 628 628 629 630 630 630 629 631 633 630 634 630 630 629 631 629 -9999 -9999 -9999 -9999 -9999 -9999 -9999 -9999 -9999 -9999
629 628 624 625 621 621 623 622 626 624 625 624 627 625 629 626 627 626 627 624 622 623 621 623 621 622 620 619 618 619 618 620 617 620 618 617 617 620 621 618 620 621 620 621 621 623 621 622 621 623 620 624 621 624 622 626 625 626 627 624 628 627 628 628 632 630 631 632 630 631 630 631 631 630 630 632 632 629 -9999 -9999 -9999 -9999 -9999 -9999 -9999 -9999 -9999 -9999
626 627 627 623 625 623 622 625 625 625 624 624 625 625 625 626 624 625 626 623 625 623 621 624 621 623 622 619 618 616 622 620 619 620 619 621 620 620 619 620 621 622 620 620 622 621 621 620 621 622 620 622 622 624 625 627 624 626 627 625 625 628 629 630 630 630 629 630 633 631 633 632 630 634 633 633 632 631 -9999 -9999 -9999 -9999 -9999 -9999 -9999 -9999 -9999 -9999
626 625 624 622 621 620 626 625 622 625 625 625 625 626 626 626 624 625 623 624 622 624 622 620 621 620 621 619 618 620 616 617 621 619 619 621 620 620 619 619 621 619 620 618 622 621 619 624 621 623 620 622 621 624 625 623 625 626 625 628 626 627 628 632 629 631 631 631 631 631 631 635 631 634 633 632 635 631 -9999 -9999 -9999 -9999 -9999 -9999 -9999 -9999 -9999 -9999
627 625 624 623 622 620 623 623 625 625 628 625 625 625 626 624 624 625 624 624 622 623 622 622 622 623 622 620 619 620 619 617 619 620 619 618 618 621 617 619 621 618 620 621 619 620 619 620 618 623 620 622 622 622 626 624 625 626 627 626 626 627 628 629 630 630 631 631 635 632 632 632 632 634 634 633 633 631 -9999 -9999 -9999 -9999 -9999 -9999 -9999 -9999 -9999 -9999
626 626 625 627 622 622 624 627 626 626 626 625 625 623 622 624 624 625 626 625 623 623 621 620 622 620 618 620 620 617 615 617 619 621 620 620 620 617 619 620 618 620 618 619 620 618 618 620 621 623 622 623 621 621 622 624 625 626 625 626 629 628 628 629 632 629 631 632 633 633 632 632 636 631 634 634 633 634 -9999 -9999 -9999 -9999 -9999 -9999 -9999 -9999 -9999 -9999
628 626 625 627 623 623 624 625 623 626 626 623 624 623 624 625 625 623 625 624 625 624 622 621 619 620 618 621 619 621 620 621 619 619 620 620 620 621 619 618 619 620 618 619 621 621 618 620 622 622 621 623 621 621 623 625 625 627 626 626 627 628 629 629 629 630 630 631 631 632 633 633 633 636 635 634 634 632 -9999 -9999 -9999 -9999 -9999 -9999 -9999 -9999 -9999 -9999
626 626 625 625 623 623 625 622 622 625 625 621 623 624 621 624 621 624 624 625 623 624 623 621 623 621 618 620 619 618 619 618 619 618 617 617 620 621 617 619 620 620 620 619 620 621 620 621 623 620 621 621 623 622 623 625 625 626 626 629 626 627 628 630 630 631 630 631 632 633 632 632 633 636 635 634 634 636 -9999 -9999 -9999 -9999 -9999 -9999 -9999 -9999 -9999 -9999
626 625 626 625 625 626 628 625 625 625 625 619 624 625 625 621 622 624 625 623 623 625 623 622 619 618 621 619 619 619 619 622 619 619 619 619 619 618 619 619 620 620 619 619 617 622 620 621 623 621 622 620 624 622 624 622 626 -9999 627 626 626 628 629 629 630 631 632 632 633 633 635 635 634 635 634 634 636 632 -9999 -9999 -9999 -9999 -9999 -9999 -9999 -9999 -9999 -9999
626 624 624 624 624 623 626 625 625 625 624 624 624 623 622 623 623 623 622 623 621 622 623 622 619 622 620 618 620 618 617 618 619 621 619 619 617 618 618 618 619 619 619 619 620 621 620 622 618 620 623 623 624 622 623 624 626 -9999 -9999 -9999 -9999 -9999 -9999 -9999 630 630 634 632 633 632 634 633 635 634 635 635 634 -9999 -9999 -9999 -9999 -9999 -9999 -9999 -9999 -9999 -9999 -9999
626 624 624 625 624 623 624 623 626 624 625 625 625 626 623 623 620 622 622 623 621 619 620 622 621 621 617 619 620 619 621 619 619 622 616 619 618 620 621 618 620 620 617 619 618 619 620 621 622 621 622 623 621 623 624 -9999 -9999 -9999 -9999 -9999 -9999 -9999 -9999 -9999 -9999 631 632 632 632 633 633 636 633 632 635 632 634 -9999 -9999 -9999 -9999 -9999 -9999 -9999 -9999 -9999 -9999 -9999
624 627 627 626 622 624 624 625 626 625 626 625 626 622 623 623 620 625 626 623 621 619 620 619 620 622 620 619 620 619 619 619 617 619 617 619 622 619 616 619 620 619 619 619 618 620 620 622 623 621 623 621 621 623 -9999 -9999 -9999 -9999 -9999 -9999 -9999 -9999 -9999 -9999 -9999 -9999 632 632 633 632 633 634 633 635 634 634 635 -9999 -9999 -9999 -9999 -9999 -9999 -9999 -9999 -9999 -9999 -9999
