Capas/PRESENTE/Eje_30s/ASC/bio_10.asc
ncols         993
nrows         433
xllcorner     -105.25566776747
yllcorner     17.599810932142
cellsize      0.0083333333
NODATA_value  -9999
[rows 180 to 215 of 433, columns 656 to 737 of 993]
2886 2885 2883 2881 2880 2881 2881 2881 2882 2883 2884 2884 2885 2889 2888 2887 2885 2885 2883 2883 2883 2883 2881 2879 2877 2878 2878 2879 2879 2878 2880 2882 2884 2886 2885 2888 2887 2889 2890 2890 2892 2893 2894 2893 2895 2895 2896 2898 2899 2900 2900 2901 2902 2903 2905 2905 2905 2908 2908 2909 2910 2909 2910 2913 2913 2915 2916 2917 2917 2918 2918 2919 2919 2920 2920 2921 2921 2921 2920 2919 2920 2922
2888 2887 2886 2884 2885 2884 2882 2882 2883 2885 2886 2888 2888 2888 2888 2886 2885 2883 2883 2881 2881 2879 2880 2879 2878 2878 2878 2878 2878 2878 2880 2882 2884 2884 2885 2887 2887 2888 2888 2889 2892 2891 2894 2893 2894 2894 2895 2896 2898 2898 2900 2901 2903 2903 2905 2906 2907 2908 2909 2910 2911 2911 2912 2913 2914 2915 2916 2916 2917 2918 2918 2919 2919 2920 2920 2921 2921 2921 2920 2920 2922 2922
2888 2888 2887 2886 2886 2885 2884 2883 2885 2885 2887 2889 2889 2889 2888 2887 2886 2884 2882 2881 2879 2878 2877 2877 2877 2877 2877 2876 2877 2877 2880 2882 2882 2882 2884 2884 2886 2885 2886 2889 2889 2891 2892 2893 2892 2892 2895 2896 2897 2898 2899 2901 2902 2904 2905 2905 2906 2907 2908 2909 2911 2912 2913 2913 2914 2914 2915 2916 2917 2917 2918 2918 2919 2919 2920 2921 2921 2921 2921 2922 2923 2924
2889 2889 2888 2888 2887 2887 2887 2887 2887 2887 2889 2889 2889 2889 2888 2888 2887 2886 2885 2883 2881 2878 2877 2875 2876 2875 2876 2875 2875 2877 2879 2880 2880 2880 2882 2883 2882 2884 2887 2889 2890 2891 2891 2893 2890 2892 2893 2895 2896 2897 2898 2900 2902 2903 2903 2904 2906 2907 2908 2910 2910 2911 2912 2912 2913 2914 2915 2915 2916 2917 2918 2918 2919 2919 2920 2920 2921 2922 2922 2922 2923 2924
2889 2889 2889 2889 2888 2889 2888 2889 2889 2889 2889 2889 2889 2888 2888 2888 2887 2886 2884 2883 2880 2880 2876 2876 2874 2874 2875 2874 2875 2875 2878 2878 2878 2879 2880 2881 2883 2884 2887 2889 2889 2890 2892 2891 2889 2890 2893 2893 2894 2896 2898 2899 2900 2902 2904 2905 2906 2908 2908 2909 2910 2910 2911 2912 2913 2913 2914 2915 2916 2916 2917 2918 2919 2919 2920 2920 2921 2921 2922 2923 2923 2924
2889 2889 2889 2889 2889 2889 2889 2889 2889 2889 2889 2889 2889 2889 2889 2889 2888 2887 2886 2884 2883 2880 2875 2873 2874 2873 2872 2872 2872 2873 2875 2876 2876 2877 2879 2879 2882 2885 2886 2886 2887 2889 2890 2889 2888 2891 2892 2892 2894 2895 2897 2899 2900 2901 2903 2904 2905 2906 2908 2909 2909 2910 2911 2911 2912 2913 2914 2915 2915 2916 2916 2917 2918 2919 2919 2920 2921 2921 2922 2922 2923 2924
2889 2889 2889 2889 2889 2889 2889 2889 2889 2889 2889 2889 2889 2889 2889 2889 2888 2888 2887 2886 2885 2883 2880 2876 2872 2871 2870 2869 2869 2870 2874 2873 2874 2877 2876 2879 2882 2885 2883 2884 2887 2886 2887 2888 2889 2890 2889 2891 2893 2894 2896 2897 2899 2901 2902 2903 2904 2906 2906 2908 2908 2909 2909 2910 2911 2912 2914 2915 2915 2915 2916 2917 2918 2919 2919 2920 2920 2921 2922 2922 2923 2923
2889 2889 2889 2889 2889 2889 2889 2889 2889 2889 2889 2889 2889 2888 2888 2888 2888 2888 2887 2886 2886 2885 2882 2877 2873 2867 2866 2866 2865 2867 2871 2869 2873 2875 2874 2878 2880 2881 2882 2884 2885 2885 2886 2888 2890 2888 2889 2891 2893 2894 2895 2897 2898 2899 2901 2902 2903 2905 2906 2906 2907 2908 2908 2909 2911 2912 2913 2914 2914 2915 2916 2916 2917 2918 2919 2920 2920 2921 2922 2922 2923 2923
2889 2889 2889 2889 2889 2889 2889 2889 2889 2889 2889 2889 2889 2889 2889 2888 2888 2888 2887 2885 2883 2883 2880 2875 2872 2869 2863 2864 2859 2864 2868 2869 2872 2868 2870 2875 2878 2879 2876 2880 2884 2883 2884 2887 2889 2888 2890 2893 2894 2896 2898 2899 2900 2900 2900 2902 2903 2904 2906 2907 2909 2909 2909 2910 2911 2912 2912 2912 2913 2914 2915 2916 2917 2918 2919 2920 2920 2921 2921 2922 2923 2923
2889 2889 2889 2889 2889 2889 2889 2889 2889 2889 2889 2889 2889 2889 2889 2889 2888 2888 2887 2887 2885 2883 2880 2876 2872 2867 2862 2862 2858 2861 2866 2867 2868 2863 2864 2868 2872 2875 2874 2879 2881 2881 2884 2885 2887 2886 2889 2890 2893 2895 2897 2898 2900 2902 2903 2903 2904 2905 2906 2907 2908 2909 2910 2910 2911 2910 2910 2911 2912 2914 2915 2916 2917 2918 2919 2919 2920 2920 2921 2921 2921 2922
2889 2889 2889 2889 2889 2889 2889 2889 2889 2889 2889 2889 2889 2889 2889 2889 2887 2886 2888 2887 2885 2882 2880 2875 2872 2866 2865 2861 2856 2857 2862 2864 2863 2860 2861 2864 2868 2872 2874 2877 2878 2880 2882 2885 2885 2886 2887 2889 2892 2894 2895 2897 2898 2900 2902 2903 2904 2905 2906 2907 2907 2908 2908 2909 2910 2911 2910 2911 2913 2914 2915 2916 2917 2917 2918 2919 2919 2919 2919 2918 2915 2918
2889 2889 2889 2889 2889 2889 2889 2889 2889 2889 2889 2889 2889 2889 2889 2889 2888 2888 2888 2887 2886 2883 2878 2875 2872 2867 2867 2861 2858 2855 2858 2860 2857 2859 2860 2863 2865 2871 2873 2876 2877 2880 2883 2884 2884 2886 2888 2890 2892 2894 2896 2897 2898 2900 2901 2902 2903 2905 2906 2906 2907 2906 2907 2908 2908 2910 2910 2911 2913 2912 2914 2916 2916 2917 2916 2917 2919 2918 2915 2915 2913 2914
2889 2889 2889 2889 2889 2889 2889 2889 2889 2889 2889 2889 2889 2889 2889 2889 2888 2888 2888 2887 2886 2884 2878 2872 2871 2871 2869 2865 2862 2855 2854 2855 2853 2856 2861 2862 2866 2870 2872 2875 2878 2880 2881 2881 2883 2886 2888 2890 2891 2893 2894 2896 2898 2899 2901 2902 2903 2903 2904 2905 2906 2906 2906 2907 2908 2909 2910 2911 2912 2912 2911 2913 2915 2915 2915 2916 2918 2916 2913 2907 2907 2906
2889 2889 2889 2889 2889 2889 2889 2889 2889 2889 2889 2888 2888 2889 2888 2889 2888 2888 2887 2886 2885 2881 2878 2875 2873 2868 2865 2864 2859 2856 2855 2851 2852 2854 2855 2857 2861 2864 2871 2875 2878 2882 2884 2885 2885 2885 2887 2889 2890 2892 2894 2896 2898 2898 2898 2900 2902 2902 2903 2904 2905 2905 2905 2906 2907 2908 2909 2910 2911 2911 2910 2913 2915 2915 2915 2916 2916 2912 2905 2901 2898 2897
2889 2889 2889 2889 2888 2888 2889 2889 2889 2889 2889 2889 2888 2888 2888 2888 2888 2887 2887 2886 2884 2882 2879 2875 2872 2867 2863 2859 2854 2852 2855 2852 2851 2851 2852 2856 2858 2862 2871 2875 2877 2880 2881 2885 2887 2889 2890 2891 2892 2892 2894 2897 2897 2896 2899 2900 2900 2902 2902 2903 2904 2905 2906 2906 2907 2908 2908 2909 2910 2909 2911 2912 2915 2915 2914 2915 2914 2912 2908 2906 2902 2900
2889 2889 2888 2888 2888 2888 2888 2888 2888 2888 2888 2888 2888 2888 2888 2888 2888 2888 2887 2886 2883 2881 2879 2876 2872 2869 2862 2857 2855 2853 2855 2854 2853 2854 2853 2855 2861 2865 2871 2874 2875 2879 2879 2881 2882 2884 2887 2889 2891 2894 2894 2894 2894 2895 2898 2898 2900 2900 2901 2901 2903 2904 2905 2907 2907 2908 2910 2911 2911 2912 2913 2913 2912 2911 2913 2913 2909 2908 2906 2912 2906 2903
2888 2889 2888 2888 2888 2888 2888 2888 2888 2888 2887 2886 2886 2887 2888 2888 2888 2887 2886 2886 2884 2882 2879 2876 2872 2867 2862 2856 2858 2856 2859 2857 2855 2854 2853 2858 2863 2867 2868 2868 2872 2877 2877 2879 2879 2884 2886 2889 2891 2890 2892 2892 2893 2896 2897 2898 2898 2899 2899 2901 2901 2900 2903 2906 2908 2909 2910 2911 2912 2911 2913 2914 2912 2908 2909 2912 2908 2905 2911 2914 2911 -9999
2888 2888 2888 2888 2888 2888 2888 2888 2887 2886 2882 2877 2882 2886 2887 2887 2887 2886 2885 2884 2883 2882 2880 2878 2875 2869 2864 2863 2862 2861 2861 2854 2850 2851 2848 2855 2861 2866 2863 2866 2873 2875 2875 2876 2878 2883 2886 2888 2889 2889 2890 2891 2894 2895 2896 2894 2897 2898 2899 2900 2898 2899 2905 2907 2908 2909 2909 2909 2911 2911 2913 2914 2912 2911 2912 2907 2905 2911 2916 2916 -9999 -9999
2888 2888 2888 2888 2888 2887 2887 2887 2887 2885 2881 2876 2880 2885 2887 2887 2886 2885 2885 2885 2884 2882 2880 2874 2871 2870 2865 2867 2864 2865 2860 2854 2845 2851 2850 2856 2861 2861 2860 2865 2871 2871 2872 2875 2880 2884 2885 2887 2888 2889 2890 2892 2893 2894 2892 2891 2895 2897 2897 2898 2897 2899 2905 2907 2907 2909 2909 2906 2910 2912 2913 2914 2914 2915 2914 2910 2911 2916 2917 -9999 -9999 -9999
2887 2888 2888 2887 2888 2886 2886 2885 2883 2882 2879 2878 2882 2884 2886 2886 2887 2886 2885 2884 2883 2882 2881 2877 2875 2872 2866 2868 2865 2866 2862 2858 2852 2852 2852 2855 2855 2857 2856 2865 2868 2867 2871 2872 2877 2882 2885 2885 2887 2887 2890 2892 2893 2891 2891 2892 2894 2895 2897 2899 2899 2901 2903 2903 2903 2906 2909 2909 2910 2912 2912 2913 2914 2915 2915 2913 2916 2917 2917 2914 -9999 -9999
2886 2887 2888 2886 2886 2887 2886 2884 2882 2880 2876 2879 2881 2884 2886 2886 2887 2886 2885 2885 2884 2883 2881 2879 2877 2872 2870 2869 2868 2866 2865 2863 2860 2853 2849 2854 2854 2856 2857 2862 2865 2865 2870 2873 2878 2880 2881 2884 2885 2887 2888 2890 2891 2888 2887 2888 2891 2895 2898 2900 2901 2902 2903 2902 2906 2906 2909 2910 2910 2911 2912 2913 2914 2915 2915 2912 2916 2917 2914 2906 -9999 -9999
2886 2887 2887 2887 2886 2887 2885 2884 2881 2878 2876 2881 2883 2885 2886 2886 2886 2885 2884 2884 2883 2881 2879 2878 2877 2874 2872 2871 2870 2868 2867 2865 2862 2857 2853 2854 2855 2858 2860 2860 2862 2866 2867 2872 2874 2876 2879 2882 2884 2887 2888 2890 2890 2888 2886 2884 2888 2895 2898 2899 2900 2902 2903 2904 2906 2908 2908 2909 2910 2910 2911 2912 2913 2914 2915 2916 2916 2917 2914 2907 -9999 -9999
2886 2886 2887 2887 2886 2886 2886 2884 2883 2881 2881 2881 2882 2883 2884 2884 2883 2881 2880 2879 2879 2878 2878 2876 2874 2874 2872 2872 2872 2869 2868 2866 2859 2855 2853 2854 2853 2855 2859 2858 2859 2861 2866 2870 2874 2877 2880 2882 2884 2885 2887 2888 2887 2889 2890 2890 2893 2896 2897 2897 2899 2900 2902 2904 2906 2906 2907 2908 2909 2910 2911 2912 2913 2914 2915 2916 2916 2916 2917 2916 2918 -9999
2886 2886 2888 2886 2886 2886 2886 2885 2884 2884 2883 2883 2883 2883 2884 2885 2883 2882 2881 2880 2879 2878 2878 2878 2876 2873 2873 2873 2872 2870 2868 2864 2860 2857 2859 2860 2855 2855 2857 2859 2858 2859 2862 2864 2870 2875 2876 2878 2879 2881 2880 2882 2883 2886 2890 2893 2894 2895 2895 2898 2898 2899 2900 2903 2904 2905 2907 2908 2909 2910 2911 2912 2913 2914 2915 2915 2916 2916 2917 2918 2916 -9999
2887 2887 2888 2887 2887 2886 2886 2886 2885 2885 2884 2884 2884 2884 2885 2883 2882 2882 2882 2881 2880 2880 2880 2878 2877 2875 2876 2875 2872 2873 2870 2866 2863 2862 2862 2859 2853 2854 2860 2857 2855 2854 2857 2860 2869 2873 2870 2871 2873 2876 2874 2878 2882 2889 2891 2892 2892 2894 2895 2897 2899 2901 2902 2904 2904 2905 2906 2908 2909 2910 2911 2912 2912 2913 2914 2915 2916 2916 2917 2918 2918 2917
2886 2886 2887 2887 2887 2887 2886 2886 2886 2886 2885 2885 2885 2885 2885 2884 2883 2883 2882 2881 2880 2881 2881 2879 2878 2878 2877 2875 2873 2875 2871 2866 2865 2864 2859 2855 2853 2856 2859 2857 2859 2856 2856 2862 2866 2868 2866 2872 2877 2880 2882 2885 2887 2889 2890 2891 2893 2894 2896 2899 2901 2902 2902 2904 2905 2906 2907 2908 2909 2909 2910 2911 2912 2913 2914 2915 2915 2916 2916 2917 2918 2918
2887 2887 2888 2887 2887 2886 2886 2887 2886 2886 2886 2886 2886 2885 2885 2885 2885 2884 2883 2882 2882 2882 2881 2880 2879 2879 2878 2876 2876 2873 2867 2867 2868 2864 2864 2860 2859 2862 2858 2857 2863 2861 2860 2856 2858 2859 2862 2870 2877 2881 2880 2880 2884 2887 2889 2892 2892 2894 2896 2898 2900 2899 2899 2903 2905 2906 2907 2907 2908 2909 2910 2911 2911 2912 2913 2914 2915 2916 2916 2917 2918 2918
2887 2887 2887 2887 2887 2887 2886 2887 2887 2886 2885 2886 2886 2886 2886 2885 2885 2885 2884 2884 2883 2883 2882 2882 2880 2880 2878 2878 2878 2876 2874 2874 2874 2872 2866 2861 2862 2866 2865 2862 2866 2862 2857 2854 2857 2861 2864 2869 2870 2876 2874 2872 2877 2884 2889 2888 2890 2894 2896 2898 2899 2898 2897 2902 2904 2904 2905 2907 2907 2908 2909 2910 2911 2912 2913 2914 2914 2915 2916 2916 2917 2918
2887 2887 2887 2886 2887 2887 2887 2887 2887 2886 2886 2886 2886 2886 2886 2886 2885 2885 2885 2885 2885 2884 2884 2882 2881 2880 2880 2879 2880 2879 2879 2879 2877 2873 2867 2866 2865 2871 2870 2869 2866 2860 2858 2857 2857 2860 2865 2867 2865 2873 2869 2868 2873 2881 2885 2884 2889 2892 2894 2896 2898 2899 2900 2901 2902 2904 2905 2906 2907 2908 2909 2910 2910 2911 2912 2913 2914 2915 2915 2916 2917 2917
2887 2887 2887 2887 2887 2886 2886 2886 2886 2886 2886 2886 2886 2886 2886 2886 2886 2886 2885 2886 2885 2884 2884 2883 2882 2882 2881 2881 2881 2881 2881 2880 2879 2875 2873 2875 2872 2874 2873 2868 2867 2866 2862 2863 2858 2857 2863 2862 2863 2871 2867 2868 2872 2878 2879 2885 2890 2892 2893 2894 2895 2896 2899 2901 2902 2903 2905 2905 2906 2907 2908 2909 2910 2911 2912 2913 2913 2914 2915 2916 2916 2917
2887 2887 2887 2886 2886 2887 2886 2886 2886 2886 2886 2886 2886 2886 2886 2886 2886 2886 2886 2885 2885 2885 2884 2883 2883 2883 2882 2882 2883 2883 2882 2882 2881 2879 2879 2878 2877 2876 2876 2873 2871 2871 2870 2868 2862 2856 2859 2858 2861 2868 2864 2866 2872 2875 2880 2886 2889 2892 2894 2896 2897 2898 2900 2901 2902 2903 2904 2904 2905 2906 2907 2908 2909 2910 2911 2912 2913 2914 2914 2915 2916 2916
2887 2887 2887 2886 2886 2886 2886 2886 2886 2886 2886 2885 2885 2885 2886 2885 2886 2886 2885 2885 2885 2885 2884 2884 2884 2884 2883 2884 2884 2884 2883 2883 2882 2881 2881 2879 2878 2878 2876 2875 2876 2874 2871 2868 2866 2861 2858 2857 2860 2865 2861 2865 2871 2876 2880 2883 2885 2889 2892 2895 2897 2899 2899 2900 2901 2902 2902 2903 2904 2905 2907 2908 2909 2910 2910 2911 2912 2913 2914 2915 2915 2916
2887 2886 2887 2886 2886 2886 2885 2885 2885 2885 2885 2885 2885 2885 2885 2885 2885 2885 2885 2885 2885 2884 2884 2884 2884 2884 2884 2884 2884 2884 2884 2884 2883 2882 2881 2881 2880 2878 2879 2878 2874 2872 2870 2867 2866 2864 2861 2860 2862 2862 2860 2865 2869 2876 2881 2884 2886 2889 2892 2895 2896 2896 2898 2900 2901 2900 2901 2902 2903 2904 2906 2907 2908 2909 2910 2911 2911 2912 2913 2914 2915 2915
2886 2886 2887 2886 2886 2885 2885 2885 2885 2885 2885 2885 2885 2885 2885 2885 2885 2885 2885 2885 2885 2885 2884 2884 2884 2884 2884 2884 2884 2884 2884 2884 2884 2883 2883 2881 2881 2881 2880 2878 2876 2872 2869 2867 2867 2866 2864 2866 2865 2860 2863 2868 2872 2876 2879 2884 2888 2890 2893 2893 2894 2896 2897 2899 2898 2898 2900 2902 2902 2904 2905 2906 2907 2908 2909 2910 2911 2912 2912 2913 2914 2915
2886 2886 2886 2885 2885 2885 2885 2885 2885 2885 2885 2884 2884 2884 2884 2885 2885 2885 2885 2885 2885 2884 2884 2884 2884 2884 2884 2884 2884 2884 2884 2884 2884 2883 2883 2881 2880 2879 2879 2877 2875 2873 2870 2865 2863 2867 2867 2867 2866 2863 2867 2869 2874 2879 2882 2884 2887 2889 2892 2893 2894 2895 2896 2896 2897 2899 2899 2900 2901 2902 2904 2905 2906 2907 2909 2910 2910 2911 2912 2913 2913 2914
2886 2886 2886 2885 2885 2885 2885 2885 2884 2884 2884 2884 2884 2884 2884 2884 2884 2884 2884 2885 2885 2884 2884 2884 2884 2884 2884 2884 2884 2884 2884 2884 2884 2884 2884 2884 2884 2883 2881 2878 2875 2870 2867 2863 2862 2862 2865 2865 2865 2865 2867 2869 2872 2872 2879 2885 2888 2889 2891 2892 2893 2894 2894 2895 2896 2896 2898 2899 2900 2902 2902 2904 2906 2907 2908 2909 2910 2910 2911 2912 2912 2913
