Capas/PRESENTE/Eje_30s/ASC/bio_10.asc
ncols         993
nrows         433
xllcorner     -105.25566776747
yllcorner     17.599810932142
cellsize      0.0083333333
NODATA_value  -9999
[rows 36 to 71 of 433, columns 0 to 81 of 993]
-9999 -9999 -9999 -9999 -9999 -9999 -9999 -9999 -9999 -9999 -9999 -9999 -9999 -9999 -9999 -9999 -9999 -9999 -9999 -9999 -9999 -9999 -9999 -9999 -9999 2996 3002 3002 3002 2997 2999 2998 2997 2998 2995 3003 3000 2988 2984 2978 2976 2981 2988 2996 2995 2986 2982 2972 2969 2967 2965 2959 2954 2952 2936 2930 2941 2930 2919 2931 2939 2950 2960 2965 2970 2972 2974 2975 2976 2972 2970 2975 2984 2993 2995 2992 2998 3000 2989 2982 2980 2981
-9999 -9999 -9999 -9999 -9999 -9999 -9999 -9999 -9999 -9999 -9999 -9999 -9999 -9999 -9999 -9999 -9999 -9999 -9999 -9999 -9999 -9999 -9999 -9999 -9999 2991 2997 3000 2997 2996 2998 2987 2990 2993 2987 2997 3002 3001 3001 2989 2985 2996 3000 3000 2996 2986 2980 2970 2959 2966 2975 2970 2969 2956 2949 2947 2951 2939 2925 2934 2943 2947 2954 2957 2966 2971 2973 2975 2977 2975 2976 2980 2989 2991 2985 2985 2991 2999 2988 2981 2979 2978
-9999 -9999 -9999 -9999 -9999 -9999 -9999 -9999 -9999 -9999 -9999 -9999 -9999 -9999 -9999 -9999 -9999 -9999 -9999 -9999 -9999 -9999 -9999 -9999 2977 2985 2992 2993 2993 2996 2997 2987 2989 2985 2981 2986 2992 2997 3000 2997 2997 2997 2995 2995 2995 2988 2981 2977 2973 2974 2982 2976 2969 2962 2963 2960 2954 2944 2929 2930 2938 2945 2954 2962 2965 2969 2971 2974 2976 2978 2978 2979 2988 2985 2982 2981 2988 2999 2996 2981 2978 2977
-9999 -9999 -9999 -9999 -9999 -9999 -9999 -9999 -9999 -9999 -9999 -9999 -9999 -9999 -9999 -9999 -9999 -9999 -9999 -9999 -9999 -9999 -9999 -9999 2979 2985 2984 2983 2986 2984 2983 2982 2980 2977 2969 2976 2980 2985 2983 2988 2981 2976 2979 2990 2991 2994 2994 2991 2989 2986 2987 2981 2974 2974 2973 2962 2956 2947 2932 2930 2942 2948 2956 2961 2962 2968 2973 2975 2978 2978 2976 2979 2987 2988 2985 2980 2983 2989 2995 2989 2982 2981
-9999 -9999 -9999 -9999 -9999 -9999 -9999 -9999 -9999 -9999 -9999 -9999 -9999 -9999 -9999 -9999 -9999 -9999 -9999 -9999 -9999 -9999 -9999 -9999 2988 2989 2987 2980 2979 2978 2971 2970 2974 2979 2974 2970 2969 2963 2963 2961 2963 2961 2975 2984 2987 2990 2987 2985 2991 2989 2986 2986 2980 2978 2971 2963 2959 2947 2938 2931 2939 2946 2954 2958 2959 2967 2974 2973 2981 2978 2976 2984 2986 2981 2984 2977 2975 2981 2989 2999 2988 2982
-9999 -9999 -9999 -9999 -9999 -9999 -9999 -9999 -9999 -9999 -9999 -9999 -9999 -9999 -9999 -9999 -9999 -9999 -9999 -9999 -9999 -9999 -9999 2990 2990 2990 2983 2977 2968 2971 2968 2965 2965 2970 2969 2961 2951 2954 2958 2953 2947 2959 2973 2973 2983 2986 2988 2977 2978 2979 2973 2984 2983 2983 2976 2969 2965 2955 2945 2937 2937 2944 2951 2957 2962 2969 2971 2972 2976 2978 2984 2986 2983 2982 2979 2972 2964 2974 2985 2995 2992 2981
-9999 -9999 -9999 -9999 -9999 -9999 -9999 -9999 -9999 -9999 -9999 -9999 -9999 -9999 -9999 -9999 -9999 -9999 -9999 -9999 -9999 -9999 -9999 2996 2994 2986 2983 2978 2974 2976 2973 2969 2964 2962 2964 2956 2948 2947 2954 2952 2945 2950 2956 2960 2973 2978 2983 2979 2966 2966 2964 2971 2968 2979 2979 2970 2968 2958 2951 2940 2939 2945 2952 2958 2961 2965 2966 2966 2967 2970 2978 2982 2979 2980 2974 2968 2962 2962 2971 2988 2993 2982
-9999 -9999 -9999 -9999 -9999 -9999 -9999 -9999 -9999 -9999 -9999 -9999 -9999 -9999 -9999 -9999 -9999 -9999 -9999 -9999 -9999 -9999 -9999 2993 2987 2988 2991 2986 2985 2984 2981 2980 2975 2966 2957 2956 2951 2949 2949 2947 2940 2937 2943 2953 2966 2977 2978 2977 2974 2965 2952 2950 2956 2973 2980 2974 2970 2963 2949 2940 2930 2932 2933 2942 2946 2959 2963 2963 2962 2970 2972 2978 2982 2975 2973 2973 2970 2967 2972 2983 2994 2983
-9999 -9999 -9999 -9999 -9999 -9999 -9999 -9999 -9999 -9999 -9999 -9999 -9999 -9999 -9999 -9999 -9999 -9999 -9999 -9999 -9999 -9999 2994 2992 2993 2995 2991 2989 2990 2988 2987 2982 2975 2969 2968 2965 2958 2945 2937 2936 2934 2942 2953 2959 2969 2977 2978 2969 2971 2960 2946 2939 2954 2970 2978 2967 2964 2962 2950 2929 2916 2915 2914 2930 2948 2955 2960 2960 2960 2965 2961 2973 2980 2980 2976 2975 2973 2975 2982 2991 2992 2986
-9999 -9999 -9999 -9999 -9999 -9999 -9999 -9999 -9999 -9999 -9999 -9999 -9999 -9999 -9999 -9999 -9999 -9999 -9999 -9999 -9999 -9999 2998 2997 2996 2998 2996 2996 2992 2991 2990 2986 2982 2979 2973 2966 2951 2943 2938 2938 2939 2942 2952 2964 2970 2968 2975 2965 2962 2955 2940 2939 2955 2966 2975 2972 2961 2963 2951 2940 2934 2929 2917 2928 2943 2952 2957 2948 2952 2948 2954 2960 2971 2979 2972 2967 2968 2969 2975 2991 2986 2979
-9999 -9999 -9999 -9999 -9999 -9999 -9999 -9999 -9999 -9999 -9999 -9999 -9999 -9999 -9999 -9999 -9999 -9999 -9999 -9999 -9999 -9999 2999 2999 2998 2994 2991 2991 2990 2990 2985 2988 2987 2983 2978 2971 2962 2951 2946 2947 2947 2947 2956 2964 2955 2960 2971 2962 2948 2940 2938 2943 2948 2963 2967 2970 2972 2962 2948 2948 2950 2939 2930 2927 2942 2951 2947 2940 2936 2934 2943 2953 2967 2978 2974 2959 2955 2964 2977 2992 2989 2978
-9999 -9999 -9999 -9999 -9999 -9999 -9999 -9999 -9999 -9999 -9999 -9999 -9999 -9999 -9999 -9999 -9999 -9999 -9999 -9999 -9999 2997 2995 2991 2993 2993 2986 2985 2983 2982 2986 2978 2981 2985 2982 2977 2969 2962 2956 2957 2960 2957 2958 2960 2950 2960 2963 2952 2950 2951 2951 2951 2953 2963 2958 2958 2973 2968 2962 2959 2951 2946 2939 2932 2938 2940 2939 2929 2929 2942 2951 2954 2972 2968 2968 2961 2954 2965 2975 2988 2994 2992
-9999 -9999 -9999 -9999 -9999 -9999 -9999 -9999 -9999 -9999 -9999 -9999 -9999 -9999 -9999 -9999 -9999 -9999 -9999 -9999 -9999 2993 2993 2992 2989 2990 2985 2983 2977 2976 2985 2980 2975 2976 2981 2981 2979 2976 2970 2967 2966 2963 2957 2956 2952 2956 2962 2950 2944 2949 2952 2952 2954 2954 2948 2966 2966 2964 2963 2957 2945 2929 2926 2920 2917 2928 2925 2919 2921 2940 2954 2963 2972 2961 2954 2959 2960 2971 2979 2985 2990 2994
-9999 -9999 -9999 -9999 -9999 -9999 -9999 -9999 -9999 -9999 -9999 -9999 -9999 -9999 -9999 -9999 -9999 -9999 -9999 -9999 -9999 2991 2991 2990 2991 2992 2989 2985 2977 2972 2983 2980 2978 2975 2968 2973 2973 2968 2971 2971 2966 2962 2955 2953 2953 2953 2956 2956 2948 2943 2945 2948 2952 2945 2948 2964 2959 2947 2952 2949 2931 2923 2923 2914 2902 2909 2905 2910 2918 2926 2941 2953 2967 2960 2957 2952 2957 2969 2976 2983 2989 2992
-9999 -9999 -9999 -9999 -9999 -9999 -9999 -9999 -9999 -9999 -9999 -9999 -9999 -9999 -9999 -9999 -9999 -9999 -9999 -9999 2994 2992 2989 2987 2989 2989 2985 2986 2980 2972 2974 2977 2974 2977 2970 2964 2957 2952 2962 2967 2963 2960 2959 2957 2954 2945 2947 2947 2946 2941 2935 2939 2948 2940 2947 2955 2960 2939 2931 2934 2929 2918 2914 2908 2898 2905 2905 2909 2922 2930 2934 2956 2963 2958 2951 2936 2948 2963 2967 2974 2979 2988
-9999 -9999 -9999 -9999 -9999 -9999 -9999 -9999 -9999 -9999 -9999 -9999 -9999 -9999 -9999 -9999 -9999 -9999 -9999 -9999 2997 2994 2992 2992 2989 2985 2982 2978 2980 2977 2970 2968 2971 2973 2973 2964 2951 2949 2951 2962 2963 2965 2960 2954 2950 2941 2937 2935 2942 2935 2925 2930 2940 2931 2935 2939 2954 2942 2932 2931 2927 2918 2910 2903 2908 2916 2916 2921 2932 2939 2951 2963 2955 2949 2936 2925 2934 2945 2954 2966 2973 2985
-9999 -9999 -9999 -9999 -9999 -9999 -9999 -9999 -9999 -9999 -9999 -9999 -9999 -9999 -9999 -9999 -9999 -9999 -9999 -9999 2998 2996 2993 2992 2988 2980 2974 2972 2973 2979 2972 2965 2964 2969 2970 2964 2958 2952 2950 2957 2961 2961 2961 2954 2946 2945 2938 2934 2933 2929 2922 2927 2922 2921 2927 2922 2940 2936 2927 2926 2915 2909 2911 2911 2918 2926 2925 2925 2935 2949 2958 2956 2957 2946 2925 2906 2906 2922 2942 2960 2974 2982
-9999 -9999 -9999 -9999 -9999 -9999 -9999 -9999 -9999 -9999 -9999 -9999 -9999 -9999 -9999 -9999 -9999 -9999 -9999 3001 2999 2996 2993 2991 2984 2973 2964 2966 2971 2974 2966 2959 2960 2964 2970 2966 2962 2957 2953 2959 2960 2955 2957 2957 2946 2938 2938 2937 2935 2932 2926 2915 2906 2919 2924 2929 2941 2937 2932 2927 2915 2904 2912 2919 2924 2933 2933 2940 2951 2958 2954 2943 2946 2943 2924 2904 2897 2919 2938 2954 2965 2973
-9999 -9999 -9999 -9999 -9999 -9999 -9999 -9999 -9999 -9999 -9999 -9999 -9999 -9999 -9999 -9999 -9999 -9999 -9999 2998 2992 2995 2989 2988 2982 2971 2963 2961 2962 2971 2968 2962 2959 2961 2967 2963 2956 2947 2942 2951 2954 2955 2947 2951 2954 2945 2941 2930 2926 2925 2925 2916 2905 2916 2921 2928 2936 2938 2939 2932 2921 2915 2920 2925 2931 2940 2946 2948 2954 2954 2953 2934 2929 2939 2925 2907 2901 2923 2940 2952 2958 2964
-9999 -9999 -9999 -9999 -9999 -9999 -9999 -9999 -9999 -9999 -9999 -9999 -9999 -9999 -9999 -9999 -9999 -9999 -9999 2996 2990 2988 2983 2984 2976 2963 2960 2956 2959 2968 2965 2961 2959 2964 2961 2953 2959 2952 2939 2941 2946 2950 2941 2944 2948 2945 2944 2933 2919 2911 2913 2908 2901 2911 2916 2924 2931 2931 2939 2936 2921 2924 2928 2934 2938 2945 2944 2943 2949 2953 2945 2929 2916 2912 2919 2911 2902 2922 2937 2938 2953 2957
-9999 -9999 -9999 -9999 -9999 -9999 -9999 -9999 -9999 -9999 -9999 -9999 -9999 -9999 -9999 -9999 -9999 -9999 2993 2989 2990 2984 2980 2977 2970 2964 2963 2965 2960 2962 2960 2957 2954 2960 2952 2948 2950 2949 2936 2934 2940 2943 2935 2939 2946 2935 2935 2936 2928 2916 2904 2886 2880 2890 2900 2918 2924 2930 2934 2936 2920 2917 2917 2920 2930 2945 2941 2938 2939 2943 2945 2926 2913 2901 2893 2901 2893 2920 2918 2924 2939 2952
-9999 -9999 -9999 -9999 -9999 -9999 -9999 -9999 -9999 -9999 -9999 -9999 -9999 -9999 -9999 -9999 -9999 -9999 2988 2987 2986 2981 2979 2982 2976 2975 2969 2960 2949 2949 2952 2948 2948 2951 2945 2938 2936 2944 2944 2945 2943 2932 2928 2930 2942 2937 2922 2917 2924 2920 2900 2876 2871 2881 2895 2905 2913 2923 2934 2936 2931 2919 2915 2925 2934 2942 2945 2937 2924 2930 2940 2926 2909 2901 2887 2879 2890 2903 2915 2932 2941 2952
-9999 -9999 -9999 -9999 -9999 -9999 -9999 -9999 -9999 -9999 -9999 -9999 -9999 -9999 -9999 -9999 -9999 -9999 2980 2983 2986 2982 2982 2987 2984 2979 2972 2966 2958 2952 2952 2946 2947 2949 2945 2942 2938 2945 2954 2953 2939 2925 2918 2915 2934 2931 2915 2903 2907 2917 2897 2875 2870 2883 2895 2905 2917 2923 2934 2930 2927 2916 2911 2920 2925 2930 2941 2944 2936 2930 2925 2921 2915 2909 2899 2886 2880 2879 2895 2910 2921 2935
-9999 -9999 -9999 -9999 -9999 -9999 -9999 -9999 -9999 -9999 -9999 -9999 -9999 -9999 -9999 -9999 -9999 -9999 2987 2990 2988 2983 2986 2987 2983 2979 2976 2971 2962 2960 2965 2955 2946 2954 2954 2953 2952 2958 2960 2955 2942 2921 2906 2906 2919 2922 2908 2894 2899 2905 2901 2882 2877 2887 2897 2905 2916 2926 2933 2928 2920 2913 2906 2912 2921 2931 2938 2935 2941 2940 2933 2926 2919 2915 2911 2903 2887 2868 2883 2908 2926 2938
-9999 -9999 -9999 -9999 -9999 -9999 -9999 -9999 -9999 -9999 -9999 -9999 -9999 -9999 -9999 -9999 -9999 -9999 2998 2992 2990 2987 2990 2985 2981 2973 2970 2963 2958 2969 2967 2950 2944 2955 2966 2965 2964 2964 2950 2945 2939 2934 2921 2906 2906 2919 2909 2898 2885 2885 2886 2882 2875 2889 2900 2911 2918 2925 2929 2924 2920 2909 2902 2915 2924 2932 2935 2931 2931 2938 2932 2927 2927 2918 2909 2893 2877 2875 2879 2899 2914 2926
-9999 -9999 -9999 -9999 -9999 -9999 -9999 -9999 -9999 -9999 -9999 -9999 -9999 -9999 -9999 -9999 -9999 3003 3003 2996 2997 2994 2992 2984 2983 2977 2977 2964 2960 2974 2968 2952 2951 2950 2962 2974 2969 2962 2956 2955 2949 2940 2927 2908 2903 2909 2904 2894 2894 2900 2887 2872 2874 2885 2899 2899 2904 2914 2927 2922 2916 2912 2901 2911 2921 2925 2928 2931 2927 2927 2935 2928 2916 2915 2908 2899 2880 2882 2880 2895 2911 2917
-9999 -9999 -9999 -9999 -9999 -9999 -9999 -9999 -9999 -9999 -9999 -9999 -9999 -9999 -9999 -9999 -9999 2998 3001 3002 2999 2996 2994 2984 2988 2983 2987 2970 2968 2980 2969 2960 2960 2964 2962 2978 2973 2964 2957 2954 2946 2937 2921 2920 2913 2913 2915 2912 2912 2905 2894 2876 2882 2892 2892 2898 2909 2920 2923 2918 2912 2908 2898 2908 2920 2918 2919 2927 2925 2922 2929 2920 2915 2906 2902 2892 2885 2887 2886 2899 2908 2910
-9999 -9999 -9999 -9999 -9999 -9999 -9999 -9999 -9999 -9999 -9999 -9999 -9999 -9999 -9999 -9999 -9999 2994 2996 3001 3002 3000 3000 2993 2998 2997 2996 2988 2990 2982 2977 2978 2973 2979 2983 2982 2970 2949 2939 2938 2937 2931 2925 2925 2922 2925 2922 2920 2913 2901 2885 2876 2886 2888 2893 2900 2910 2920 2920 2919 2914 2905 2893 2908 2915 2908 2920 2923 2918 2917 2926 2925 2920 2917 2907 2888 2890 2893 2887 2900 2907 2908
-9999 -9999 -9999 -9999 -9999 -9999 -9999 -9999 -9999 -9999 -9999 -9999 -9999 -9999 -9999 -9999 -9999 2991 2992 2997 2997 2998 2997 3000 2993 2990 2990 2996 2998 2995 2998 2993 2987 2990 2986 2973 2971 2965 2955 2947 2937 2930 2930 2930 2929 2926 2922 2918 2910 2905 2891 2883 2879 2890 2897 2909 2914 2911 2921 2918 2911 2907 2900 2899 2907 2900 2905 2917 2915 2910 2924 2919 2914 2911 2906 2888 2891 2896 2892 2903 2909 2911
-9999 -9999 -9999 -9999 -9999 -9999 -9999 -9999 -9999 -9999 -9999 -9999 -9999 -9999 -9999 -9999 -9999 2987 2984 2989 2990 2994 2995 2990 2989 2980 2984 2984 2988 2992 2991 2993 2993 2983 2974 2974 2972 2965 2959 2949 2934 2929 2935 2932 2928 2926 2923 2926 2923 2904 2907 2903 2886 2882 2898 2905 2906 2907 2920 2921 2915 2911 2902 2890 2890 2890 2892 2907 2908 2918 2918 2906 2900 2895 2893 2887 2894 2897 2891 2900 2907 2915
-9999 -9999 -9999 -9999 -9999 -9999 -9999 -9999 -9999 -9999 -9999 -9999 -9999 -9999 -9999 -9999 -9999 2979 2979 2982 2984 2983 2990 2987 2979 2972 2978 2977 2973 2974 2982 2975 2982 2992 2973 2959 2954 2943 2938 2933 2928 2931 2939 2930 2936 2933 2926 2932 2932 2924 2922 2906 2890 2884 2896 2899 2900 2908 2914 2921 2913 2906 2901 2888 2883 2887 2885 2895 2912 2915 2909 2893 2885 2875 2880 2892 2901 2895 2891 2896 2907 2918
-9999 -9999 -9999 -9999 -9999 -9999 -9999 -9999 -9999 -9999 -9999 -9999 -9999 -9999 -9999 -9999 -9999 2964 2970 2972 2967 2969 2981 2987 2978 2967 2966 2965 2954 2967 2968 2953 2963 2987 2987 2978 2960 2936 2925 2926 2931 2941 2947 2939 2940 2931 2925 2935 2935 2929 2915 2904 2897 2894 2892 2896 2904 2908 2915 2916 2911 2907 2905 2892 2882 2879 2883 2897 2900 2904 2895 2882 2880 2880 2884 2898 2903 2897 2891 2892 2907 2918
-9999 -9999 -9999 -9999 -9999 -9999 -9999 -9999 -9999 -9999 -9999 -9999 -9999 -9999 -9999 -9999 -9999 2954 2962 2960 2955 2964 2979 2983 2978 2969 2957 2943 2948 2964 2953 2932 2945 2957 2970 2984 2968 2958 2947 2946 2951 2958 2952 2945 2942 2936 2929 2937 2942 2935 2921 2912 2899 2902 2899 2902 2904 2902 2911 2911 2906 2909 2901 2889 2888 2885 2887 2888 2886 2886 2887 2888 2888 2896 2901 2907 2903 2900 2896 2895 2908 2921
-9999 -9999 -9999 -9999 -9999 -9999 -9999 -9999 -9999 -9999 -9999 -9999 -9999 -9999 -9999 -9999 -9999 2963 2966 2959 2954 2965 2975 2976 2969 2967 2964 2943 2937 2949 2951 2930 2931 2949 2960 2967 2980 2981 2977 2963 2956 2955 2948 2935 2937 2936 2927 2937 2946 2934 2928 2921 2912 2916 2911 2911 2910 2910 2915 2912 2907 2904 2902 2901 2898 2890 2883 2881 2883 2882 2889 2899 2900 2904 2909 2911 2904 2894 2896 2898 2911 2920
-9999 -9999 -9999 -9999 -9999 -9999 -9999 -9999 -9999 -9999 -9999 -9999 -9999 -9999 -9999 -9999 -9999 2971 2974 2960 2955 2965 2963 2969 2963 2951 2960 2946 2933 2940 2945 2931 2936 2943 2938 2952 2962 2964 2970 2955 2947 2943 2943 2934 2935 2933 2927 2942 2948 2943 2936 2919 2922 2926 2926 2917 2913 2922 2921 2909 2904 2905 2900 2891 2895 2893 2887 2884 2886 2887 2893 2906 2908 2911 2913 2911 2908 2905 2902 2903 2916 2928
-9999 -9999 -9999 -9999 -9999 -9999 -9999 -9999 -9999 -9999 -9999 -9999 -9999 -9999 -9999 -9999 -9999 2983 2976 2964 2956 2957 2955 2957 2952 2946 2950 2943 2935 2929 2931 2930 2935 2938 2936 2939 2940 2949 2968 2967 2944 2947 2941 2943 2940 2937 2944 2950 2950 2944 2936 2921 2925 2939 2933 2925 2926 2929 2921 2917 2911 2921 2919 2903 2886 2887 2890 2885 2887 2892 2898 2906 2910 2914 2917 2919 2917 2914 2904 2902 2911 2923
