Capas/PRESENTE/Eje_30s/ASC/bio_01.asc
ncols         993
nrows         433
xllcorner     -105.25566776747
yllcorner     17.599810932142
cellsize      0.0083333333
NODATA_value  -9999
[rows 72 to 107 of 433, columns 328 to 409 of 993]
2910 2910 2910 2911 2912 2913 2913 2914 2916 2922 2920 2918 2915 2914 2914 2915 2913 2913 2913 2911 2908 2904 -9999 -9999 -9999 -9999 -9999 -9999 -9999 -9999 -9999 -9999 -9999 -9999 -9999 -9999 -9999 -9999 -9999 -9999 -9999 -9999 -9999 -9999 -9999 -9999 -9999 -9999 -9999 -9999 -9999 -9999 -9999 -9999 -9999 -9999 -9999 -9999 -9999 -9999 -9999 -9999 -9999 -9999 -9999 -9999 -9999 -9999 -9999 -9999 -9999 -9999 -9999 -9999 -9999 -9999 -9999 -9999 -9999 -9999 -9999 -9999
2909 2909 2910 2911 2912 2913 2914 2916 2917 2923 2920 2917 2917 2918 2915 2914 2914 2913 2912 2910 2906 2899 2890 2892 -9999 -9999 -9999 -9999 -9999 -9999 -9999 -9999 -9999 -9999 -9999 -9999 -9999 -9999 -9999 -9999 -9999 -9999 -9999 -9999 -9999 -9999 -9999 -9999 -9999 -9999 -9999 -9999 -9999 -9999 -9999 -9999 -9999 -9999 -9999 -9999 -9999 -9999 -9999 -9999 -9999 -9999 -9999 -9999 -9999 -9999 -9999 -9999 -9999 -9999 -9999 -9999 -9999 -9999 -9999 -9999 -9999 -9999
2910 2910 2911 2911 2912 2916 2916 2917 2918 2922 2927 2925 2921 2918 2916 2914 2912 2912 2912 2912 2909 2900 2895 2894 2903 2908 -9999 -9999 -9999 -9999 -9999 -9999 -9999 -9999 -9999 -9999 -9999 -9999 -9999 -9999 -9999 -9999 -9999 -9999 -9999 -9999 -9999 -9999 -9999 -9999 -9999 -9999 -9999 -9999 -9999 -9999 -9999 -9999 -9999 -9999 -9999 -9999 -9999 -9999 -9999 -9999 -9999 -9999 -9999 -9999 -9999 -9999 -9999 -9999 -9999 -9999 -9999 -9999 -9999 -9999 -9999 -9999
2915 2912 2912 2912 2914 2920 2928 2923 2917 2918 2929 2919 2916 2916 2916 2915 2915 2914 2914 2917 2915 2911 2907 2909 2905 2907 2915 2921 -9999 -9999 -9999 -9999 -9999 -9999 -9999 -9999 -9999 -9999 -9999 -9999 -9999 -9999 -9999 -9999 -9999 -9999 -9999 -9999 -9999 -9999 -9999 -9999 -9999 -9999 -9999 -9999 -9999 -9999 -9999 -9999 -9999 -9999 -9999 -9999 -9999 -9999 -9999 -9999 -9999 -9999 -9999 -9999 -9999 -9999 -9999 -9999 -9999 -9999 -9999 -9999 -9999 -9999
2923 2924 2916 2917 2926 2926 2931 2929 2930 2930 2929 2920 2917 2917 2916 2918 2917 2917 2918 2917 2920 2922 2917 2921 2913 2915 2924 2923 2923 2923 2921 -9999 -9999 -9999 -9999 -9999 -9999 -9999 -9999 -9999 -9999 -9999 -9999 -9999 -9999 -9999 -9999 -9999 -9999 -9999 -9999 -9999 -9999 -9999 -9999 -9999 -9999 -9999 -9999 -9999 -9999 -9999 -9999 -9999 -9999 -9999 -9999 -9999 -9999 -9999 -9999 -9999 -9999 -9999 -9999 -9999 -9999 -9999 -9999 -9999 -9999 -9999
2916 2927 2924 2923 2932 2933 2932 2925 2928 2925 2920 2918 2922 2919 2916 2919 2922 2919 2924 2925 2920 2923 2926 2926 2923 2925 2927 2927 2926 2923 2919 2923 2922 2921 2920 2919 -9999 -9999 -9999 -9999 -9999 -9999 -9999 -9999 -9999 -9999 -9999 -9999 -9999 -9999 -9999 -9999 -9999 -9999 -9999 -9999 -9999 -9999 -9999 -9999 -9999 -9999 -9999 -9999 -9999 -9999 -9999 -9999 -9999 -9999 -9999 -9999 -9999 -9999 -9999 -9999 -9999 -9999 -9999 -9999 -9999 -9999
2925 2930 2933 2934 2933 2928 2919 2915 2917 2920 2918 2920 2924 2921 2917 2920 2926 2927 2928 2931 2930 2929 2929 2931 2931 2930 2928 2928 2926 2926 2925 2922 2919 2917 2918 2917 2922 2919 2915 2911 2909 2909 -9999 -9999 -9999 -9999 -9999 -9999 -9999 -9999 -9999 -9999 -9999 -9999 -9999 -9999 -9999 -9999 -9999 -9999 -9999 -9999 -9999 -9999 -9999 -9999 -9999 -9999 -9999 -9999 -9999 -9999 -9999 -9999 -9999 -9999 -9999 -9999 -9999 -9999 -9999 -9999
2935 2935 2935 2933 2924 2918 2911 2912 2914 2921 2925 2926 2928 2927 2928 2930 2930 2931 2930 2933 2934 2934 2932 2933 2928 2921 2923 2923 2915 2915 2921 2925 2924 2922 2920 2918 2924 2926 2921 2916 2912 2911 2910 2909 2909 2908 2909 2910 2910 -9999 -9999 -9999 -9999 -9999 -9999 -9999 -9999 -9999 -9999 -9999 -9999 -9999 -9999 -9999 -9999 -9999 -9999 -9999 -9999 -9999 -9999 -9999 -9999 -9999 -9999 -9999 -9999 -9999 -9999 -9999 -9999 -9999
2934 2931 2927 2923 2919 2916 2914 2917 2917 2924 2928 2929 2929 2930 2930 2931 2933 2933 2933 2934 2934 2933 2933 2934 2927 2923 2924 2926 2925 2921 2917 2918 2921 2918 2918 2916 2919 2926 2920 2920 2917 2915 2917 2918 2913 2912 2914 2917 2915 2914 2919 2915 -9999 -9999 -9999 -9999 -9999 -9999 -9999 -9999 -9999 -9999 -9999 -9999 -9999 -9999 -9999 -9999 -9999 -9999 -9999 -9999 -9999 -9999 -9999 -9999 -9999 -9999 -9999 -9999 -9999 -9999
2933 2926 2923 2927 2929 2929 2927 2922 2918 2930 2931 2928 2928 2923 2918 2920 2932 2933 2934 2934 2934 2935 2935 2935 2930 2930 2930 2927 2925 2921 2918 2920 2918 2913 2915 2916 2919 2928 2924 2924 2925 2922 2921 2922 2920 2922 2924 2923 2921 2921 2920 2916 2915 -9999 -9999 -9999 -9999 -9999 -9999 -9999 -9999 -9999 -9999 -9999 -9999 -9999 -9999 -9999 -9999 -9999 -9999 -9999 -9999 -9999 -9999 -9999 -9999 -9999 -9999 -9999 -9999 -9999
2936 2933 2934 2934 2932 2929 2928 2924 2925 2932 2932 2929 2930 2919 2916 2921 2931 2932 2934 2929 2931 2932 2934 2935 2933 2928 2921 2918 2915 2915 2917 2923 2921 2917 2919 2926 2926 2930 2927 2925 2922 2919 2922 2925 2924 2923 2919 2918 2920 2920 2914 2911 2907 2906 -9999 -9999 -9999 -9999 -9999 -9999 -9999 -9999 -9999 -9999 -9999 -9999 -9999 -9999 -9999 -9999 -9999 -9999 -9999 -9999 -9999 -9999 -9999 -9999 -9999 -9999 -9999 -9999
2937 2936 2936 2934 2930 2922 2916 2913 2919 2931 2934 2933 2932 2930 2928 2929 2935 2934 2931 2923 2922 2925 2929 2934 2932 2925 2920 2919 2921 2923 2924 2926 2924 2917 2921 2928 2931 2927 2923 2921 2919 2918 2919 2915 2920 2923 2915 2911 2910 2913 2912 2913 2910 2910 2913 -9999 -9999 -9999 -9999 -9999 -9999 -9999 -9999 -9999 -9999 -9999 -9999 -9999 -9999 -9999 -9999 -9999 -9999 -9999 -9999 -9999 -9999 -9999 -9999 -9999 -9999 -9999
2937 2936 2936 2936 2934 2930 2923 2918 2928 2931 2935 2935 2935 2935 2936 2936 2935 2932 2925 2924 2926 2933 2935 2935 2929 2924 2923 2926 2929 2931 2932 2932 2925 2916 2924 2929 2930 2925 2925 2925 2924 2924 2922 2920 2921 2920 2913 2908 2908 2915 2916 2913 2911 2913 2915 2912 2913 -9999 -9999 -9999 -9999 -9999 -9999 -9999 -9999 -9999 -9999 -9999 -9999 -9999 -9999 -9999 -9999 -9999 -9999 -9999 -9999 -9999 -9999 -9999 -9999 -9999
2937 2937 2937 2936 2935 2935 2934 2934 2936 2936 2936 2936 2936 2936 2937 2936 2934 2932 2933 2933 2935 2935 2932 2931 2928 2930 2931 2929 2930 2932 2933 2934 2933 2931 2929 2930 2930 2923 2920 2920 2923 2924 2923 2920 2916 2913 2913 2911 2910 2917 2919 2917 2915 2913 2916 2918 2918 2921 -9999 -9999 -9999 -9999 -9999 -9999 -9999 -9999 -9999 -9999 -9999 -9999 -9999 -9999 -9999 -9999 -9999 -9999 -9999 -9999 -9999 -9999 -9999 -9999
2937 2937 2937 2937 2937 2937 2937 2937 2937 2936 2936 2937 2937 2937 2937 2937 2937 2937 2937 2936 2934 2931 2927 2928 2929 2931 2932 2926 2921 2925 2932 2934 2935 2934 2931 2928 2929 2924 2923 2923 2923 2921 2919 2918 2912 2909 2913 2916 2918 2921 2924 2923 2921 2916 2916 2917 2921 2923 2919 -9999 -9999 -9999 -9999 -9999 -9999 -9999 -9999 -9999 -9999 -9999 -9999 -9999 -9999 -9999 -9999 -9999 -9999 -9999 -9999 -9999 -9999 -9999
2937 2937 2937 2937 2937 2937 2937 2937 2937 2937 2937 2937 2937 2937 2937 2937 2937 2935 2930 2924 2923 2925 2926 2926 2926 2928 2933 2929 2924 2929 2934 2935 2935 2934 2930 2929 2929 2928 2927 2924 2924 2922 2920 2918 2912 2912 2915 2919 2922 2924 2925 2924 2922 2920 2918 2917 2917 2921 2918 2918 -9999 -9999 -9999 -9999 -9999 -9999 -9999 -9999 -9999 -9999 -9999 -9999 -9999 -9999 -9999 -9999 -9999 -9999 -9999 -9999 -9999 -9999
2934 2933 2936 2937 2937 2937 2937 2937 2937 2937 2937 2937 2937 2937 2937 2937 2937 2928 2920 2919 2920 2922 2927 2928 2930 2933 2935 2935 2935 2936 2936 2936 2936 2935 2933 2927 2928 2926 2924 2925 2926 2925 2923 2922 2918 2917 2920 2922 2923 2925 2925 2923 2921 2920 2917 2918 2921 2924 2921 2921 2921 -9999 -9999 -9999 -9999 -9999 -9999 -9999 -9999 -9999 -9999 -9999 -9999 -9999 -9999 -9999 -9999 -9999 -9999 -9999 -9999 -9999
2918 2923 2931 2936 2937 2938 2938 2937 2937 2938 2938 2937 2937 2937 2937 2937 2937 2931 2924 2920 2920 2922 2924 2923 2923 2932 2935 2936 2935 2933 2931 2930 2931 2931 2928 2926 2925 2925 2925 2928 2927 2927 2927 2926 2926 2925 2925 2924 2923 2925 2926 2925 2926 2925 2924 2924 2925 2926 2924 2923 2923 2926 -9999 -9999 -9999 -9999 -9999 -9999 -9999 -9999 -9999 -9999 -9999 -9999 -9999 -9999 -9999 -9999 -9999 -9999 -9999 -9999
2908 2916 2929 2935 2937 2938 2938 2938 2938 2938 2938 2938 2938 2938 2938 2937 2933 2927 2921 2916 2914 2913 2918 2929 2932 2934 2935 2931 2933 2930 2925 2924 2927 2924 2923 2923 2924 2924 2926 2929 2928 2929 2928 2928 2928 2927 2925 2921 2921 2925 2926 2927 2927 2927 2926 2926 2927 2926 2926 2926 2924 2928 2930 -9999 -9999 -9999 -9999 -9999 -9999 -9999 -9999 -9999 -9999 -9999 -9999 -9999 -9999 -9999 -9999 -9999 -9999 -9999
2907 2915 2925 2935 2937 2938 2938 2938 2938 2938 2938 2938 2938 2938 2938 2937 2935 2930 2922 2913 2911 2914 2920 2926 2930 2931 2933 2926 2925 2923 2921 2922 2922 2920 2921 2922 2922 2924 2927 2929 2929 2929 2929 2928 2926 2925 2925 2924 2923 2924 2925 2926 2928 2928 2928 2928 2927 2926 2927 2925 2924 2929 2931 2931 -9999 -9999 -9999 -9999 -9999 -9999 -9999 -9999 -9999 -9999 -9999 -9999 -9999 -9999 -9999 -9999 -9999 -9999
2921 2928 2933 2936 2937 2938 2938 2938 2938 2938 2938 2938 2938 2938 2938 2938 2937 2935 2925 2918 2916 2914 2920 2929 2933 2935 2933 2927 2922 2920 2917 2919 2919 2920 2921 2922 2922 2923 2926 2929 2930 2930 2930 2929 2927 2926 2926 2925 2924 2926 2926 2927 2928 2928 2928 2928 2927 2927 2929 2927 2928 2931 2931 2929 2929 -9999 -9999 -9999 -9999 -9999 -9999 -9999 -9999 -9999 -9999 -9999 -9999 -9999 -9999 -9999 -9999 -9999
2934 2935 2936 2937 2938 2938 2938 2938 2938 2938 2938 2938 2938 2938 2938 2938 2938 2937 2932 2925 2917 2913 2922 2931 2935 2930 2924 2922 2921 2919 2917 2919 2920 2921 2921 2922 2923 2924 2926 2928 2930 2930 2928 2927 2925 2925 2925 2925 2927 2928 2929 2929 2928 2928 2928 2928 2927 2926 2929 2929 2930 2932 2930 2929 2927 2925 2929 -9999 -9999 -9999 -9999 -9999 -9999 -9999 -9999 -9999 -9999 -9999 -9999 -9999 -9999 -9999
2937 2937 2937 2938 2938 2938 2938 2938 2938 2938 2938 2938 2938 2938 2938 2938 2938 2938 2938 2935 2933 2933 2936 2936 2931 2927 2925 2922 2921 2920 2918 2918 2920 2920 2922 2923 2923 2925 2927 2928 2930 2930 2928 2925 2923 2924 2925 2926 2929 2929 2928 2928 2928 2929 2928 2928 2927 2927 2927 2927 2930 2932 2932 2931 2928 2925 2925 2931 -9999 -9999 -9999 -9999 -9999 -9999 -9999 -9999 -9999 -9999 -9999 -9999 -9999 -9999
2937 2937 2938 2938 2938 2938 2938 2938 2938 2938 2938 2938 2938 2938 2938 2938 2938 2938 2938 2938 2938 2938 2937 2935 2932 2930 2928 2924 2920 2918 2917 2918 2920 2921 2923 2924 2925 2926 2927 2928 2928 2930 2929 2927 2926 2926 2928 2930 2929 2928 2927 2928 2928 2929 2929 2929 2928 2927 2927 2927 2929 2932 2932 2931 2929 2927 2923 2930 2932 -9999 -9999 -9999 -9999 -9999 -9999 -9999 -9999 -9999 -9999 -9999 -9999 -9999
2937 2938 2938 2938 2938 2938 2938 2938 2938 2938 2938 2938 2938 2938 2938 2938 2938 2938 2938 2938 2938 2938 2936 2933 2934 2933 2930 2927 2922 2919 2919 2921 2923 2923 2924 2923 2923 2925 2926 2928 2930 2932 2933 2931 2931 2931 2931 2931 2929 2928 2927 2929 2929 2929 2928 2928 2928 2928 2927 2927 2930 2932 2932 2930 2928 2925 2924 2931 2932 2932 -9999 -9999 -9999 -9999 -9999 -9999 -9999 -9999 -9999 -9999 -9999 -9999
2938 2938 2938 2938 2938 2938 2938 2939 2938 2938 2938 2938 2938 2938 2938 2938 2938 2938 2938 2938 2938 2938 2937 2937 2937 2935 2931 2927 2923 2918 2913 2914 2918 2919 2922 2925 2927 2928 2930 2933 2935 2935 2934 2933 2932 2931 2931 2931 2930 2930 2930 2930 2931 2930 2929 2928 2927 2928 2927 2928 2931 2932 2932 2931 2930 2926 2928 2931 2932 2932 2932 -9999 -9999 -9999 -9999 -9999 -9999 -9999 -9999 -9999 -9999 -9999
2938 2938 2938 2938 2938 2939 2939 2939 2939 2939 2938 2938 2938 2938 2938 2938 2938 2938 2938 2938 2938 2938 2938 2938 2938 2936 2933 2930 2925 2918 2908 2910 2917 2918 2920 2924 2927 2930 2933 2936 2936 2935 2932 2933 2933 2931 2931 2932 2931 2931 2931 2932 2932 2931 2929 2929 2929 2928 2928 2929 2931 2932 2932 2932 2930 2928 2929 2932 2932 2932 2932 2932 -9999 -9999 -9999 -9999 -9999 -9999 -9999 -9999 -9999 -9999
2938 2938 2939 2938 2939 2939 2939 2939 2939 2939 2939 2939 2939 2938 2938 2938 2938 2938 2938 2938 2938 2938 2938 2938 2937 2937 2934 2927 2921 2914 2901 2904 2912 2915 2919 2927 2931 2933 2934 2936 2935 2934 2935 2936 2935 2934 2933 2933 2933 2933 2932 2932 2932 2932 2931 2931 2931 2931 2931 2931 2931 2932 2932 2932 2931 2931 2931 2932 2932 2932 2932 2932 2932 -9999 -9999 -9999 -9999 -9999 -9999 -9999 -9999 -9999
2939 2939 2939 2939 2939 2939 2939 2939 2939 2939 2939 2939 2939 2939 2939 2939 2938 2938 2938 2938 2938 2938 2938 2938 2938 2938 2937 2934 2930 2925 2914 2913 2916 2917 2917 2928 2934 2936 2936 2935 2936 2937 2936 2935 2933 2932 2931 2931 2931 2930 2930 2930 2930 2930 2930 2930 2929 2928 2927 2929 2931 2932 2932 2932 2932 2931 2932 2932 2932 2932 2932 2932 2932 2932 -9999 -9999 -9999 -9999 -9999 -9999 -9999 -9999
2939 2939 2939 2939 2939 2939 2939 2939 2939 2939 2939 2939 2939 2939 2939 2939 2938 2938 2938 2938 2938 2938 2938 2938 2938 2938 2938 2938 2936 2931 2924 2924 2925 2916 2918 2930 2935 2937 2936 2934 2933 2935 2936 2933 2931 2931 2930 2929 2928 2928 2928 2927 2928 2928 2928 2928 2926 2926 2924 2929 2932 2931 2932 2932 2932 2932 2932 2932 2932 2932 2932 2932 2932 2932 2932 2932 -9999 -9999 -9999 -9999 -9999 -9999
2939 2939 2939 2939 2939 2939 2939 2939 2939 2939 2939 2938 2939 2939 2939 2939 2939 2938 2938 2938 2938 2938 2938 2938 2938 2938 2938 2938 2937 2934 2932 2932 2928 2920 2924 2930 2935 2936 2936 2935 2935 2935 2933 2932 2931 2930 2929 2928 2926 2926 2925 2925 2925 2925 2926 2926 2928 2929 2929 2931 2931 2931 2932 2932 2932 2932 2932 2932 2932 2932 2932 2932 2932 2932 2932 2932 2932 -9999 -9999 -9999 -9999 -9999
2939 2939 2939 2939 2939 2939 2939 2939 2939 2939 2939 2939 2939 2939 2939 2939 2939 2939 2938 2938 2938 2938 2938 2938 2938 2938 2938 2938 2938 2938 2937 2936 2934 2930 2932 2933 2935 2930 2930 2931 2932 2932 2931 2931 2930 2929 2927 2926 2923 2922 2921 2921 2922 2922 2923 2924 2926 2928 2929 2931 2931 2932 2932 2932 2932 2931 2930 2932 2932 2932 2932 2932 2932 2932 2932 2932 2932 2932 -9999 -9999 -9999 -9999
2939 2939 2939 2939 2939 2939 2939 2939 2939 2939 2939 2939 2939 2939 2939 2939 2939 2939 2938 2938 2939 2939 2938 2938 2938 2938 2938 2938 2938 2938 2938 2938 2938 2936 2934 2932 2931 2927 2926 2929 2931 2931 2931 2930 2929 2927 2925 2921 2918 2915 2915 2917 2919 2920 2920 2922 2925 2926 2925 2928 2930 2932 2932 2932 2931 2927 2924 2930 2932 2932 2932 2932 2932 2932 2932 2932 2932 2932 2932 -9999 -9999 -9999
2939 2939 2939 2939 2939 2939 2939 2939 2939 2939 2939 2939 2939 2939 2939 2939 2938 2939 2939 2939 2938 2939 2938 2938 2938 2938 2938 2938 2938 2938 2938 2938 2937 2935 2934 2932 2931 2929 2927 2928 2930 2931 2931 2930 2928 2924 2920 2916 2911 2908 2909 2912 2915 2917 2917 2919 2922 2925 2925 2926 2928 2932 2932 2932 2931 2927 2925 2930 2932 2932 2932 2932 2932 2932 2932 2932 2932 2932 2932 2932 -9999 -9999
2939 2939 2939 2939 2939 2939 2939 2939 2939 2939 2939 2939 2939 2939 2939 2939 2938 2939 2938 2938 2938 2938 2938 2938 2938 2938 2938 2938 2938 2938 2938 2938 2938 2938 2938 2937 2935 2932 2929 2929 2931 2932 2931 2929 2926 2921 2915 2909 2905 2900 2904 2909 2913 2914 2915 2915 2919 2924 2925 2927 2930 2932 2931 2931 2931 2930 2930 2932 2932 2932 2932 2932 2932 2932 2932 2932 2932 2932 2932 2932 2932 2931
2939 2939 2939 2939 2939 2939 2939 2939 2939 2939 2939 2939 2939 2939 2938 2939 2938 2938 2938 2938 2938 2938 2938 2938 2938 2938 2938 2938 2938 2938 2938 2938 2938 2937 2938 2938 2938 2937 2935 2933 2933 2931 2930 2927 2923 2917 2910 2903 2895 2889 2897 2907 2910 2911 2912 2916 2921 2923 2924 2925 2928 2931 2931 2930 2930 2929 2930 2931 2932 2932 2932 2932 2932 2932 2932 2932 2932 2932 2932 2932 2932 2930
