Capas/PRESENTE/Eje_30s/ASC/bio_19.asc
ncols         993
nrows         433
xllcorner     -105.25566776747
yllcorner     17.599810932142
cellsize      0.0083333333
NODATA_value  -9999
[rows 156 to 194 of 433, columns 440 to 527 of 993]
322 324 331 334 337 340 344 345 348 350 354 354 358 357 359 363 368 374 379 396 393 396 411 400 409 387 377 378 355 361 353 347 326 324 340 326 347 351 353 354 332 352 352 351 350 348 346 345 344 344 345 323 329 337 340 368 369 343 341 341 338 333 328 324 321 318 315 314 314 314 317 320 323 326 330 333 336 338 341 343 347 349 369 356 377 362 387 392
323 322 325 334 335 336 330 332 335 337 339 343 345 350 354 358 356 361 375 374 381 386 399 388 381 373 364 356 359 353 347 345 343 329 333 340 362 367 370 373 352 371 368 366 363 360 357 354 354 331 357 361 343 371 351 354 357 359 359 359 356 349 339 334 331 326 321 318 317 319 320 323 326 330 333 336 340 342 345 348 351 370 359 383 370 374 383 389
326 324 323 326 332 330 328 328 328 331 332 336 337 338 339 347 351 351 357 365 372 377 390 387 379 364 367 361 356 342 351 351 352 355 361 371 376 363 386 390 392 393 391 386 380 374 371 369 369 348 374 376 378 356 360 362 366 367 369 368 365 359 349 341 338 332 325 321 321 321 324 326 330 334 337 341 345 347 350 353 357 361 367 372 375 382 406 394
328 327 325 332 330 321 328 327 330 327 331 332 331 329 330 332 339 349 356 359 367 380 375 378 373 369 366 363 362 364 366 367 370 374 379 386 392 398 404 407 409 411 409 406 398 392 389 389 363 386 385 384 362 385 386 366 368 371 371 371 367 362 350 343 337 333 328 326 325 325 326 330 332 336 342 348 352 353 355 358 361 362 364 368 390 382 404 411
335 331 328 326 325 323 330 330 326 326 330 327 323 320 321 326 335 344 352 357 366 379 381 371 374 373 374 374 373 373 375 379 383 388 395 402 409 414 421 423 426 426 424 421 416 410 383 378 400 397 371 392 391 367 367 388 368 369 368 368 367 360 348 342 338 335 331 330 327 328 330 332 336 340 345 351 353 354 356 357 359 361 362 365 368 391 399 407
343 338 335 331 330 328 328 328 328 326 329 325 322 320 320 324 333 341 351 362 369 381 386 384 385 385 383 381 381 382 385 390 395 402 410 417 424 429 435 438 440 440 437 433 428 422 418 412 407 403 401 375 373 366 384 367 366 366 365 363 358 351 345 342 338 334 332 330 330 331 332 335 338 342 346 348 352 354 357 358 360 361 363 364 366 370 376 396
354 364 360 341 340 352 351 339 336 340 328 332 322 325 326 327 335 344 354 367 378 387 393 396 396 395 391 390 388 390 393 399 405 414 422 430 436 442 446 448 449 448 445 440 435 429 424 419 413 409 404 378 374 385 378 359 361 374 356 353 347 343 339 337 335 332 331 330 331 333 336 338 342 344 348 351 353 356 358 360 361 362 363 365 377 369 383 376
367 361 360 356 354 353 352 351 347 342 337 333 332 330 330 334 340 349 359 372 386 395 403 406 405 403 400 398 397 398 402 408 416 425 432 441 447 451 453 453 452 450 447 442 436 431 425 419 415 410 405 400 391 383 358 369 351 350 346 355 339 337 335 333 333 331 331 331 333 336 339 341 344 347 352 353 357 359 361 362 363 365 366 366 377 369 381 375
404 395 371 367 365 364 363 363 360 357 353 360 348 344 342 345 350 358 369 381 394 406 413 416 415 413 409 407 405 407 411 417 424 432 440 447 452 455 456 454 452 449 445 440 434 428 422 416 412 407 401 396 388 380 372 363 341 352 337 345 333 331 331 331 331 332 332 334 337 340 343 347 350 353 356 359 360 363 364 366 367 367 368 370 378 373 382 378
392 386 403 398 375 394 393 376 374 374 372 368 365 362 357 359 361 366 376 389 402 413 420 424 424 423 420 416 415 416 418 424 429 435 442 449 452 454 454 450 447 443 438 433 426 421 415 409 405 400 395 390 385 359 351 356 349 346 342 340 329 330 330 331 332 335 338 339 341 345 350 354 357 360 361 364 366 369 369 370 371 372 373 374 376 379 381 384
400 393 388 384 384 384 406 388 389 389 388 385 383 378 372 373 373 376 384 396 407 418 426 429 431 430 428 426 424 423 426 429 434 438 443 448 450 450 449 445 441 435 430 424 417 411 406 401 395 392 386 382 378 368 346 351 334 331 329 328 328 330 331 334 337 341 344 347 351 353 358 366 370 370 370 372 374 376 376 377 377 379 381 386 386 389 391 394
401 395 393 391 390 393 397 401 404 406 406 406 402 395 388 388 385 386 390 400 411 420 428 431 435 434 432 430 429 429 431 432 435 440 442 446 448 447 445 440 436 429 422 415 409 403 397 391 385 381 378 374 368 360 352 347 343 340 329 329 331 332 335 338 343 348 354 360 364 364 367 375 379 382 382 382 383 385 386 386 389 389 393 396 401 404 407 412
399 396 395 396 398 403 409 417 422 424 426 427 421 413 404 400 396 393 395 401 410 417 423 429 432 433 432 432 432 431 432 434 438 440 442 444 445 445 443 438 431 424 417 410 403 396 389 380 372 368 365 360 354 351 347 344 341 340 340 332 335 338 344 348 354 360 368 372 375 373 375 381 388 393 395 397 398 398 400 401 404 406 411 418 423 427 433 441
398 401 402 405 408 415 422 432 440 444 447 447 439 430 420 414 410 403 399 403 406 412 418 422 426 428 429 430 429 430 431 434 437 440 443 446 447 447 443 437 430 421 412 404 396 389 380 372 363 356 353 350 347 346 344 343 342 342 343 345 344 350 357 364 369 373 377 380 382 381 382 387 396 403 409 412 415 415 418 419 424 431 438 445 450 449 461 464
403 407 410 414 420 429 439 448 458 464 469 467 459 451 439 429 423 414 405 402 405 408 412 416 419 423 424 424 425 425 428 430 435 440 444 448 450 451 449 446 439 430 417 404 393 382 373 363 356 350 347 345 344 344 345 344 345 347 345 353 359 363 369 373 377 381 384 382 382 384 390 398 406 414 423 429 433 436 440 445 451 459 465 472 478 473 488 486
407 414 420 427 437 447 457 469 479 486 488 486 478 471 459 448 437 428 419 412 410 410 410 410 413 416 416 418 419 420 421 426 433 439 445 452 456 458 458 455 450 441 432 414 398 383 373 363 356 353 349 347 345 346 348 349 353 357 358 364 366 371 374 378 381 383 381 381 386 395 404 414 423 431 440 448 454 459 464 472 479 487 493 500 507 500 515 522
413 423 433 443 454 466 476 488 500 507 506 503 500 490 477 465 453 441 430 423 417 414 411 410 409 411 411 412 412 411 412 422 428 437 446 454 462 467 469 468 464 455 442 428 406 391 380 372 366 361 358 353 351 353 357 360 365 368 367 371 374 376 377 377 378 378 381 385 392 406 414 425 437 448 457 467 476 484 491 499 506 514 521 529 536 526 528 548
423 435 448 460 472 485 495 505 517 523 523 521 517 507 494 479 467 453 443 433 425 419 413 410 408 408 407 407 407 407 407 417 425 435 446 458 467 476 480 481 477 466 452 436 418 402 390 380 372 367 363 361 359 362 366 369 371 370 376 377 380 381 377 377 380 380 383 389 398 409 420 432 446 460 474 486 499 508 518 527 534 541 550 557 565 569 574 577
432 447 461 476 491 503 512 521 530 533 535 535 530 520 508 494 480 465 454 443 434 426 418 412 409 406 406 403 403 404 405 412 422 433 446 458 471 478 485 487 484 473 457 442 425 406 390 380 371 367 365 365 365 367 370 373 376 373 377 383 384 380 379 383 386 385 386 392 400 410 423 437 453 470 487 502 517 530 542 552 561 569 577 585 592 598 580 603
444 459 476 490 504 516 524 532 539 541 543 542 540 532 520 507 493 478 466 454 443 433 425 417 410 407 404 403 401 401 403 410 419 430 445 458 471 480 485 487 482 472 459 442 425 405 389 377 368 364 364 366 367 368 370 373 373 375 377 381 383 382 383 386 390 391 391 392 399 411 425 442 459 478 498 515 531 548 561 575 585 594 603 610 617 623 629 604
458 474 488 502 513 524 532 538 543 545 546 546 544 539 529 517 504 490 476 465 454 443 432 422 415 409 406 403 399 399 401 406 413 425 439 452 465 475 479 479 475 466 453 439 419 401 387 377 368 365 364 365 367 368 368 372 376 378 378 384 386 389 392 393 394 397 399 397 401 412 425 441 462 483 502 522 542 561 575 590 605 615 625 630 639 646 651 653
467 482 497 508 519 527 532 537 544 550 550 548 547 543 536 526 515 500 488 477 464 451 439 428 419 412 407 402 398 394 396 401 407 417 429 441 452 460 465 465 461 454 442 427 410 395 383 374 367 365 362 363 365 367 374 380 386 385 393 390 400 403 406 405 403 406 406 404 405 412 423 438 456 479 501 523 547 568 585 600 614 628 640 646 653 662 668 669
472 485 498 509 517 524 530 534 539 544 548 548 549 546 540 532 522 511 501 487 475 460 447 435 424 414 407 402 396 391 390 394 399 407 416 426 436 443 445 446 443 437 427 412 398 387 378 370 365 363 362 364 365 371 380 391 392 402 407 410 413 416 416 418 414 414 412 410 408 413 421 433 450 472 495 521 546 571 591 609 623 634 646 656 663 670 675 677
473 484 495 505 511 518 524 527 531 536 539 544 546 546 543 537 529 522 513 499 484 469 454 441 429 417 408 402 395 389 387 388 391 396 402 409 416 421 424 424 421 417 407 395 386 377 371 366 363 362 364 366 371 379 386 397 397 410 406 420 423 425 427 425 420 422 419 415 409 412 420 429 445 465 488 515 542 570 593 611 626 637 648 655 662 668 674 678
469 477 488 495 501 507 513 516 520 525 531 539 542 544 543 539 535 531 522 509 491 475 460 447 433 421 410 403 393 387 386 385 385 385 388 392 395 398 400 401 397 393 385 378 372 368 364 361 361 361 364 368 376 383 390 398 403 408 421 428 431 433 434 431 427 427 425 419 415 414 420 429 442 459 481 507 534 563 586 606 622 634 643 649 658 663 670 675
460 467 476 483 490 495 497 501 508 514 520 527 535 538 542 543 541 536 530 517 501 479 463 454 439 425 413 403 392 387 385 381 378 376 374 376 377 375 374 372 371 369 365 363 360 359 358 358 358 361 363 367 375 385 393 408 406 421 415 434 439 440 440 439 436 432 432 430 428 425 427 433 443 457 476 499 525 551 577 596 613 626 635 639 645 653 658 662
451 457 464 470 475 479 483 487 492 500 508 517 526 535 540 544 545 544 538 525 510 490 471 459 446 431 417 406 399 391 385 379 372 365 362 360 358 356 354 353 353 352 351 352 351 353 355 358 361 363 369 372 379 389 397 404 409 416 421 442 446 449 449 449 446 446 445 445 442 438 437 439 446 457 472 493 517 541 565 584 602 613 619 623 628 632 638 643
439 445 453 459 461 464 467 471 478 486 496 506 518 531 539 544 549 549 544 533 519 502 481 463 448 434 423 414 409 400 389 381 372 365 358 354 349 346 343 344 343 344 344 345 348 351 358 364 371 375 381 387 392 399 415 423 417 436 444 452 457 462 466 465 467 465 464 462 459 454 450 449 452 458 471 487 508 528 549 571 585 594 599 600 603 606 612 619
433 436 441 444 445 448 450 455 463 474 484 495 508 521 532 541 549 551 548 540 526 511 492 474 461 450 441 430 423 414 403 392 381 371 364 356 349 344 341 339 339 339 341 344 349 355 364 373 380 386 394 399 404 408 412 418 423 428 452 460 467 473 479 483 486 485 483 480 477 470 464 461 459 462 468 481 496 515 534 549 559 570 573 574 577 580 584 589
433 435 436 438 438 438 441 443 453 465 474 487 499 513 526 538 546 551 549 542 531 519 504 492 481 471 461 451 443 435 424 409 395 383 372 363 355 347 342 340 339 340 342 347 354 363 374 383 391 398 405 412 415 419 422 426 430 434 440 469 477 485 493 497 501 501 500 496 491 484 476 469 465 464 467 475 487 501 516 528 534 543 546 549 551 554 558 565
439 440 440 440 439 437 438 441 449 461 470 481 493 507 520 532 542 548 550 544 535 525 516 507 497 489 482 475 466 458 446 431 413 397 384 371 360 352 347 343 343 345 350 357 364 374 385 395 404 412 420 424 429 430 431 452 455 441 468 454 487 495 505 509 512 512 510 507 500 494 483 474 466 463 462 467 473 485 496 505 510 519 522 526 529 532 538 546
452 452 450 449 447 446 443 444 451 461 468 478 489 502 514 526 537 545 549 544 538 529 522 516 511 507 503 499 491 481 470 455 435 415 397 381 370 360 354 353 352 355 361 369 378 388 399 409 420 428 435 439 442 443 443 444 465 472 477 486 495 502 512 516 518 517 515 509 503 494 483 473 462 455 453 455 460 466 475 484 487 492 501 506 510 516 523 531
472 468 467 467 467 464 457 453 459 465 471 479 489 499 510 521 531 539 543 540 536 530 526 523 523 522 521 519 512 503 491 475 456 437 417 397 383 374 367 364 365 369 375 382 392 403 414 426 436 444 451 455 456 457 456 455 456 458 486 493 500 507 513 516 515 512 509 503 495 484 473 462 450 444 441 442 446 452 459 464 464 468 481 488 492 502 511 520
495 492 491 493 488 483 478 471 472 473 476 480 489 499 507 516 525 531 533 533 530 526 525 525 528 531 532 533 527 519 508 492 472 452 431 414 398 386 379 374 375 378 385 394 405 417 430 443 454 461 469 471 471 470 493 468 491 492 495 500 504 506 506 504 499 493 490 483 474 463 452 442 432 426 425 429 434 440 445 448 448 452 462 468 479 492 500 509
511 513 512 509 504 498 492 487 482 481 481 484 491 496 504 512 518 523 523 523 521 519 520 523 527 530 535 538 532 528 520 504 483 461 440 422 406 392 384 379 380 385 392 403 416 431 445 457 468 475 482 486 485 484 482 508 476 474 503 505 503 498 493 486 477 469 461 451 445 436 427 417 411 407 407 414 426 433 440 443 441 441 447 455 469 483 488 498
519 522 522 518 513 506 500 493 488 485 484 485 489 493 500 505 509 511 512 510 509 509 510 513 517 522 528 532 530 528 520 505 486 464 445 426 409 393 385 383 387 391 399 410 425 440 454 466 478 487 493 497 500 498 495 491 486 482 510 505 498 488 478 464 449 437 427 420 416 410 402 397 392 390 392 403 417 427 435 441 443 436 438 447 462 472 476 484
519 522 522 519 514 507 500 493 488 483 481 482 484 487 491 495 496 496 495 493 493 494 494 498 504 509 514 520 521 518 513 500 483 464 445 427 410 396 388 388 389 393 402 414 429 445 458 472 483 493 501 507 508 508 507 536 528 522 511 469 490 476 460 441 424 411 400 392 392 389 383 379 376 376 382 393 409 421 430 438 438 433 433 443 456 463 465 472
512 514 513 510 504 499 492 486 480 475 474 474 475 478 481 483 483 481 479 477 475 474 476 480 485 492 498 505 507 505 500 489 475 456 438 422 407 396 391 389 390 394 403 415 430 445 460 472 485 495 504 511 515 516 515 510 502 490 478 464 446 462 441 422 404 390 381 375 376 375 371 368 366 368 373 387 402 415 425 431 430 427 432 444 456 460 460 464
500 501 499 496 488 480 478 475 470 463 463 465 466 468 470 471 469 466 463 460 457 455 457 461 466 472 479 485 488 488 483 475 460 443 428 415 404 396 390 388 390 396 403 414 428 443 458 472 486 497 507 513 519 522 521 516 507 494 516 498 474 448 426 409 393 383 374 366 365 368 365 362 361 363 370 382 397 412 421 425 424 424 434 447 454 458 459 461
