Capas/PRESENTE/Eje_30s/ASC/bio_14.asc
ncols         993
nrows         433
xllcorner     -105.25566776747
yllcorner     17.599810932142
cellsize      0.0083333333
NODATA_value  -9999
[rows 164 to 204 of 433, columns 94 to 187 of 993]
39 39 39 39 39 38 38 38 38 37 37 37 37 36 36 36 36 35 35 34 33 -9999 -9999 -9999 -9999 -9999 -9999 -9999 -9999 -9999 -9999 -9999 -9999 -9999 37 38 39 39 39 39 39 38 38 38 -9999 -9999 -9999 -9999 -9999 -9999 -9999 -9999 -9999 44 46 48 49 50 51 -9999 -9999 -9999 -9999 -9999 -9999 -9999 -9999 62 65 69 72 75 79 81 84 87 89 91 92 91 90 88 85 82 80 78 76 76 75 76 76 77 77 77
38 38 38 38 37 37 37 37 36 36 35 35 35 35 34 34 34 34 33 33 32 -9999 -9999 -9999 -9999 -9999 -9999 -9999 -9999 -9999 -9999 -9999 -9999 -9999 -9999 -9999 37 37 37 37 -9999 -9999 -9999 -9999 -9999 -9999 -9999 -9999 -9999 -9999 -9999 -9999 -9999 42 44 46 48 49 50 -9999 -9999 -9999 -9999 -9999 -9999 -9999 59 62 65 68 71 75 78 81 84 86 89 91 91 91 90 88 85 82 80 78 77 76 76 76 77 77 77 77
37 37 37 36 36 36 35 35 34 34 34 33 33 33 33 32 32 32 32 32 31 31 31 31 -9999 -9999 -9999 -9999 -9999 -9999 -9999 -9999 -9999 -9999 -9999 -9999 -9999 -9999 -9999 -9999 -9999 -9999 -9999 -9999 -9999 -9999 -9999 -9999 -9999 -9999 -9999 -9999 -9999 -9999 43 44 46 47 48 -9999 -9999 -9999 -9999 -9999 -9999 -9999 60 62 65 67 70 74 77 80 83 86 88 90 91 91 90 88 85 83 80 79 77 77 76 77 77 77 77 76
36 36 35 35 35 34 34 33 33 32 32 31 31 31 31 30 30 30 30 30 30 30 30 30 30 -9999 -9999 -9999 -9999 -9999 -9999 -9999 -9999 -9999 -9999 -9999 -9999 -9999 -9999 -9999 -9999 -9999 -9999 -9999 -9999 -9999 -9999 -9999 -9999 -9999 -9999 -9999 -9999 -9999 -9999 42 44 45 46 -9999 -9999 -9999 -9999 -9999 56 58 61 63 65 67 70 73 76 79 82 84 87 88 90 90 89 87 85 82 80 79 78 77 77 77 77 77 76 76
34 34 34 34 33 33 32 32 31 31 30 30 29 29 29 29 29 29 29 30 30 30 30 30 -9999 -9999 -9999 -9999 -9999 -9999 -9999 -9999 -9999 -9999 -9999 -9999 -9999 -9999 -9999 -9999 -9999 -9999 -9999 -9999 -9999 -9999 -9999 -9999 -9999 -9999 -9999 -9999 -9999 -9999 -9999 41 42 44 45 -9999 -9999 -9999 -9999 -9999 56 58 61 64 66 67 69 72 75 78 80 83 85 87 88 88 87 86 84 81 79 78 77 77 76 76 76 77 76 75
33 33 33 33 32 32 31 31 30 30 29 29 28 -9999 -9999 -9999 -9999 28 28 29 29 29 30 30 -9999 -9999 -9999 -9999 -9999 -9999 -9999 -9999 -9999 -9999 -9999 -9999 -9999 -9999 -9999 -9999 -9999 -9999 -9999 -9999 -9999 -9999 -9999 -9999 -9999 -9999 -9999 -9999 -9999 -9999 -9999 -9999 41 42 -9999 -9999 -9999 -9999 -9999 53 55 58 61 64 66 67 69 72 74 77 78 81 83 85 86 86 85 84 82 80 79 78 77 77 76 76 76 76 75 74
32 32 32 31 31 30 30 30 29 29 28 28 -9999 -9999 -9999 -9999 -9999 -9999 27 28 28 29 29 29 -9999 -9999 -9999 -9999 -9999 -9999 -9999 -9999 -9999 -9999 -9999 -9999 -9999 -9999 -9999 -9999 -9999 -9999 -9999 -9999 -9999 -9999 -9999 -9999 -9999 -9999 -9999 -9999 -9999 -9999 -9999 -9999 40 41 -9999 -9999 -9999 -9999 -9999 -9999 54 57 61 63 65 -9999 -9999 -9999 73 75 77 79 81 83 85 85 84 82 80 79 78 77 76 76 76 75 75 75 74 73
31 31 30 30 30 29 29 29 28 28 -9999 -9999 -9999 -9999 -9999 -9999 -9999 -9999 -9999 -9999 -9999 -9999 -9999 -9999 -9999 -9999 -9999 -9999 -9999 -9999 -9999 -9999 -9999 -9999 -9999 -9999 -9999 -9999 -9999 -9999 -9999 -9999 -9999 -9999 -9999 -9999 -9999 -9999 -9999 -9999 -9999 -9999 -9999 -9999 -9999 -9999 -9999 -9999 -9999 -9999 -9999 -9999 -9999 -9999 -9999 56 59 62 64 -9999 -9999 -9999 72 73 75 77 80 82 83 83 83 81 79 78 77 77 76 75 75 75 75 75 74 73
29 29 29 29 29 28 28 27 27 -9999 -9999 -9999 -9999 -9999 -9999 -9999 -9999 -9999 -9999 -9999 -9999 -9999 -9999 -9999 -9999 -9999 -9999 -9999 -9999 -9999 -9999 -9999 -9999 -9999 -9999 -9999 -9999 -9999 -9999 -9999 -9999 -9999 -9999 -9999 -9999 -9999 -9999 -9999 -9999 -9999 -9999 -9999 -9999 -9999 -9999 -9999 -9999 -9999 -9999 -9999 -9999 -9999 -9999 -9999 -9999 -9999 57 61 -9999 -9999 -9999 -9999 -9999 72 73 76 79 81 82 83 82 80 79 78 76 76 75 75 75 75 74 74 73 72
28 28 28 28 28 27 27 27 26 26 -9999 -9999 -9999 -9999 -9999 -9999 -9999 -9999 -9999 -9999 -9999 -9999 -9999 -9999 -9999 -9999 -9999 -9999 -9999 -9999 -9999 -9999 -9999 -9999 -9999 -9999 -9999 -9999 -9999 -9999 -9999 -9999 -9999 -9999 -9999 -9999 -9999 -9999 -9999 -9999 -9999 -9999 -9999 -9999 -9999 -9999 -9999 -9999 -9999 -9999 -9999 -9999 -9999 -9999 -9999 -9999 -9999 59 -9999 -9999 -9999 -9999 -9999 70 72 75 78 80 81 82 82 80 79 78 76 75 75 75 74 74 74 73 72 71
27 27 27 27 27 27 27 26 26 26 26 -9999 -9999 -9999 -9999 -9999 -9999 -9999 -9999 -9999 -9999 -9999 -9999 -9999 -9999 -9999 -9999 -9999 -9999 -9999 -9999 -9999 -9999 -9999 -9999 -9999 -9999 -9999 -9999 -9999 -9999 -9999 -9999 -9999 -9999 -9999 -9999 -9999 -9999 -9999 -9999 -9999 -9999 -9999 -9999 -9999 -9999 -9999 -9999 -9999 -9999 -9999 -9999 -9999 -9999 -9999 -9999 -9999 -9999 -9999 -9999 -9999 -9999 -9999 -9999 74 77 79 81 81 81 80 79 77 76 75 74 75 75 74 74 73 72 70
26 26 26 26 26 26 26 26 26 26 26 25 -9999 -9999 -9999 -9999 -9999 -9999 -9999 -9999 -9999 -9999 -9999 -9999 -9999 -9999 -9999 -9999 -9999 26 -9999 -9999 -9999 -9999 -9999 -9999 -9999 -9999 -9999 -9999 -9999 -9999 -9999 -9999 -9999 -9999 -9999 -9999 -9999 -9999 -9999 -9999 -9999 -9999 -9999 -9999 -9999 -9999 -9999 -9999 -9999 -9999 -9999 -9999 -9999 -9999 -9999 -9999 -9999 -9999 -9999 -9999 -9999 -9999 -9999 73 76 78 80 80 80 80 78 77 76 75 75 75 75 74 74 72 71 70
-9999 -9999 25 25 25 25 26 26 26 26 25 25 25 -9999 -9999 -9999 -9999 -9999 -9999 -9999 -9999 -9999 -9999 -9999 -9999 -9999 -9999 26 26 26 26 27 27 27 -9999 -9999 -9999 -9999 -9999 -9999 -9999 -9999 -9999 -9999 -9999 -9999 -9999 -9999 -9999 -9999 -9999 -9999 -9999 -9999 -9999 -9999 -9999 -9999 -9999 -9999 -9999 -9999 -9999 -9999 -9999 -9999 -9999 -9999 -9999 -9999 -9999 -9999 -9999 -9999 -9999 73 75 77 78 79 79 79 78 77 76 75 75 75 75 74 73 72 71 70
-9999 -9999 24 24 24 25 25 25 25 25 25 25 25 24 -9999 -9999 -9999 -9999 -9999 -9999 -9999 24 24 -9999 -9999 -9999 26 26 26 26 26 26 27 -9999 -9999 -9999 -9999 -9999 -9999 -9999 -9999 -9999 -9999 -9999 -9999 -9999 -9999 -9999 -9999 -9999 -9999 -9999 -9999 -9999 -9999 -9999 -9999 -9999 -9999 -9999 -9999 -9999 -9999 -9999 -9999 -9999 -9999 -9999 -9999 -9999 -9999 -9999 -9999 -9999 69 72 74 76 77 78 78 78 77 77 76 76 76 76 75 74 74 72 71 70
-9999 -9999 23 23 23 23 24 24 24 24 25 24 24 24 24 -9999 -9999 -9999 -9999 -9999 24 24 24 25 25 25 26 26 27 27 26 26 26 -9999 -9999 -9999 -9999 -9999 -9999 -9999 -9999 -9999 -9999 -9999 -9999 -9999 -9999 -9999 -9999 -9999 -9999 -9999 -9999 -9999 -9999 -9999 -9999 -9999 -9999 -9999 -9999 -9999 -9999 -9999 -9999 -9999 -9999 -9999 -9999 -9999 -9999 -9999 -9999 -9999 67 71 73 75 76 77 77 77 77 77 76 76 76 76 75 75 74 73 71 70
-9999 -9999 -9999 22 22 22 23 23 23 24 24 24 24 24 23 -9999 -9999 -9999 -9999 24 24 24 24 25 25 26 26 27 27 27 27 26 -9999 -9999 -9999 -9999 -9999 -9999 -9999 -9999 -9999 -9999 -9999 -9999 -9999 -9999 -9999 -9999 -9999 -9999 -9999 -9999 -9999 -9999 -9999 -9999 -9999 -9999 -9999 -9999 -9999 -9999 -9999 -9999 -9999 -9999 -9999 -9999 -9999 -9999 -9999 -9999 -9999 63 66 69 71 73 75 76 77 77 76 76 76 76 76 75 75 75 74 73 71 70
-9999 -9999 -9999 -9999 -9999 -9999 22 22 22 23 23 24 24 24 23 -9999 -9999 -9999 -9999 24 24 25 25 25 26 27 27 27 27 27 27 -9999 -9999 -9999 -9999 -9999 -9999 -9999 -9999 -9999 -9999 -9999 -9999 -9999 -9999 -9999 -9999 -9999 -9999 -9999 -9999 -9999 -9999 -9999 -9999 -9999 -9999 -9999 -9999 -9999 -9999 -9999 -9999 -9999 -9999 -9999 -9999 -9999 -9999 -9999 -9999 -9999 -9999 62 65 68 70 72 74 75 76 76 76 75 75 75 75 75 75 74 73 72 71 70
-9999 -9999 -9999 -9999 -9999 -9999 -9999 -9999 22 22 23 23 23 23 23 -9999 -9999 -9999 -9999 24 24 25 25 26 27 27 28 28 28 27 27 -9999 -9999 -9999 -9999 -9999 29 29 30 -9999 -9999 -9999 -9999 -9999 -9999 -9999 -9999 -9999 -9999 -9999 -9999 -9999 -9999 -9999 -9999 -9999 -9999 -9999 -9999 -9999 -9999 -9999 -9999 -9999 -9999 -9999 -9999 -9999 -9999 -9999 -9999 -9999 -9999 61 64 67 69 71 73 74 75 75 75 75 75 74 74 74 74 73 73 72 71 70
-9999 -9999 -9999 -9999 -9999 -9999 -9999 -9999 21 22 22 23 23 23 23 23 -9999 -9999 -9999 24 25 25 26 27 27 28 28 28 28 28 27 27 27 28 28 29 30 30 31 31 -9999 -9999 -9999 33 33 -9999 -9999 -9999 -9999 -9999 -9999 -9999 -9999 -9999 -9999 -9999 -9999 -9999 -9999 -9999 -9999 -9999 -9999 -9999 -9999 -9999 -9999 -9999 -9999 -9999 -9999 -9999 58 60 63 66 68 70 72 73 74 74 74 74 74 74 73 73 73 73 72 71 70 69
-9999 -9999 -9999 -9999 -9999 -9999 -9999 -9999 21 22 22 23 23 23 24 24 24 24 24 25 25 26 27 27 28 29 29 28 28 28 27 27 28 28 29 30 30 31 31 31 32 33 33 33 33 33 -9999 -9999 -9999 -9999 -9999 -9999 -9999 -9999 -9999 -9999 -9999 -9999 -9999 -9999 -9999 -9999 -9999 -9999 -9999 -9999 -9999 -9999 -9999 -9999 -9999 -9999 57 59 62 65 67 69 71 72 73 73 73 73 73 73 73 73 72 72 71 70 69 69
-9999 -9999 -9999 -9999 -9999 -9999 -9999 -9999 -9999 21 22 23 23 24 24 24 25 25 25 25 26 27 27 28 29 29 29 29 28 28 28 28 29 29 29 30 31 31 32 32 33 34 34 34 34 34 34 -9999 -9999 -9999 -9999 -9999 -9999 -9999 -9999 -9999 -9999 -9999 -9999 -9999 -9999 -9999 -9999 -9999 -9999 -9999 -9999 -9999 -9999 -9999 -9999 -9999 56 58 61 63 66 68 70 71 72 73 73 73 73 72 72 72 71 71 70 70 69 68
-9999 -9999 -9999 -9999 -9999 -9999 -9999 -9999 -9999 -9999 22 23 23 24 24 25 25 26 26 26 27 27 28 29 29 29 29 29 28 28 29 29 29 30 30 30 31 32 32 33 34 35 35 35 35 34 34 -9999 -9999 -9999 -9999 -9999 -9999 -9999 -9999 -9999 -9999 -9999 -9999 -9999 -9999 -9999 -9999 -9999 -9999 -9999 -9999 -9999 -9999 -9999 -9999 -9999 55 57 60 62 65 67 69 70 71 72 72 72 72 72 72 71 71 70 70 69 68 68
-9999 -9999 -9999 -9999 -9999 -9999 -9999 -9999 -9999 -9999 -9999 23 23 24 25 25 26 26 27 27 27 28 29 29 29 29 29 29 29 29 29 30 30 30 30 31 31 32 33 34 35 35 36 36 35 35 34 -9999 -9999 -9999 -9999 -9999 -9999 -9999 -9999 -9999 -9999 -9999 -9999 -9999 -9999 -9999 -9999 -9999 -9999 -9999 -9999 -9999 -9999 -9999 -9999 -9999 53 56 58 61 63 65 67 69 70 71 71 71 71 71 71 71 70 70 69 69 68 67
-9999 -9999 -9999 -9999 -9999 -9999 -9999 -9999 -9999 -9999 -9999 -9999 23 24 25 26 26 27 27 28 28 29 29 29 30 30 30 29 29 30 30 30 31 31 31 32 32 33 34 35 36 36 36 36 36 35 35 35 -9999 -9999 -9999 -9999 -9999 -9999 -9999 -9999 -9999 -9999 -9999 -9999 -9999 -9999 -9999 -9999 -9999 -9999 -9999 -9999 -9999 -9999 -9999 -9999 52 54 57 59 61 64 66 67 68 69 70 70 70 70 70 70 70 69 69 68 68 67
-9999 -9999 -9999 -9999 -9999 -9999 -9999 -9999 -9999 -9999 -9999 -9999 -9999 -9999 25 26 27 27 28 28 29 29 29 30 30 30 30 30 30 30 31 31 31 32 32 32 33 34 35 36 37 37 37 37 36 36 36 36 36 -9999 -9999 -9999 -9999 -9999 -9999 -9999 -9999 -9999 -9999 -9999 -9999 -9999 -9999 -9999 -9999 -9999 -9999 -9999 -9999 -9999 -9999 -9999 51 53 55 57 60 62 64 66 67 68 69 69 70 70 70 69 69 69 69 68 68 67
-9999 -9999 -9999 -9999 -9999 -9999 -9999 -9999 -9999 -9999 -9999 -9999 -9999 -9999 -9999 -9999 27 28 28 29 29 29 30 30 30 30 30 31 31 31 31 32 32 32 33 33 34 35 36 37 37 38 38 38 38 38 37 37 37 36 -9999 -9999 -9999 -9999 -9999 -9999 -9999 -9999 -9999 -9999 -9999 -9999 -9999 -9999 -9999 -9999 -9999 -9999 -9999 -9999 -9999 -9999 49 51 54 56 58 61 62 64 66 67 68 68 69 69 69 69 69 68 68 68 68 67
-9999 -9999 -9999 -9999 -9999 -9999 -9999 -9999 -9999 -9999 -9999 -9999 -9999 -9999 -9999 26 27 27 28 28 29 29 30 30 30 30 31 31 31 32 32 32 33 33 33 34 35 35 36 37 38 38 38 39 39 39 39 38 38 37 36 -9999 -9999 -9999 -9999 -9999 -9999 -9999 -9999 -9999 -9999 -9999 -9999 -9999 -9999 -9999 -9999 -9999 -9999 -9999 -9999 -9999 48 50 52 54 57 59 61 63 64 65 66 67 68 68 68 68 68 68 68 68 68 67
-9999 -9999 -9999 -9999 -9999 -9999 -9999 -9999 -9999 -9999 -9999 -9999 -9999 -9999 25 26 27 27 28 28 29 29 29 30 30 30 31 31 31 32 32 33 33 33 34 35 36 36 37 38 38 39 39 39 40 40 40 40 39 38 38 37 37 -9999 -9999 -9999 -9999 -9999 -9999 -9999 -9999 -9999 -9999 -9999 -9999 -9999 -9999 -9999 -9999 -9999 -9999 -9999 46 48 50 53 55 57 59 61 62 64 65 66 67 67 68 68 68 68 68 67 67 67
-9999 -9999 -9999 -9999 -9999 -9999 -9999 -9999 -9999 -9999 -9999 -9999 -9999 24 25 26 27 27 28 28 28 29 29 29 30 30 31 31 31 32 32 33 33 34 34 35 36 36 37 38 39 39 40 40 41 42 42 41 41 40 39 38 38 37 -9999 -9999 -9999 -9999 -9999 -9999 -9999 -9999 -9999 -9999 -9999 -9999 -9999 -9999 -9999 -9999 -9999 -9999 -9999 46 49 51 53 55 57 59 61 62 64 65 66 67 67 67 67 67 67 67 67 67
-9999 -9999 -9999 -9999 -9999 -9999 -9999 -9999 -9999 -9999 -9999 -9999 -9999 24 25 26 26 27 27 28 28 28 29 29 30 30 31 31 31 32 32 33 33 34 34 35 36 36 37 38 39 40 40 41 42 42 42 42 42 41 41 40 39 38 38 38 -9999 -9999 -9999 -9999 -9999 -9999 -9999 -9999 -9999 -9999 -9999 -9999 -9999 -9999 -9999 -9999 -9999 45 47 49 51 53 55 57 59 61 63 64 65 66 66 67 67 67 67 67 67 67
-9999 -9999 -9999 -9999 -9999 -9999 -9999 -9999 -9999 -9999 -9999 -9999 -9999 24 25 25 26 26 27 27 28 28 28 29 29 30 30 31 31 32 32 33 33 34 34 35 35 36 37 38 39 40 41 41 42 43 44 44 44 43 42 41 40 40 40 40 40 40 -9999 -9999 -9999 -9999 -9999 -9999 -9999 -9999 -9999 -9999 -9999 -9999 -9999 -9999 -9999 -9999 45 47 49 51 53 55 57 59 61 63 64 65 66 66 66 66 66 66 66 66
-9999 -9999 -9999 -9999 -9999 -9999 -9999 -9999 -9999 -9999 -9999 -9999 -9999 24 24 25 25 26 26 26 27 27 28 28 29 30 30 31 31 32 32 33 33 34 34 35 35 36 37 38 39 40 41 42 43 44 45 45 44 44 43 42 41 42 42 42 43 43 43 42 -9999 -9999 -9999 -9999 -9999 -9999 -9999 -9999 -9999 -9999 -9999 -9999 -9999 -9999 -9999 45 47 49 51 54 56 58 60 62 63 64 65 65 65 65 66 66 66 65
-9999 -9999 -9999 -9999 -9999 -9999 -9999 -9999 -9999 -9999 -9999 -9999 -9999 23 24 24 24 25 25 26 26 27 27 28 29 29 30 30 31 32 32 33 33 34 34 35 36 36 37 38 39 40 41 42 43 44 45 45 45 45 44 43 43 44 45 45 46 46 45 45 45 45 -9999 -9999 -9999 -9999 -9999 -9999 -9999 -9999 -9999 -9999 -9999 -9999 -9999 43 45 47 50 52 54 57 59 60 62 63 64 64 64 65 65 66 66 66
-9999 -9999 -9999 -9999 -9999 -9999 -9999 -9999 -9999 -9999 -9999 -9999 -9999 22 23 23 24 24 24 25 25 26 27 27 28 29 30 30 31 31 32 32 33 34 34 35 36 37 37 38 39 40 41 42 44 44 45 45 46 45 45 44 44 45 46 48 48 48 48 48 48 48 47 46 -9999 -9999 -9999 -9999 -9999 -9999 -9999 -9999 -9999 -9999 -9999 -9999 43 45 48 50 53 55 57 59 61 62 62 63 64 64 65 65 65 65
-9999 -9999 -9999 -9999 -9999 -9999 -9999 -9999 -9999 -9999 -9999 -9999 -9999 -9999 22 23 23 -9999 -9999 -9999 -9999 25 26 27 28 28 29 30 31 31 32 32 33 34 34 35 36 37 38 39 40 41 42 43 44 45 45 46 46 46 45 45 46 47 48 49 50 50 50 51 51 51 50 49 47 46 -9999 -9999 -9999 -9999 -9999 -9999 -9999 -9999 -9999 -9999 -9999 44 46 49 51 54 56 58 59 60 61 62 63 64 64 65 65 65
-9999 -9999 -9999 -9999 -9999 -9999 -9999 -9999 -9999 -9999 -9999 -9999 -9999 -9999 -9999 -9999 -9999 -9999 -9999 -9999 -9999 -9999 -9999 26 27 28 29 30 30 31 32 32 33 34 35 36 37 38 38 39 40 41 42 43 44 45 45 46 46 46 46 46 47 49 50 50 51 51 52 53 53 53 52 52 50 48 46 -9999 -9999 -9999 -9999 -9999 -9999 -9999 -9999 -9999 -9999 -9999 45 47 49 52 54 56 58 59 60 61 62 63 64 64 64 64
-9999 -9999 -9999 -9999 -9999 -9999 -9999 -9999 -9999 -9999 -9999 -9999 -9999 -9999 -9999 -9999 -9999 -9999 -9999 -9999 -9999 -9999 -9999 -9999 26 27 28 29 30 31 32 32 33 34 35 36 37 38 39 40 40 41 42 43 44 45 46 46 46 46 47 48 48 49 50 51 51 52 53 54 54 54 54 54 52 51 48 45 -9999 -9999 -9999 -9999 -9999 -9999 -9999 -9999 -9999 -9999 -9999 45 48 50 52 54 56 58 59 60 61 62 63 64 64 64
-9999 -9999 -9999 -9999 -9999 -9999 -9999 -9999 -9999 -9999 -9999 -9999 -9999 -9999 -9999 -9999 -9999 -9999 -9999 -9999 -9999 -9999 -9999 -9999 -9999 27 28 29 30 31 32 32 33 34 35 36 37 38 39 40 40 41 42 43 44 45 46 46 46 47 47 49 49 50 50 50 51 53 53 54 54 54 55 54 53 52 50 47 44 -9999 -9999 -9999 -9999 -9999 -9999 -9999 -9999 -9999 -9999 44 46 48 50 53 55 57 58 60 61 62 62 63 63 63
-9999 -9999 -9999 -9999 -9999 -9999 -9999 -9999 -9999 -9999 -9999 -9999 -9999 -9999 -9999 -9999 -9999 -9999 -9999 -9999 -9999 -9999 -9999 -9999 -9999 26 28 29 30 31 32 32 33 34 35 36 37 38 39 40 40 41 42 44 44 45 46 46 46 47 48 49 49 49 50 50 51 52 53 53 54 54 55 54 54 52 51 49 46 43 -9999 -9999 -9999 -9999 -9999 -9999 -9999 -9999 -9999 -9999 -9999 46 48 51 53 55 57 59 60 61 62 62 62 61
-9999 -9999 -9999 -9999 -9999 -9999 -9999 -9999 -9999 -9999 -9999 -9999 -9999 -9999 -9999 -9999 -9999 -9999 -9999 -9999 -9999 -9999 -9999 -9999 -9999 26 27 28 30 31 31 32 33 34 34 35 36 37 38 39 40 41 42 43 44 44 45 45 46 46 47 48 48 48 48 49 50 51 52 53 53 54 54 54 54 53 52 50 47 45 42 -9999 -9999 -9999 -9999 -9999 -9999 -9999 -9999 -9999 -9999 44 46 49 51 54 56 58 59 60 61 61 61 60
-9999 -9999 -9999 -9999 -9999 -9999 -9999 -9999 -9999 -9999 -9999 -9999 -9999 -9999 -9999 -9999 -9999 -9999 -9999 -9999 -9999 -9999 -9999 -9999 -9999 26 27 28 29 30 31 32 33 34 34 35 36 37 38 39 40 41 41 42 43 43 44 44 45 45 46 46 46 47 47 47 48 50 51 52 52 53 53 53 54 54 52 51 49 46 43 41 -9999 -9999 -9999 -9999 -9999 -9999 -9999 -9999 -9999 -9999 45 47 50 52 54 56 58 59 60 60 59 59
