Capas/PRESENTE/Eje_30s/ASC/bio_09.asc
ncols         993
nrows         433
xllcorner     -105.25566776747
yllcorner     17.599810932142
cellsize      0.0083333333
NODATA_value  -9999
[rows 288 to 323 of 433, columns 820 to 901 of 993]
-9999 -9999 -9999 -9999 -9999 -9999 -9999 -9999 -9999 -9999 2907 2906 2904 2901 2898 2892 2899 2898 2893 2894 2896 2892 2888 2889 2892 2898 2901 2907 2909 2911 2914 2915 2911 2908 2906 2903 2902 2900 2892 2892 2886 2883 2880 2876 2871 2870 2876 2879 2883 2884 2886 2887 2888 2889 2890 2890 2891 2894 2895 2898 2897 2893 2893 2893 2893 2891 2889 2890 2890 2890 2889 2889 2889 2889 2890 2889 2889 2889 2889 2889 2889 2889
-9999 -9999 -9999 -9999 -9999 -9999 -9999 -9999 -9999 -9999 2905 2905 2904 2902 2901 2900 2898 2898 2900 2897 2891 2895 2899 2902 2907 2907 2909 2911 2914 2917 2917 2916 2911 2906 2902 2902 2905 2905 2905 2902 2896 2891 2884 2880 2877 2865 2863 2865 2872 2877 2881 2884 2885 2886 2886 2889 2891 2890 2893 2897 2898 2894 2894 2894 2893 2891 2889 2888 2887 2887 2887 2887 2888 2888 2888 2889 2889 2889 2889 2889 2889 2889
-9999 -9999 -9999 -9999 -9999 -9999 -9999 -9999 -9999 -9999 -9999 2902 2900 2897 2898 2893 2888 2892 2897 2891 2901 2906 2907 2910 2912 2911 2912 2913 2916 2919 2910 2909 2904 2903 2906 2908 2909 2909 2909 2907 2903 2897 2896 2892 2878 2871 2870 2868 2860 2861 2870 2876 2882 2883 2883 2886 2888 2890 2893 2896 2899 2895 2895 2894 2892 2889 2885 2883 2880 2880 2881 2881 2884 2886 2887 2887 2888 2888 2888 2888 2888 2888
-9999 -9999 -9999 -9999 -9999 -9999 -9999 -9999 -9999 -9999 -9999 -9999 2899 2897 2892 2890 2887 2891 2903 2904 2910 2911 2912 2917 2916 2916 2915 2915 2919 2918 2916 2913 2910 2909 2910 2910 2911 2911 2911 2909 2909 2908 2907 2900 2893 2885 2886 2882 2872 2867 2865 2863 2870 2872 2875 2882 2886 2885 2889 2893 2900 2896 2896 2895 2894 2891 2889 2884 2878 2877 2879 2875 2878 2881 2884 2885 2885 2885 2885 2885 2886 2887
-9999 -9999 -9999 -9999 -9999 -9999 -9999 -9999 -9999 -9999 -9999 -9999 -9999 2895 2890 2896 2904 2908 2912 2913 2915 2917 2916 2917 2920 2918 2917 2917 2916 2925 2918 2917 2911 2908 2904 2902 2902 2910 2913 2912 2912 2912 2910 2909 2906 2904 2902 2898 2890 2884 2880 2874 2866 2858 2865 2873 2880 2887 2889 2894 2899 2899 2896 2896 2895 2893 2890 2888 2885 2884 2880 2880 2877 2878 2878 2880 2882 2882 2882 2882 2884 2884
-9999 -9999 -9999 -9999 -9999 -9999 -9999 -9999 -9999 -9999 -9999 -9999 -9999 -9999 -9999 2909 2912 2914 2916 2915 2916 2917 2919 2918 2922 2919 2918 2918 2918 2925 2925 2917 2913 2907 2905 2908 2909 2910 2913 2915 2914 2913 2913 2913 2910 2910 2907 2906 2904 2901 2898 2891 2879 2873 2859 2863 2876 2884 2891 2894 2899 2899 2896 2895 2894 2894 2894 2892 2889 2887 2881 2882 2882 2881 2880 2880 2878 2878 2878 2881 2882 2884
-9999 -9999 -9999 -9999 -9999 -9999 -9999 -9999 -9999 -9999 -9999 -9999 -9999 -9999 -9999 -9999 2915 2916 2917 2916 -9999 -9999 2920 2920 2921 2924 2922 2921 2920 2927 2928 2922 2922 2922 2920 2920 2918 2918 2919 2917 2915 2916 2916 2914 2913 2912 2911 2910 2908 2906 2904 2902 2897 2884 2876 2873 2869 2885 2891 2895 2898 2901 2893 2892 2891 2893 2895 2893 2891 2889 2883 2883 2884 2885 2885 2885 2882 2878 2879 2881 2882 2883
-9999 -9999 -9999 -9999 -9999 -9999 -9999 -9999 -9999 -9999 -9999 -9999 -9999 -9999 -9999 -9999 -9999 -9999 -9999 -9999 -9999 -9999 -9999 -9999 2924 2928 2927 2922 2926 2929 2931 2930 2930 2929 2927 2929 2927 2928 2925 2918 2918 2920 2918 2916 2915 2914 2913 2912 2910 2909 2907 2905 2902 2898 2891 2878 2875 2891 2895 2897 2902 2899 2897 2895 2895 2894 2896 2894 2893 2892 2889 2887 2886 2888 2888 2888 2886 2884 2882 2880 2880 2881
-9999 -9999 -9999 -9999 -9999 -9999 -9999 -9999 -9999 -9999 -9999 -9999 -9999 -9999 -9999 -9999 -9999 -9999 -9999 -9999 -9999 -9999 -9999 -9999 2924 2926 2931 2929 2929 2931 2934 2933 2932 2932 2931 2932 2932 2931 2926 2927 2924 2919 2914 2914 2913 2912 2911 2911 2910 2910 2908 2907 2905 2901 2897 2894 2894 2898 2899 2902 2902 2898 2898 2897 2897 2897 2897 2895 2894 2894 2892 2891 2891 2891 2891 2888 2885 2884 2884 2882 2879 2879
-9999 -9999 -9999 -9999 -9999 -9999 -9999 -9999 -9999 -9999 -9999 -9999 -9999 -9999 -9999 -9999 -9999 -9999 -9999 -9999 -9999 -9999 -9999 -9999 -9999 2923 2926 2931 2934 2933 2935 2935 2934 2934 2933 2933 2932 2929 2930 2925 2919 2916 2914 2914 2913 2912 2912 2911 2911 2910 2909 2908 2904 2896 2896 2902 2902 2905 2906 2903 2900 2899 2899 2898 2898 2898 2897 2890 2894 2893 2894 2894 2894 2893 2892 2890 2887 2888 2887 2884 2880 2879
-9999 -9999 -9999 -9999 -9999 -9999 -9999 -9999 -9999 -9999 -9999 -9999 -9999 -9999 -9999 -9999 -9999 -9999 -9999 -9999 -9999 -9999 -9999 -9999 -9999 2920 2925 2931 2935 2935 2936 2936 2935 2935 2935 2934 2933 2932 2931 2921 2917 2916 2915 2914 2913 2913 2912 2912 2911 2911 2910 2909 2907 2898 2894 2903 2906 2905 2902 2900 2901 2900 2899 2899 2899 2899 2898 2896 2896 2892 2895 2896 2895 2894 2893 2892 2891 2891 2890 2887 2883 2883
-9999 -9999 -9999 -9999 -9999 -9999 -9999 -9999 -9999 -9999 -9999 -9999 -9999 -9999 -9999 -9999 -9999 -9999 -9999 -9999 -9999 -9999 -9999 -9999 -9999 -9999 2924 2929 2934 2936 2937 2937 2937 2936 2935 2934 2934 2932 2928 2923 2919 2916 2915 2914 2914 2914 2913 2912 2912 2911 2911 2910 2909 2906 2898 2906 2901 2897 2902 2902 2901 2900 2900 2900 2899 2899 2899 2899 2898 2895 2896 2897 2896 2895 2894 2893 2894 2893 2892 2890 2887 2885
-9999 -9999 -9999 -9999 -9999 -9999 -9999 -9999 -9999 -9999 -9999 -9999 -9999 -9999 -9999 -9999 -9999 -9999 -9999 -9999 -9999 -9999 -9999 -9999 -9999 -9999 2926 2930 2934 2936 2938 2938 2937 2936 2936 2935 2933 2929 2920 2919 2918 2917 2916 2915 2915 2914 2914 2914 2913 2912 2911 2910 2909 2911 2908 2904 2893 2890 2897 2901 2902 2901 2901 2900 2900 2900 2900 2899 2899 2898 2898 2897 2897 2896 2896 2895 2894 2894 2893 2892 2891 2888
-9999 -9999 -9999 -9999 -9999 -9999 -9999 -9999 -9999 -9999 -9999 -9999 -9999 -9999 -9999 -9999 -9999 -9999 -9999 -9999 -9999 -9999 -9999 -9999 -9999 -9999 -9999 2932 2935 2937 2938 2939 2938 2937 2936 2934 2930 2927 2921 2919 2918 2917 2916 2916 2915 2915 2915 2914 2914 2913 2913 2911 2914 2913 2909 2905 2896 2888 2887 2896 2900 2901 2901 2901 2900 2900 2899 2899 2899 2898 2897 2897 2897 2896 2896 2896 2895 2895 2894 2893 2892 2891
-9999 -9999 -9999 -9999 -9999 -9999 -9999 -9999 -9999 -9999 -9999 -9999 -9999 -9999 -9999 -9999 -9999 -9999 -9999 -9999 -9999 -9999 -9999 -9999 -9999 -9999 -9999 -9999 2935 2938 2939 2939 2938 2938 2936 2930 2923 2922 2921 2920 2919 2919 2917 2917 2916 2916 2915 2915 2916 2916 2914 2913 2919 2912 -9999 -9999 2902 2895 2886 2889 2897 2900 2901 2901 2900 2899 2899 2899 2898 2896 2894 2894 2894 2894 2895 2895 2895 2895 2895 2894 2893 2892
-9999 -9999 -9999 -9999 -9999 -9999 -9999 -9999 -9999 -9999 -9999 -9999 -9999 -9999 -9999 -9999 -9999 -9999 -9999 -9999 -9999 -9999 -9999 -9999 -9999 -9999 -9999 -9999 -9999 2938 2940 2938 2935 2931 2933 2928 2923 2922 2922 2922 2921 2920 2919 2918 2918 2918 2916 2917 2920 2917 2914 -9999 -9999 -9999 -9999 -9999 2908 2903 2893 2892 2895 2898 2900 2900 2900 2899 2899 2898 2897 2895 2892 2889 2889 2889 2892 2894 2894 2894 2894 2894 2894 2893
-9999 -9999 -9999 -9999 -9999 -9999 -9999 -9999 -9999 -9999 -9999 -9999 -9999 -9999 -9999 -9999 -9999 -9999 -9999 -9999 -9999 -9999 -9999 -9999 -9999 -9999 -9999 -9999 -9999 -9999 2941 2936 2933 2926 2926 2924 2923 2923 2923 2922 2921 2921 2920 2924 2930 2922 2920 2924 -9999 -9999 -9999 -9999 -9999 -9999 -9999 -9999 2910 2907 2903 2893 2892 2899 2899 2897 2898 2898 2898 2898 2897 2895 2892 2889 2886 2885 2889 2891 2892 2893 2893 2894 2894 2894
-9999 -9999 -9999 -9999 -9999 -9999 -9999 -9999 -9999 -9999 -9999 -9999 -9999 -9999 -9999 -9999 -9999 -9999 -9999 -9999 -9999 -9999 -9999 -9999 -9999 -9999 -9999 -9999 -9999 -9999 -9999 -9999 2927 2927 2926 2925 2927 2926 2923 2922 2922 2928 2933 2934 2933 2933 -9999 -9999 -9999 -9999 -9999 -9999 -9999 -9999 -9999 -9999 -9999 2909 2908 2903 2898 2901 2898 2895 2891 2893 2895 2897 2897 2895 2892 2887 2884 2885 2885 2889 2889 2890 2891 2892 2893 2893
-9999 -9999 -9999 -9999 -9999 -9999 -9999 -9999 -9999 -9999 -9999 -9999 -9999 -9999 -9999 -9999 -9999 -9999 -9999 -9999 -9999 -9999 -9999 -9999 -9999 -9999 -9999 -9999 -9999 -9999 -9999 -9999 -9999 2928 2927 2928 2932 2925 2927 2928 2934 2935 2927 2921 -9999 -9999 -9999 -9999 -9999 -9999 -9999 -9999 -9999 -9999 -9999 -9999 -9999 -9999 2910 2908 2905 2905 2901 2898 2893 2882 2889 2895 2896 2895 2891 2886 2883 2881 2884 2887 2887 2887 2889 2889 2891 2891
-9999 -9999 -9999 -9999 -9999 -9999 -9999 -9999 -9999 -9999 -9999 -9999 -9999 -9999 -9999 -9999 -9999 -9999 -9999 -9999 -9999 -9999 -9999 -9999 -9999 -9999 -9999 -9999 -9999 -9999 -9999 -9999 -9999 -9999 -9999 -9999 -9999 2938 2940 -9999 -9999 -9999 -9999 -9999 -9999 -9999 -9999 -9999 -9999 -9999 -9999 -9999 -9999 -9999 -9999 -9999 -9999 -9999 -9999 2909 2907 2905 2903 2900 2898 2893 2885 2888 2894 2894 2892 2889 2886 2887 2884 2881 2881 2884 2886 2886 2888 2889
-9999 -9999 -9999 -9999 -9999 -9999 -9999 -9999 -9999 -9999 -9999 -9999 -9999 -9999 -9999 -9999 -9999 -9999 -9999 -9999 -9999 -9999 -9999 -9999 -9999 -9999 -9999 -9999 -9999 -9999 -9999 -9999 -9999 -9999 -9999 -9999 -9999 -9999 -9999 -9999 -9999 -9999 -9999 -9999 -9999 -9999 -9999 -9999 -9999 -9999 -9999 -9999 -9999 -9999 -9999 -9999 -9999 -9999 -9999 2910 2906 2902 2902 2904 2903 2897 2888 2884 2891 2894 2893 2889 2888 2883 2880 2878 2876 2881 2882 2883 2886 2887
-9999 -9999 -9999 -9999 -9999 -9999 -9999 -9999 -9999 -9999 -9999 -9999 -9999 -9999 -9999 -9999 -9999 -9999 -9999 -9999 -9999 -9999 -9999 -9999 -9999 -9999 -9999 -9999 -9999 -9999 -9999 -9999 -9999 -9999 -9999 -9999 -9999 -9999 -9999 -9999 -9999 -9999 -9999 -9999 -9999 -9999 -9999 -9999 -9999 -9999 -9999 -9999 -9999 -9999 -9999 -9999 -9999 -9999 -9999 2910 2906 2904 2906 2908 2906 2901 2896 2886 2887 2894 2891 2888 2886 2885 2878 2871 2870 2876 2876 2880 2883 2884
-9999 -9999 -9999 -9999 -9999 -9999 -9999 -9999 -9999 -9999 -9999 -9999 -9999 -9999 -9999 -9999 -9999 -9999 -9999 -9999 -9999 -9999 -9999 -9999 -9999 -9999 -9999 -9999 -9999 -9999 -9999 -9999 -9999 -9999 -9999 -9999 -9999 -9999 -9999 -9999 -9999 -9999 -9999 -9999 -9999 -9999 -9999 -9999 -9999 -9999 -9999 -9999 -9999 -9999 -9999 -9999 -9999 -9999 -9999 2910 2910 2910 2911 2908 2904 2903 2896 2894 2894 2892 2886 2885 2882 2881 2882 2878 2873 2870 2870 2875 2877 2881
-9999 -9999 -9999 -9999 -9999 -9999 -9999 -9999 -9999 -9999 -9999 -9999 -9999 -9999 -9999 -9999 -9999 -9999 -9999 -9999 -9999 -9999 -9999 -9999 -9999 -9999 -9999 -9999 -9999 -9999 -9999 -9999 -9999 -9999 -9999 -9999 -9999 -9999 -9999 -9999 -9999 -9999 -9999 -9999 -9999 -9999 -9999 -9999 -9999 -9999 -9999 -9999 -9999 -9999 -9999 -9999 -9999 -9999 -9999 2912 2913 2912 2911 2910 2907 2905 2902 2902 2897 2895 2888 2891 2881 2876 2870 2872 2878 2875 2869 2867 2869 2876
-9999 -9999 -9999 -9999 -9999 -9999 -9999 -9999 -9999 -9999 -9999 -9999 -9999 -9999 -9999 -9999 -9999 -9999 -9999 -9999 -9999 -9999 -9999 -9999 -9999 -9999 -9999 -9999 -9999 -9999 -9999 -9999 -9999 -9999 -9999 -9999 -9999 -9999 -9999 -9999 -9999 -9999 -9999 -9999 -9999 -9999 -9999 -9999 -9999 -9999 -9999 -9999 -9999 -9999 -9999 -9999 -9999 -9999 -9999 2913 2910 2909 2907 2903 2900 2896 2894 2897 2899 2898 2898 2894 2886 2880 2870 2873 2873 2867 2869 2863 2865 2868
-9999 -9999 -9999 -9999 -9999 -9999 -9999 -9999 -9999 -9999 -9999 -9999 -9999 -9999 -9999 -9999 -9999 -9999 -9999 -9999 -9999 -9999 -9999 -9999 -9999 -9999 -9999 -9999 -9999 -9999 -9999 -9999 -9999 -9999 -9999 -9999 -9999 -9999 -9999 -9999 -9999 -9999 -9999 -9999 -9999 -9999 -9999 -9999 -9999 -9999 -9999 -9999 -9999 -9999 -9999 -9999 -9999 -9999 -9999 2912 2909 2906 2902 2898 2895 2890 2895 2897 2900 2902 2898 2893 2885 2872 2873 2878 2875 2873 2864 2865 2861 2860
-9999 -9999 -9999 -9999 -9999 -9999 -9999 -9999 -9999 -9999 -9999 -9999 -9999 -9999 -9999 -9999 -9999 -9999 -9999 -9999 -9999 -9999 -9999 -9999 -9999 -9999 -9999 -9999 -9999 -9999 -9999 -9999 -9999 -9999 -9999 -9999 -9999 -9999 -9999 -9999 -9999 -9999 -9999 -9999 -9999 -9999 -9999 -9999 -9999 -9999 -9999 -9999 -9999 -9999 -9999 -9999 -9999 -9999 -9999 2910 2910 2905 2899 2897 2894 2887 2894 2895 2896 2900 2896 2894 2889 2881 2875 2882 2881 2882 2870 2868 2876 2868
-9999 -9999 -9999 -9999 -9999 -9999 -9999 -9999 -9999 -9999 -9999 -9999 -9999 -9999 -9999 -9999 -9999 -9999 -9999 -9999 -9999 -9999 -9999 -9999 -9999 -9999 -9999 -9999 -9999 -9999 -9999 -9999 -9999 -9999 -9999 -9999 -9999 -9999 -9999 -9999 -9999 -9999 -9999 -9999 -9999 -9999 -9999 -9999 -9999 -9999 -9999 -9999 -9999 -9999 -9999 -9999 -9999 -9999 2909 2907 2907 2905 2898 2898 2895 2892 2894 2894 2895 2898 2892 2887 2889 2884 2884 2885 2887 2883 2876 2874 2879 2879
-9999 -9999 -9999 -9999 -9999 -9999 -9999 -9999 -9999 -9999 -9999 -9999 -9999 -9999 -9999 -9999 -9999 -9999 -9999 -9999 -9999 -9999 -9999 -9999 -9999 -9999 -9999 -9999 -9999 -9999 -9999 -9999 -9999 -9999 -9999 -9999 -9999 -9999 -9999 -9999 -9999 -9999 -9999 -9999 -9999 -9999 -9999 -9999 -9999 -9999 -9999 -9999 -9999 -9999 -9999 -9999 -9999 2902 2905 2901 2900 2898 2898 2897 2896 2895 2894 2896 2897 2897 2893 2888 2886 2885 2880 2881 2888 2889 2887 2884 2884 2876
-9999 -9999 -9999 -9999 -9999 -9999 -9999 -9999 -9999 -9999 -9999 -9999 -9999 -9999 -9999 -9999 -9999 -9999 -9999 -9999 -9999 -9999 -9999 -9999 -9999 -9999 -9999 -9999 -9999 -9999 -9999 -9999 -9999 -9999 -9999 -9999 -9999 -9999 -9999 -9999 -9999 -9999 -9999 -9999 -9999 -9999 -9999 -9999 -9999 -9999 -9999 -9999 -9999 -9999 -9999 2907 2900 2898 2899 2899 2898 2897 2898 2897 2895 2893 2895 2895 2895 2896 2897 2896 2895 2893 2891 2889 2892 2890 2887 2880 2880 2876
-9999 -9999 -9999 -9999 -9999 -9999 -9999 -9999 -9999 -9999 -9999 -9999 -9999 -9999 -9999 -9999 -9999 -9999 -9999 -9999 -9999 -9999 -9999 -9999 -9999 -9999 -9999 -9999 -9999 -9999 -9999 -9999 -9999 -9999 -9999 -9999 -9999 -9999 -9999 -9999 -9999 -9999 -9999 -9999 -9999 -9999 -9999 -9999 -9999 -9999 -9999 -9999 -9999 2909 2904 2904 2901 2899 2898 2898 2898 2898 2898 2896 2895 2892 2896 2896 2895 2891 2893 2893 2894 2894 2892 2893 2892 2890 2884 2883 2882 2882
-9999 -9999 -9999 -9999 -9999 -9999 -9999 -9999 -9999 -9999 -9999 -9999 -9999 -9999 -9999 -9999 -9999 -9999 -9999 -9999 -9999 -9999 -9999 -9999 -9999 -9999 -9999 -9999 -9999 -9999 -9999 -9999 -9999 -9999 -9999 -9999 -9999 -9999 -9999 -9999 -9999 -9999 -9999 -9999 -9999 -9999 -9999 -9999 -9999 -9999 2915 2915 2914 2908 2902 2899 2898 2899 2898 2898 2898 2898 2898 2897 2893 2894 2896 2896 2896 2893 2889 2886 2890 2891 2888 2887 2887 2889 2890 2889 2888 2886
-9999 -9999 -9999 -9999 -9999 -9999 -9999 -9999 -9999 -9999 -9999 -9999 -9999 -9999 -9999 -9999 -9999 -9999 -9999 -9999 -9999 -9999 -9999 -9999 -9999 -9999 -9999 -9999 -9999 -9999 -9999 -9999 -9999 -9999 -9999 -9999 -9999 -9999 -9999 -9999 -9999 -9999 -9999 -9999 -9999 -9999 -9999 -9999 -9999 2915 2914 2912 2912 2908 2903 2899 2898 2898 2898 2898 2898 2899 2899 2898 2896 2896 2897 2897 2896 2895 2893 2890 2891 2893 2890 2884 2881 2886 2890 2888 2887 2886
-9999 -9999 -9999 -9999 -9999 -9999 -9999 -9999 -9999 -9999 -9999 -9999 -9999 -9999 -9999 -9999 -9999 -9999 -9999 -9999 -9999 -9999 -9999 -9999 -9999 -9999 -9999 -9999 -9999 -9999 -9999 -9999 -9999 -9999 -9999 -9999 -9999 -9999 -9999 -9999 -9999 -9999 -9999 -9999 -9999 -9999 -9999 -9999 2914 2913 2911 2908 2909 2904 2900 2900 2899 2898 2898 2899 2899 2898 2898 2898 2898 2897 2897 2897 2896 2896 2893 2893 2892 2891 2887 2881 2878 2886 2888 2883 2880 2879
-9999 -9999 -9999 -9999 -9999 -9999 -9999 -9999 -9999 -9999 -9999 -9999 -9999 -9999 -9999 -9999 -9999 -9999 -9999 -9999 -9999 -9999 -9999 -9999 -9999 -9999 -9999 -9999 -9999 -9999 -9999 -9999 -9999 -9999 -9999 -9999 -9999 -9999 -9999 -9999 -9999 -9999 -9999 -9999 -9999 -9999 -9999 2917 2914 2911 2908 2903 2906 2906 2900 2901 2899 2899 2899 2899 2899 2899 2897 2897 2898 2897 2895 2896 2896 2896 2892 2889 2891 2888 2881 2875 2874 2886 2887 2883 2880 2877
-9999 -9999 -9999 -9999 -9999 -9999 -9999 -9999 -9999 -9999 -9999 -9999 -9999 -9999 -9999 -9999 -9999 -9999 -9999 -9999 -9999 -9999 -9999 -9999 -9999 -9999 -9999 -9999 -9999 -9999 -9999 -9999 -9999 -9999 -9999 -9999 -9999 -9999 -9999 -9999 -9999 -9999 -9999 -9999 -9999 -9999 2916 2915 2914 2912 2909 2903 2903 2904 2905 2902 2901 2900 2899 2899 2899 2901 2898 2895 2898 2898 2896 2896 2895 2894 2894 2892 2892 2890 2887 2880 2880 2884 2885 2880 2880 2879
