Capas/PRESENTE/Eje_30s/ASC/bio_09.asc
ncols         993
nrows         433
xllcorner     -105.25566776747
yllcorner     17.599810932142
cellsize      0.0083333333
NODATA_value  -9999
[rows 108 to 143 of 433, columns 164 to 245 of 993]
2900 2892 2890 2893 2898 2904 2912 2915 2925 2924 2919 2921 2930 2931 2930 2930 2930 2929 2930 2930 2928 2926 2927 2929 2931 2935 2936 2938 2939 2939 2940 2940 2940 2941 2941 2941 2941 2941 2942 2942 2942 2942 2942 2941 2931 2909 2902 2907 2915 2920 2926 2926 2923 2918 2912 2908 2905 2911 2914 2914 2916 2912 2903 2903 2904 2898 2898 2902 2913 2919 2924 2925 2929 2931 2932 2932 2933 2933 2932 2931 2930 2932
2899 2892 2895 2896 2896 2894 2907 2913 2921 2915 2920 2926 2929 2925 2927 2928 2926 2926 2926 2926 2927 2920 2915 2924 2926 2932 2935 2937 2938 2938 2939 2939 2940 2941 2941 2941 2941 2941 2942 2942 2942 2942 2942 2941 2936 2921 2901 2897 2904 2912 2920 2925 2924 2923 2921 2919 2919 2924 2929 2931 2932 2931 2929 2928 2928 2926 2924 2922 2922 2931 2933 2934 2936 2937 2937 2937 2937 2937 2936 2935 2934 2932
2906 2901 2904 2904 2899 2892 2899 2912 2916 2905 2915 2922 2925 2921 2924 2923 2923 2920 2921 2921 2923 2916 2910 2921 2927 2930 2934 2935 2936 2937 2938 2939 2940 2940 2941 2941 2941 2941 2942 2942 2942 2942 2942 2940 2935 2923 2906 2906 2906 2907 2912 2922 2927 2930 2930 2931 2932 2933 2934 2934 2935 2935 2935 2935 2935 2935 2934 2933 2934 2936 2936 2937 2937 2938 2938 2938 2938 2938 2938 2938 2938 2938
2910 2908 2908 2901 2897 2890 2891 2905 2909 2901 2905 2916 2921 2919 2919 2916 2917 2913 2913 2917 2920 2918 2912 2913 2917 2925 2931 2933 2934 2936 2937 2938 2939 2940 2940 2941 2942 2941 2941 2942 2942 2942 2942 2942 2933 2918 2903 2910 2914 2912 2909 2915 2926 2930 2931 2932 2933 2934 2934 2934 2935 2935 2935 2935 2935 2936 2936 2936 2936 2937 2937 2937 2937 2937 2938 2938 2938 2938 2938 2938 2938 2939
2912 2904 2906 2901 2893 2891 2889 2890 2897 2889 2897 2909 2916 2910 2908 2904 2902 2908 2908 2912 2911 2918 2913 2903 2909 2921 2929 2932 2934 2935 2936 2937 2939 2940 2940 2941 2941 2942 2941 2941 2942 2942 2942 2942 2936 2920 2895 2898 2909 2913 2920 2924 2928 2930 2931 2932 2933 2934 2934 2934 2934 2935 2935 2935 2935 2936 2936 2936 2936 2936 2937 2937 2937 2937 2937 2938 2938 2938 2938 2938 2938 2939
2910 2902 2900 2898 2896 2896 2891 2890 2891 2890 2893 2905 2906 2907 2902 2897 2898 2896 2900 2902 2900 2911 2913 2907 2918 2924 2928 2930 2930 2934 2935 2937 2938 2939 2940 2941 2941 2942 2941 2935 2941 2942 2942 2942 2937 2920 2895 2888 2895 2905 2913 2920 2926 2930 2931 2932 2933 2934 2934 2934 2934 2935 2935 2935 2935 2935 2936 2936 2936 2936 2937 2937 2937 2937 2937 2938 2938 2938 2938 2938 2938 2938
2913 2909 2901 2893 2897 2901 2897 2898 2893 2893 2889 2892 2892 2896 2898 2901 2898 2893 2887 2888 2895 2908 2910 2913 2919 2917 2922 2927 2930 2929 2933 2936 2937 2939 2940 2941 2941 2941 2942 2940 2940 2941 2942 2942 2939 2926 2915 2914 2902 2892 2899 2909 2918 2926 2931 2932 2933 2934 2934 2934 2934 2934 2935 2935 2935 2935 2936 2936 2936 2936 2936 2937 2937 2937 2937 2937 2937 2938 2938 2938 2938 2938
2914 2908 2893 2889 2898 2903 2904 2897 2898 2896 2896 2897 2896 2900 2902 2899 2895 2894 2887 2889 2902 2907 2910 2917 2910 2912 2916 2925 2927 2925 2931 2935 2937 2939 2940 2941 2941 2941 2942 2942 2941 2942 2942 2942 2941 2936 2931 2929 2926 2912 2894 2897 2907 2918 2928 2932 2933 2933 2934 2934 2934 2934 2935 2935 2935 2935 2935 2936 2936 2936 2936 2936 2937 2937 2937 2937 2937 2938 2938 2938 2938 2938
2922 2914 2896 2886 2889 2900 2907 2904 2906 2898 2903 2895 2903 2906 2899 2895 2894 2896 2896 2894 2896 2902 2912 2910 2906 2911 2921 2925 2923 2926 2924 2929 2934 2936 2938 2938 2941 2941 2941 2941 2941 2941 2941 2942 2941 2938 2931 2931 2931 2921 2904 2900 2910 2916 2924 2931 2932 2933 2933 2934 2934 2934 2934 2935 2935 2935 2935 2936 2936 2936 2936 2936 2937 2937 2937 2937 2937 2938 2938 2938 2938 2938
2925 2915 2903 2890 2897 2906 2908 2906 2910 2903 2909 2899 2899 2908 2905 2896 2898 2897 2898 2895 2897 2905 2908 2898 2897 2901 2910 2921 2917 2922 2921 2919 2926 2928 2933 2932 2935 2941 2941 2941 2941 2941 2941 2940 2941 2941 2939 2935 2935 2928 2913 2903 2905 2905 2910 2923 2930 2932 2933 2933 2933 2934 2934 2934 2935 2935 2935 2935 2936 2936 2936 2936 2937 2937 2937 2937 2937 2937 2938 2938 2938 2938
2926 2919 2911 2901 2905 2914 2907 2908 2912 2910 2913 2908 2908 2900 2904 2901 2899 2898 2896 2893 2895 2901 2895 2890 2892 2897 2912 2919 2914 2920 2910 2918 2919 2917 2924 2931 2937 2940 2940 2940 2940 2941 2941 2941 2940 2936 2935 2933 2936 2933 2928 2916 2902 2896 2898 2910 2922 2929 2932 2933 2932 2932 2932 2933 2934 2935 2935 2935 2935 2936 2936 2936 2936 2937 2937 2937 2937 2937 2937 2938 2938 2938
2926 2923 2921 2920 2917 2913 2903 2908 2916 2915 2915 2912 2903 2902 2895 2896 2892 2889 2889 2888 2886 2892 2892 2889 2892 2896 2905 2911 2909 2916 2912 2905 2913 2915 2915 2924 2933 2939 2939 2938 2940 2940 2940 2941 2938 2925 2927 2934 2937 2936 2934 2930 2914 2895 2900 2906 2909 2916 2924 2928 2929 2928 2928 2928 2931 2931 2932 2934 2935 2936 2936 2936 2936 2936 2937 2937 2937 2937 2937 2937 2937 2937
2921 2928 2927 2926 2922 2914 2909 2910 2915 2918 2915 2911 2906 2904 2898 2892 2891 2888 2887 2885 2882 2885 2888 2885 2887 2891 2896 2899 2902 2908 2904 2901 2899 2907 2909 2914 2928 2935 2937 2938 2938 2939 2940 2941 2938 2926 2923 2928 2934 2936 2934 2928 2923 2908 2899 2906 2909 2910 2915 2920 2922 2923 2921 2917 2920 2919 2923 2929 2932 2934 2936 2936 2936 2936 2936 2937 2937 2937 2937 2937 2937 2937
2928 2926 2919 2920 2913 2913 2914 2915 2918 2919 2914 2912 2908 2899 2892 2888 2892 2886 2885 2884 2883 2883 2881 2878 2877 2882 2885 2886 2891 2899 2897 2893 2894 2896 2906 2903 2920 2928 2931 2935 2937 2938 2940 2941 2939 2930 2921 2926 2929 2930 2928 2915 2917 2913 2904 2908 2909 2907 2910 2915 2917 2918 2918 2911 2902 2901 2909 2920 2927 2931 2934 2935 2935 2935 2935 2936 2936 2937 2937 2937 2937 2937
2923 2924 2920 2914 2904 2902 2906 2915 2919 2919 2914 2909 2905 2899 2886 2880 2888 2885 2884 2885 2883 2878 2877 2875 2873 2878 2880 2882 2885 2891 2894 2893 2888 2890 2902 2909 2917 2927 2933 2934 2937 2937 2938 2941 2941 2940 2934 2930 2931 2934 2932 2925 2921 2919 2909 2906 2911 2912 2912 2912 2913 2915 2914 2906 2891 2882 2897 2911 2920 2922 2928 2931 2931 2929 2928 2930 2933 2936 2937 2937 2937 2937
2918 2917 2906 2908 2906 2901 2908 2917 2921 2917 2913 2906 2899 2893 2882 2883 2886 2886 2886 2885 2884 2878 2873 2871 2870 2874 2870 2874 2880 2888 2891 2892 2891 2896 2902 2910 2917 2924 2931 2931 2935 2937 2939 2941 2941 2941 2941 2940 2939 2941 2939 2932 2923 2923 2921 2915 2919 2918 2909 2908 2912 2912 2908 2900 2884 2871 2881 2898 2906 2907 2911 2913 2916 2916 2913 2916 2920 2928 2933 2935 2935 2937
2923 2909 2903 2905 2914 2909 2912 2923 2923 2917 2907 2895 2881 2881 2882 2884 2885 2885 2885 2885 2884 2880 2876 2874 2868 2867 2869 2869 2876 2887 2889 2891 2893 2898 2905 2913 2915 2922 2929 2931 2931 2935 2936 2935 2940 2941 2942 2942 2942 2942 2941 2942 2933 2923 2933 2931 2930 2920 2916 2909 2909 2907 2901 2892 2876 2861 2871 2885 2893 2898 2900 2902 2904 2897 2892 2895 2902 2913 2921 2927 2932 2935
2930 2919 2907 2914 2925 2918 2923 2921 2919 2909 2896 2884 2875 2869 2873 2880 2883 2884 2885 2885 2883 2879 2876 2872 2867 2863 2867 2874 2878 2886 2888 2892 2894 2902 2907 2914 2920 2922 2927 2929 2930 2934 2933 2932 2936 2941 2942 2942 2942 2942 2941 2942 2942 2942 2943 2942 2941 2936 2931 2928 2920 2911 2904 2897 2880 2875 2877 2884 2894 2899 2903 2905 2906 2894 2895 2897 2901 2906 2909 2913 2923 2929
2933 2923 2919 2921 2929 2928 2923 2922 2917 2908 2894 2884 2874 2864 2865 2871 2877 2881 2882 2884 2882 2880 2877 2873 2865 2859 2861 2869 2878 2884 2888 2891 2898 2908 2910 2911 2914 2918 2923 2923 2928 2932 2933 2933 2935 2940 2942 2942 2942 2942 2942 2942 2942 2943 2943 2943 2943 2943 2942 2938 2930 2920 2917 2905 2894 2892 2893 2897 2907 2911 2914 2918 2911 2903 2898 2897 2902 2906 2908 2911 2919 2923
2929 2932 2931 2928 2925 2926 2919 2920 2915 2902 2893 2880 2870 2863 2861 2869 2873 2877 2880 2880 2880 2878 2877 2873 2867 2855 2857 2866 2875 2879 2886 2890 2897 2897 2895 2898 2904 2910 2919 2923 2924 2931 2934 2938 2938 2941 2942 2942 2942 2942 2942 2942 2942 2942 2943 2943 2943 2943 2943 2941 2938 2933 2922 2914 2913 2906 2907 2911 2917 2921 2923 2926 2922 2917 2915 2903 2900 2902 2906 2908 2908 2912
2916 2916 2915 2913 2913 2922 2916 2915 2917 2911 2901 2880 2870 2866 2862 2865 2870 2875 2877 2874 2873 2874 2875 2874 2867 2861 2859 2862 2865 2871 2877 2880 2886 2889 2889 2890 2895 2904 2912 2919 2920 2928 2939 2941 2941 2941 2942 2942 2942 2942 2942 2942 2942 2942 2943 2943 2943 2943 2943 2943 2942 2941 2938 2933 2929 2924 2922 2921 2926 2930 2933 2935 2933 2932 2922 2914 2903 2899 2900 2906 2912 2911
2911 2908 2908 2908 2914 2920 2919 2916 2911 2903 2894 2881 2867 2867 2861 2861 2864 2870 2872 2872 2871 2872 2870 2871 2867 2862 2859 2856 2857 2862 2870 2878 2881 2881 2885 2886 2890 2899 2908 2912 2916 2929 2941 2941 2941 2941 2942 2942 2942 2942 2942 2942 2942 2942 2943 2943 2943 2943 2943 2943 2943 2943 2942 2940 2938 2936 2935 2937 2938 2939 2940 2941 2940 2940 2937 2934 2926 2916 2914 2921 2923 2925
2912 2909 2908 2910 2914 2914 2922 2922 2916 2902 2883 2872 2863 2862 2860 2857 2861 2865 2866 2868 2871 2871 2869 2867 2865 2858 2855 2851 2853 2859 2866 2871 2872 2875 2878 2882 2888 2895 2900 2906 2919 2937 2941 2941 2941 2942 2942 2942 2942 2942 2942 2942 2942 2942 2943 2943 2943 2943 2943 2943 2943 2943 2943 2943 2942 2941 2942 2942 2942 2941 2941 2942 2942 2942 2943 2942 2939 2932 2930 2927 2926 2927
2912 2911 2911 2913 2912 2915 2917 2916 2919 2908 2891 2883 2876 2870 2861 2859 2861 2864 2865 2867 2869 2868 2865 2867 2867 2861 2857 2852 2856 2856 2857 2862 2864 2867 2871 2877 2884 2890 2899 2915 2931 2940 2941 2941 2941 2942 2942 2942 2942 2942 2942 2942 2942 2942 2942 2942 2943 2943 2943 2943 2943 2943 2942 2940 2940 2943 2943 2943 2943 2942 2942 2943 2943 2943 2943 2943 2941 2939 2933 2929 2927 2925
2913 2913 2913 2914 2913 2912 2909 2905 2910 2915 2902 2893 2884 2872 2858 2863 2864 2867 2868 2868 2869 2866 2862 2864 2865 2864 2857 2856 2858 2855 2853 2855 2857 2859 2863 2871 2880 2887 2907 2923 2934 2939 2941 2941 2941 2941 2942 2942 2942 2942 2942 2942 2942 2942 2942 2942 2942 2942 2942 2942 2942 2942 2939 2934 2935 2940 2942 2942 2942 2942 2941 2941 2941 2942 2941 2941 2938 2935 2932 2923 2918 2919
2914 2914 2915 2914 2914 2911 2906 2903 2901 2911 2907 2894 2889 2875 2866 2867 2868 2868 2871 2871 2870 2867 2864 2866 2863 2863 2860 2856 2857 2855 2850 2850 2853 2854 2855 2864 2878 2894 2912 2928 2934 2939 2941 2941 2941 2941 2941 2941 2942 2942 2942 2942 2942 2942 2941 2942 2941 2941 2941 2941 2941 2941 2939 2937 2937 2938 2937 2938 2939 2938 2936 2934 2935 2936 2937 2938 2936 2929 2925 2913 2909 2910
2915 2915 2913 2912 2912 2908 2902 2898 2896 2901 2904 2902 2895 2884 2878 2881 2874 2872 2873 2872 2871 2869 2867 2864 2862 2860 2857 2851 2854 2855 2853 2849 2850 2848 2851 2864 2886 2904 2919 2927 2933 2938 2940 2941 2941 2941 2941 2941 2941 2941 2941 2942 2942 2942 2941 2940 2939 2936 2938 2937 2938 2939 2937 2935 2933 2932 2927 2932 2934 2933 2931 2926 2922 2924 2927 2931 2930 2925 2922 2914 2906 2902
2913 2913 2911 2912 2909 2907 2901 2898 2897 2898 2901 2900 2899 2894 2884 2886 2878 2872 2873 2871 2869 2866 2865 2862 2859 2858 2853 2845 2849 2848 2852 2850 2846 2847 2852 2867 2890 2907 2920 2927 2934 2938 2940 2941 2941 2941 2941 2941 2941 2941 2941 2941 2941 2941 2940 2936 2934 2932 2932 2930 2933 2936 2934 2930 2930 2922 2913 2912 2920 2923 2923 2912 2907 2910 2916 2921 2923 2923 2917 2917 2907 2896
2911 2913 2914 2915 2913 2908 2905 2903 2901 2899 2897 2894 2896 2896 2892 2889 2880 2878 2874 2872 2869 2865 2865 2862 2859 2855 2848 2843 2844 2845 2851 2849 2846 2845 2854 2878 2897 2911 2924 2930 2935 2938 2940 2941 2941 2941 2941 2941 2941 2941 2941 2941 2937 2936 2935 2933 2930 2928 2926 2927 2929 2929 2930 2922 2920 2913 2912 2904 2910 2913 2915 2909 2901 2908 2912 2911 2910 2913 2908 2910 2906 2898
2912 2917 2916 2915 2911 2908 2908 2906 2901 2895 2886 2887 2890 2888 2890 2888 2884 2881 2876 2871 2872 2869 2864 2860 2857 2855 2851 2847 2842 2848 2849 2849 2849 2862 2875 2889 2902 2915 2925 2931 2936 2939 2940 2941 2941 2941 2941 2941 2941 2941 2941 2938 2931 2931 2931 2928 2926 2926 2926 2925 2923 2925 2925 2919 2917 2918 2915 2909 2911 2910 2911 2911 2907 2909 2908 2908 2909 2911 2911 2909 2905 2899
2920 2919 2913 2914 2911 2910 2908 2907 2902 2887 2875 2879 2885 2882 2880 2882 2879 2873 2870 2868 2871 2869 2865 2862 2857 2855 2851 2841 2842 2843 2847 2852 2860 2873 2888 2899 2910 2919 2927 2933 2937 2939 2940 2940 2940 2940 2941 2941 2940 2940 2939 2932 2929 2929 2927 2926 2924 2925 2921 2917 2918 2919 2919 2917 2918 2918 2916 2913 2912 2909 2908 2908 2906 2906 2905 2908 2908 2910 2911 2911 2909 2906
2920 2907 2911 2915 2909 2905 2908 2908 2902 2895 2885 2871 2871 2875 2879 2875 2874 2868 2868 2868 2869 2868 2861 2861 2857 2857 2852 2843 2848 2850 2852 2873 2881 2891 2904 2910 2917 2924 2930 2935 2938 2940 2940 2940 2940 2940 2941 2940 2938 2933 2932 2928 2927 2925 2919 2924 2924 2921 2916 2913 2915 2914 2914 2913 2913 2913 2913 2912 2911 2909 2909 2909 2908 2907 2907 2908 2908 2908 2909 2910 2909 2907
2911 2904 2909 2914 2909 2903 2903 2905 2900 2888 2878 2863 2866 2869 2879 2879 2875 2869 2868 2867 2865 2864 2862 2860 2861 2858 2856 2849 2852 2863 2877 2891 2902 2910 2918 2919 2922 2928 2933 2937 2939 2940 2940 2940 2940 2940 2940 2938 2935 2930 2928 2928 2925 2920 2911 2920 2922 2918 2915 2913 2911 2909 2905 2907 2907 2906 2906 2907 2906 2908 2909 2909 2909 2908 2909 2908 2908 2909 2909 2909 2908 2906
2902 2903 2910 2912 2909 2904 2898 2898 2897 2887 2869 2858 2862 2872 2879 2880 2879 2873 2872 2867 2863 2861 2860 2861 2862 2861 2857 2852 2861 2878 2890 2903 2912 2919 2925 2927 2928 2932 2937 2938 2940 2940 2940 2940 2940 2940 2940 2938 2936 2931 2931 2928 2923 2924 2920 2917 2919 2914 2912 2911 2907 2903 2901 2896 2898 2898 2897 2902 2903 2906 2907 2908 2906 2902 2905 2906 2908 2908 2907 2907 2905 2905
2900 2899 2906 2909 2906 2900 2897 2893 2890 2885 2874 2859 2865 2877 2881 2881 2880 2878 2875 2870 2865 2864 2861 2859 2862 2862 2858 2858 2876 2893 2902 2910 2917 2924 2929 2932 2932 2936 2939 2940 2940 2940 2940 2940 2940 2940 2940 2939 2937 2933 2929 2925 2927 2925 2923 2918 2917 2909 2909 2905 2897 2899 2895 2885 2886 2893 2895 2901 2902 2902 2902 2906 2904 2902 2903 2903 2904 2905 2906 2904 2901 2901
2896 2897 2905 2907 2904 2896 2894 2889 2887 2872 2868 2872 2870 2879 2882 2882 2882 2879 2876 2872 2870 2868 2861 2859 2861 2860 2861 2866 2890 2901 2909 2919 2924 2927 2932 2935 2937 2939 2940 2940 2940 2940 2940 2940 2940 2940 2940 2939 2937 2932 2927 2922 2920 2919 2921 2920 2917 2913 2909 2905 2902 2898 2891 2883 2883 2892 2896 2898 2893 2893 2895 2902 2903 2900 2899 2899 2898 2899 2902 2900 2899 2897
