Capas/PRESENTE/Eje_30s/ASC/bio_18.asc
ncols         993
nrows         433
xllcorner     -105.25566776747
yllcorner     17.599810932142
cellsize      0.0083333333
NODATA_value  -9999
[rows 144 to 179 of 433, columns 164 to 245 of 993]
2863 2892 2904 2898 2886 2862 2828 2792 2756 2721 2689 2656 2621 2575 2525 2468 2411 2355 2308 2271 2247 2235 2236 2243 2257 2273 2280 2263 2220 2153 2070 1965 1859 1758 1671 1599 1540 1496 1464 1444 1430 1421 1416 1416 1421 1435 1460 1497 1546 1600 1656 1707 1756 1803 1845 1885 1924 1966 2008 2054 2102 2154 2203 2242 2271 2283 2286 2286 2280 2267 2249 2230 2212 2195 2179 2165 2153 2143 2141 2147 2164 2191
2861 2887 2897 2890 2875 2854 2825 2790 2758 2724 2686 2650 2612 2562 2506 2447 2388 2334 2287 2256 2236 2228 2234 2246 2261 2279 2283 2262 2211 2136 2034 1928 1818 1716 1632 1563 1509 1471 1445 1429 1419 1414 1413 1416 1427 1447 1482 1531 1588 1641 1696 1749 1798 1843 1884 1920 1955 1991 2031 2072 2117 2165 2210 2252 2282 2302 2310 2315 2316 2309 2297 2284 2270 2256 2239 2224 2210 2198 2195 2199 2215 2240
2829 2848 2858 2863 2853 2833 2806 2778 2747 2716 2683 2644 2600 2546 2486 2423 2364 2312 2270 2242 2228 2224 2234 2250 2269 2285 2290 2265 2209 2122 2018 1910 1797 1696 1612 1546 1495 1459 1435 1418 1412 1410 1413 1421 1434 1461 1508 1567 1620 1677 1735 1792 1843 1889 1928 1960 1989 2020 2054 2089 2130 2177 2214 2253 2285 2309 2323 2335 2339 2338 2334 2327 2320 2308 2295 2281 2268 2256 2250 2255 2267 2286
2767 2780 2792 2807 2814 2801 2783 2765 2737 2702 2670 2637 2589 2526 2464 2401 2344 2292 2253 2231 2223 2225 2238 2258 2278 2295 2296 2269 2211 2127 2020 1906 1792 1690 1608 1543 1492 1456 1430 1415 1407 1408 1412 1424 1445 1481 1535 1592 1649 1711 1775 1835 1890 1936 1972 2002 2026 2049 2077 2106 2140 2180 2214 2249 2278 2303 2322 2337 2346 2353 2357 2359 2358 2353 2343 2332 2321 2311 2306 2306 2314 2328
2690 2702 2719 2741 2751 2757 2756 2743 2722 2690 2659 2623 2571 2508 2441 2379 2324 2275 2239 2222 2218 2227 2243 2266 2288 2306 2306 2278 2220 2135 2037 1915 1797 1695 1613 1548 1497 1458 1430 1414 1406 1406 1412 1426 1453 1500 1556 1610 1673 1739 1807 1872 1927 1976 2012 2041 2060 2078 2098 2119 2148 2181 2211 2239 2266 2288 2308 2325 2345 2357 2365 2374 2380 2382 2379 2375 2368 2361 2357 2357 2359 2365
2615 2613 2639 2675 2698 2713 2724 2719 2703 2679 2644 2604 2551 2489 2418 2358 2302 2258 2227 2215 2216 2229 2250 2275 2300 2317 2316 2289 2231 2146 2047 1929 1807 1704 1623 1557 1503 1462 1433 1414 1405 1403 1410 1425 1454 1505 1564 1623 1689 1760 1830 1898 1955 2003 2042 2069 2088 2102 2115 2130 2150 2176 2199 2223 2245 2262 2279 2299 2322 2342 2358 2376 2391 2400 2404 2406 2404 2402 2401 2400 2399 2398
2547 2547 2580 2626 2655 2676 2697 2701 2689 2663 2630 2585 2532 2466 2396 2335 2283 2242 2218 2210 2217 2232 2257 2285 2310 2327 2327 2301 2241 2159 2060 1942 1820 1715 1633 1566 1510 1467 1435 1414 1402 1400 1406 1418 1448 1499 1564 1626 1695 1767 1840 1908 1967 2018 2057 2087 2106 2119 2129 2139 2151 2163 2179 2199 2213 2226 2239 2259 2286 2313 2338 2364 2386 2403 2414 2422 2429 2433 2434 2435 2433 2428
2496 2499 2536 2585 2615 2649 2674 2684 2678 2652 2615 2569 2512 2447 2380 2318 2267 2230 2209 2208 2217 2236 2263 2292 2318 2335 2334 2308 2251 2171 2073 1957 1833 1728 1644 1574 1517 1470 1436 1412 1398 1394 1398 1411 1436 1486 1555 1620 1691 1764 1837 1905 1966 2018 2060 2093 2115 2131 2139 2144 2147 2149 2155 2164 2167 2174 2188 2211 2241 2274 2308 2340 2369 2391 2411 2429 2441 2451 2457 2460 2460 2450
2449 2459 2498 2553 2590 2627 2655 2672 2666 2641 2604 2556 2499 2434 2368 2307 2257 2222 2202 2203 2218 2240 2270 2299 2325 2341 2341 2315 2261 2181 2086 1971 1847 1740 1653 1582 1523 1475 1436 1409 1393 1387 1389 1399 1423 1468 1535 1607 1678 1751 1824 1893 1954 2008 2054 2091 2118 2136 2144 2147 2144 2138 2135 2132 2128 2129 2139 2161 2193 2228 2265 2303 2339 2371 2397 2421 2440 2456 2467 2475 2477 2468
2402 2426 2477 2534 2577 2619 2651 2666 2658 2630 2594 2548 2492 2426 2360 2300 2253 2220 2202 2204 2221 2246 2276 2306 2333 2348 2345 2320 2267 2191 2097 1981 1857 1749 1662 1590 1529 1477 1436 1406 1389 1380 1380 1387 1407 1445 1507 1588 1658 1732 1804 1872 1935 1991 2040 2082 2113 2136 2147 2148 2142 2132 2119 2106 2094 2089 2095 2114 2142 2179 2220 2263 2303 2341 2375 2405 2428 2450 2468 2479 2483 2477
2371 2407 2466 2515 2562 2608 2639 2654 2647 2624 2589 2544 2488 2423 2358 2299 2254 2223 2207 2210 2227 2251 2282 2310 2336 2351 2349 2326 2273 2199 2107 1988 1866 1760 1672 1598 1534 1479 1437 1404 1383 1372 1370 1374 1389 1420 1477 1560 1633 1705 1778 1848 1913 1972 2024 2068 2107 2133 2148 2151 2145 2130 2111 2089 2070 2057 2055 2069 2094 2130 2174 2221 2265 2305 2345 2378 2407 2434 2454 2471 2477 2473
2339 2389 2450 2501 2551 2594 2630 2646 2640 2618 2586 2541 2488 2424 2359 2302 2258 2228 2215 2219 2235 2260 2287 2316 2338 2353 2351 2330 2281 2208 2118 2000 1878 1772 1684 1607 1541 1485 1439 1404 1380 1365 1360 1362 1373 1399 1450 1529 1606 1679 1753 1824 1891 1952 2007 2057 2101 2131 2150 2157 2152 2134 2111 2084 2059 2041 2030 2034 2055 2088 2133 2184 2228 2270 2311 2348 2379 2409 2433 2451 2461 2456
2308 2363 2424 2490 2543 2589 2623 2635 2638 2618 2586 2544 2490 2429 2366 2309 2265 2236 2222 2226 2244 2268 2294 2318 2338 2353 2353 2332 2286 2217 2131 2016 1893 1787 1697 1620 1551 1492 1443 1406 1378 1362 1353 1351 1359 1383 1428 1501 1580 1653 1729 1802 1873 1935 1994 2048 2095 2131 2154 2167 2165 2147 2121 2090 2060 2034 2018 2015 2030 2058 2100 2148 2196 2237 2280 2317 2349 2379 2404 2419 2428 2424
2283 2345 2412 2484 2534 2576 2609 2634 2639 2618 2587 2548 2495 2433 2370 2313 2270 2241 2229 2234 2251 2275 2299 2320 2339 2353 2353 2335 2291 2226 2146 2040 1919 1807 1715 1636 1566 1503 1451 1410 1381 1360 1348 1344 1349 1370 1410 1478 1557 1629 1706 1783 1854 1920 1982 2039 2090 2129 2159 2177 2179 2164 2139 2104 2070 2039 2016 2008 2016 2039 2076 2120 2165 2209 2249 2288 2318 2347 2369 2383 2386 2381
2277 2352 2417 2474 2524 2570 2607 2636 2641 2624 2596 2556 2504 2440 2375 2318 2276 2247 2237 2242 2257 2280 2302 2321 2340 2353 2355 2339 2296 2235 2159 2068 1955 1835 1735 1654 1583 1519 1464 1421 1387 1364 1349 1341 1343 1361 1397 1462 1535 1607 1685 1762 1835 1905 1969 2030 2083 2127 2162 2187 2192 2181 2155 2121 2086 2050 2024 2012 2014 2030 2063 2103 2146 2187 2226 2262 2290 2314 2330 2339 2339 2331
2289 2362 2426 2481 2531 2580 2620 2646 2651 2636 2607 2567 2512 2445 2380 2323 2280 2254 2242 2248 2263 2284 2304 2326 2343 2355 2356 2338 2302 2248 2174 2086 1985 1860 1757 1675 1603 1538 1481 1435 1399 1372 1354 1344 1343 1358 1394 1452 1518 1587 1663 1741 1815 1886 1954 2017 2075 2124 2164 2192 2203 2195 2172 2139 2100 2064 2036 2021 2018 2034 2064 2101 2140 2177 2213 2245 2268 2285 2295 2298 2294 2283
2280 2354 2422 2483 2536 2586 2632 2660 2665 2652 2622 2581 2521 2452 2385 2326 2284 2257 2247 2253 2268 2285 2307 2327 2344 2355 2356 2341 2308 2259 2188 2101 1998 1879 1780 1700 1628 1563 1504 1456 1417 1387 1365 1352 1351 1364 1396 1452 1503 1568 1640 1716 1792 1864 1935 2003 2064 2118 2163 2195 2211 2207 2184 2152 2114 2077 2045 2029 2026 2041 2067 2099 2134 2169 2201 2232 2250 2260 2263 2258 2247 2234
2258 2337 2410 2476 2534 2591 2639 2670 2678 2667 2638 2596 2533 2460 2391 2330 2287 2262 2253 2258 2270 2287 2307 2327 2344 2354 2356 2342 2310 2264 2199 2115 2007 1899 1809 1733 1663 1595 1535 1483 1441 1407 1384 1370 1367 1376 1405 1446 1491 1549 1617 1690 1766 1840 1915 1985 2051 2108 2157 2194 2217 2215 2193 2162 2124 2086 2055 2037 2034 2045 2067 2099 2129 2159 2189 2213 2225 2232 2230 2219 2202 2185
2235 2324 2405 2471 2534 2591 2642 2676 2688 2683 2656 2605 2544 2470 2396 2332 2288 2261 2251 2258 2270 2287 2306 2327 2343 2352 2353 2342 2311 2268 2205 2128 2022 1926 1846 1775 1708 1639 1574 1520 1475 1440 1414 1396 1387 1392 1413 1442 1480 1530 1591 1661 1735 1813 1890 1966 2038 2098 2151 2193 2218 2218 2199 2169 2128 2089 2057 2039 2033 2044 2062 2092 2123 2149 2172 2189 2197 2202 2198 2182 2156 2123
2205 2296 2384 2453 2523 2586 2639 2676 2693 2690 2664 2613 2546 2471 2399 2340 2293 2262 2250 2256 2266 2284 2304 2324 2341 2351 2352 2338 2311 2268 2211 2142 2047 1964 1896 1832 1765 1693 1624 1563 1517 1482 1457 1435 1420 1417 1425 1441 1470 1512 1566 1632 1704 1784 1866 1945 2020 2087 2145 2190 2216 2220 2203 2171 2131 2089 2052 2033 2025 2033 2051 2081 2112 2138 2154 2166 2172 2174 2165 2148 2121 2080
2166 2263 2351 2430 2511 2575 2627 2666 2691 2691 2665 2614 2545 2464 2403 2342 2295 2265 2249 2252 2265 2279 2298 2319 2337 2348 2347 2336 2312 2273 2223 2162 2085 2012 1959 1894 1828 1755 1679 1615 1564 1530 1503 1473 1451 1436 1432 1442 1461 1495 1541 1603 1675 1756 1841 1925 2005 2078 2139 2189 2219 2225 2207 2172 2128 2083 2042 2020 2011 2015 2037 2067 2099 2124 2139 2148 2153 2151 2140 2122 2100 2070
2125 2222 2316 2402 2482 2551 2605 2651 2676 2678 2655 2603 2534 2453 2392 2331 2286 2257 2246 2247 2256 2271 2291 2313 2330 2341 2342 2332 2310 2279 2237 2186 2129 2068 2009 1949 1883 1818 1740 1670 1613 1577 1540 1504 1474 1453 1442 1434 1444 1467 1507 1571 1649 1731 1820 1907 1992 2069 2137 2190 2223 2229 2210 2173 2123 2072 2028 2000 1989 1995 2019 2050 2084 2111 2128 2133 2134 2124 2102 2091 2082 2053
2094 2184 2281 2366 2444 2515 2573 2620 2649 2653 2624 2577 2513 2435 2366 2320 2279 2251 2237 2237 2245 2260 2282 2302 2320 2330 2333 2325 2310 2289 2254 2211 2164 2110 2058 2005 1941 1875 1803 1728 1665 1619 1577 1534 1497 1471 1441 1427 1428 1446 1482 1546 1627 1711 1802 1893 1982 2062 2134 2189 2223 2230 2210 2172 2119 2059 2012 1980 1965 1972 1994 2029 2067 2099 2122 2137 2144 2134 2092 2065 2061 2042
2062 2148 2242 2324 2397 2471 2531 2580 2610 2609 2582 2538 2480 2410 2342 2302 2267 2242 2227 2225 2232 2247 2265 2285 2302 2314 2318 2314 2305 2289 2263 2231 2194 2150 2104 2054 1997 1932 1863 1794 1728 1670 1615 1566 1522 1485 1447 1427 1424 1436 1470 1530 1608 1694 1787 1881 1971 2055 2128 2186 2219 2226 2208 2168 2115 2048 1993 1962 1944 1948 1971 2007 2048 2086 2119 2140 2155 2157 2125 2073 2041 2015
2032 2112 2206 2278 2340 2411 2480 2529 2556 2551 2525 2486 2435 2360 2312 2279 2252 2227 2214 2210 2216 2230 2246 2264 2281 2294 2298 2299 2293 2282 2266 2243 2215 2182 2146 2104 2051 1987 1919 1850 1781 1716 1653 1597 1546 1504 1462 1434 1424 1433 1465 1525 1597 1683 1777 1871 1962 2046 2120 2178 2216 2223 2205 2165 2110 2044 1983 1948 1927 1929 1951 1985 2028 2072 2113 2144 2171 2181 2172 2116 2065 2022
2004 2078 2163 2226 2280 2349 2413 2464 2495 2491 2466 2429 2373 2310 2285 2256 2232 2214 2199 2195 2199 2209 2223 2240 2259 2269 2275 2275 2274 2268 2259 2247 2227 2204 2176 2143 2097 2037 1971 1899 1826 1755 1688 1625 1568 1521 1475 1441 1428 1433 1462 1521 1590 1675 1768 1863 1952 2037 2110 2167 2205 2214 2198 2160 2102 2037 1975 1935 1913 1911 1932 1967 2012 2061 2109 2149 2186 2211 2210 2182 2123 2069
-9999 -9999 2117 2161 2211 2288 2350 2401 2437 2436 2412 2364 2310 2264 2241 2224 2202 2191 2182 2176 2180 2186 2198 2213 2230 2240 2244 2248 2250 2247 2244 2241 2229 2218 2197 2170 2130 2076 2013 1941 1865 1788 1715 1646 1585 1530 1478 1447 1431 1435 1463 1520 1586 1668 1760 1853 1943 2026 2098 2153 2189 2200 2184 2148 2091 2026 1967 1922 1897 1898 1918 1952 1994 2052 2106 2156 2201 2234 2247 2242 2198 2141
-9999 -9999 2061 2096 2148 2219 2290 2346 2386 2387 2367 2313 2266 2226 2201 2189 2175 2164 2161 2158 2161 2164 2173 2187 2198 2208 2211 2217 2221 2222 2226 2227 2222 2217 2205 2186 2153 2102 2041 1971 1893 1812 1734 1660 1590 1527 1481 1450 1436 1438 1462 1516 1581 1663 1752 1844 1932 2016 2086 2139 2173 2182 2166 2129 2073 2009 1952 1912 1882 1884 1910 1935 1975 2047 2103 2159 2210 2253 2277 2282 2265 2218
-9999 -9999 -9999 2040 2092 2162 2240 2293 2335 2347 2332 2281 2236 2200 2169 2151 2147 2140 2138 2135 2141 2144 2150 2159 2167 2173 2178 2186 2192 2198 2204 2206 2207 2205 2199 2188 2161 2117 2060 1990 1910 1826 1745 1662 1588 1527 1483 1455 1440 1440 1459 1503 1578 1657 1745 1837 1924 2006 2075 2127 2156 2163 2146 2106 2052 1990 1936 1900 1876 1889 1913 1938 1971 2042 2103 2160 2217 2268 2301 2317 2310 2284
-9999 -9999 -9999 1988 2047 2117 2192 2250 2297 2310 2302 2266 2220 2186 2147 2120 2113 2120 2119 2123 2127 2124 2125 2130 2137 2140 2149 2158 2164 2171 2179 2186 2192 2196 2193 2182 2160 2122 2065 1995 1915 1830 1737 1653 1584 1528 1488 1460 1446 1445 1459 1498 1570 1654 1740 1831 1920 2001 2068 2119 2145 2149 2128 2087 2032 1971 1921 1885 1876 1894 1919 1948 1973 2036 2103 2159 2218 2274 2316 2338 2342 2322
-9999 -9999 -9999 -9999 -9999 2082 2154 2213 2256 2272 2269 2249 2203 2170 2131 2102 2095 2104 2108 2109 2105 2105 2105 2106 2111 2114 2121 2129 2139 2152 2162 2171 2178 2186 2182 2175 2154 2116 2058 1986 1905 1821 1722 1644 1582 1530 1492 1468 1454 1452 1465 1501 1568 1656 1742 1832 1920 2002 2069 2118 2143 2142 2117 2073 2015 1957 1906 1872 1875 1902 1930 1958 1977 2025 2098 2154 2213 2271 2317 2343 2351 2337
-9999 -9999 -9999 -9999 -9999 2051 2119 2177 2218 2234 2232 2217 2177 2144 2115 2095 2087 2093 2099 2097 2096 2094 2091 2091 2091 2094 2100 2109 2119 2134 2147 2160 2169 2176 2177 2168 2144 2102 2042 1970 1890 1806 1711 1639 1581 1534 1498 1475 1463 1463 1475 1508 1572 1660 1746 1836 1925 2007 2075 2123 2147 2142 2111 2064 2007 1942 1889 1871 1890 1914 1945 1965 1982 2019 2074 2142 2204 2260 2305 2333 2344 2334
-9999 -9999 -9999 -9999 -9999 2018 2086 2134 2175 2195 2195 2175 2147 2125 2108 2099 2092 2091 2093 2092 2092 2091 2086 2084 2082 2085 2087 2096 2107 2121 2135 2151 2167 2174 2174 2167 2140 2089 2022 1947 1869 1785 1703 1638 1584 1539 1507 1485 1475 1473 1486 1519 1584 1668 1753 1843 1934 2015 2085 2133 2156 2148 2104 2047 1986 1927 1892 1894 1902 1927 1955 1969 1987 2019 2066 2136 2192 2242 2283 2311 2323 2318
-9999 -9999 -9999 -9999 1900 1979 2047 2095 2134 2156 2153 2140 2124 2113 2108 2106 2105 2106 2106 2105 2101 2095 2089 2082 2079 2077 2079 2085 2098 2112 2128 2147 2164 2172 2173 2161 2132 2078 2006 1921 1840 1766 1698 1639 1589 1548 1516 1496 1486 1487 1501 1534 1602 1680 1763 1852 1942 2023 2094 2144 2168 2159 2123 2055 1987 1935 1916 1902 1912 1934 1962 1971 1989 2021 2070 2134 2178 2219 2255 2278 2290 2276
-9999 -9999 -9999 -9999 1869 1947 2008 2054 2095 2121 2125 2117 2109 2105 2105 2107 2111 2112 2114 2117 2111 2103 2096 2088 2081 2073 2071 2076 2089 2106 2125 2145 2165 2172 2172 2158 2124 2067 1994 1903 1828 1762 1701 1648 1600 1561 1530 1511 1501 1502 1515 1554 1622 1693 1775 1862 1948 2030 2099 2151 2175 2166 2133 2075 1997 1946 1925 1909 1915 1934 1961 1969 1991 2026 2074 2123 2159 2194 2222 2241 2233 2216
-9999 -9999 -9999 1781 1846 1910 1969 2021 2064 2094 2104 2102 2099 2097 2098 2104 2109 2112 2117 2122 2118 2109 2097 2089 2079 2073 2071 2070 2083 2103 2123 2150 2166 2174 2174 2157 2120 2061 1983 1903 1833 1770 1713 1662 1617 1579 1549 1529 1518 1520 1534 1574 1638 1707 1785 1868 1951 2028 2095 2145 2168 2160 2127 2073 1997 1945 1922 1907 1908 1925 1941 1957 1993 2036 2075 2109 2133 2158 2175 2178 2173 2168
