Capas/PRESENTE/Eje_30s/ASC/bio_17.asc
ncols         993
nrows         433
xllcorner     -105.25566776747
yllcorner     17.599810932142
cellsize      0.0083333333
NODATA_value  -9999
[rows 195 to 233 of 433, columns 176 to 263 of 993]
307 314 319 322 325 326 326 326 327 328 327 326 324 320 315 309 302 296 292 290 289 287 283 278 273 270 266 261 256 249 242 233 225 217 210 202 196 191 186 181 177 173 171 170 170 169 170 169 169 168 167 167 166 168 168 170 170 171 172 173 176 179 183 185 188 189 191 192 192 190 187 187 187 189 191 196 199 204 209 213 217 219 221 221 221 219 217 217
303 309 316 320 323 323 324 325 326 328 328 328 326 320 314 307 300 294 291 289 289 287 285 279 274 270 266 262 258 252 244 236 227 219 211 204 197 192 186 182 178 174 171 170 171 172 173 172 172 171 170 169 170 172 173 175 176 176 174 176 176 179 182 185 187 190 192 192 193 191 189 187 190 191 193 196 200 205 208 212 216 218 218 220 218 216 214 214
298 305 312 316 318 319 322 324 326 327 327 327 324 321 314 307 299 292 288 287 286 286 284 279 275 271 268 264 258 252 245 236 228 220 211 205 199 193 188 182 178 173 171 170 171 172 173 174 173 172 171 170 173 175 175 178 178 178 177 177 178 180 181 183 187 189 191 193 193 191 190 190 192 195 196 198 202 204 208 212 215 217 217 215 215 213 211 209
293 301 307 311 314 317 320 323 325 327 327 326 323 318 312 305 297 290 285 282 282 281 279 277 274 271 269 265 259 252 245 238 230 222 213 206 200 194 188 183 178 173 171 169 170 171 172 173 173 172 171 171 172 176 177 178 180 180 180 181 181 182 182 183 184 188 190 191 194 193 191 195 196 196 198 200 203 205 208 211 213 214 213 211 210 207 205 206
287 295 301 306 310 314 317 321 323 325 325 324 320 317 310 302 293 286 280 276 275 276 275 273 272 270 269 265 260 254 246 237 229 222 214 208 200 194 188 182 177 173 170 167 168 169 169 169 169 169 170 171 171 173 176 178 179 181 182 184 185 186 185 183 184 185 189 191 192 195 194 197 198 199 200 201 205 206 208 209 210 210 208 206 204 201 201 204
280 287 295 302 307 312 315 319 322 324 324 323 319 313 308 299 290 281 275 271 270 269 270 270 269 270 268 265 261 254 246 238 230 222 214 208 201 195 189 182 177 172 167 165 166 165 166 168 168 168 168 169 170 171 174 177 179 181 183 184 185 186 186 185 185 186 188 191 193 195 197 198 200 201 202 204 205 207 208 208 208 206 204 202 198 196 197 201
272 281 290 298 303 309 313 317 319 321 321 319 316 311 304 296 287 280 272 267 264 265 266 266 268 268 268 265 259 253 246 238 230 222 215 208 202 195 189 183 177 172 167 165 164 165 165 165 165 166 169 169 169 170 172 174 178 180 181 183 185 186 186 187 187 187 189 193 194 196 197 200 201 202 203 205 206 206 206 205 204 203 199 197 194 193 194 198
264 275 283 291 298 305 310 315 318 318 317 315 312 306 300 292 283 276 268 263 262 261 263 264 266 267 266 263 258 251 244 236 229 221 213 207 201 195 188 183 177 172 167 166 165 165 164 165 166 167 170 171 172 170 170 172 175 177 179 181 184 185 187 188 188 190 190 194 195 197 198 199 202 203 204 205 205 206 205 202 201 199 195 192 189 190 192 196
256 267 276 286 294 301 306 311 314 314 313 310 306 301 296 288 279 272 265 261 262 261 261 262 264 264 263 260 255 249 241 233 225 219 212 205 198 193 187 182 176 171 169 168 167 165 165 166 167 168 172 172 173 171 170 170 172 174 176 179 182 185 186 188 191 192 194 195 196 198 199 200 201 201 202 202 203 202 201 199 196 194 189 187 185 185 190 193
251 260 270 279 288 295 301 306 309 310 308 305 301 296 289 283 275 268 261 258 257 257 258 259 260 262 261 256 251 243 235 229 220 213 207 202 196 190 184 180 175 170 169 170 169 167 168 168 168 170 172 173 173 173 170 170 171 171 173 176 180 182 186 188 191 193 195 196 198 198 200 201 201 201 201 201 199 198 197 194 191 188 183 181 179 181 185 190
-9999 -9999 262 271 281 289 297 301 303 303 302 299 294 289 283 277 271 264 259 255 252 252 254 255 257 257 255 250 245 238 230 223 216 208 202 197 191 186 180 175 172 169 170 171 171 170 170 170 171 172 173 174 174 173 170 169 169 170 172 174 176 178 183 187 190 194 196 197 199 200 200 200 200 200 198 196 196 194 190 188 185 181 178 175 174 176 180 186
-9999 -9999 -9999 264 274 282 289 295 298 298 297 293 288 284 279 272 267 260 255 251 249 249 250 252 253 252 250 245 240 232 224 217 210 203 197 191 186 181 175 171 168 167 170 171 172 173 173 173 174 174 174 175 175 174 172 170 170 170 171 172 173 176 182 185 189 193 196 198 199 200 199 199 198 197 196 193 190 188 184 182 178 176 172 170 169 171 176 181
-9999 -9999 249 258 269 277 285 289 293 292 289 286 282 277 272 267 260 255 252 248 245 246 246 247 248 247 243 239 234 226 220 211 204 198 191 186 181 176 171 166 165 165 169 172 174 176 176 177 177 176 176 177 177 176 174 172 171 171 171 172 174 177 180 186 190 193 197 198 199 200 199 198 196 194 192 190 186 183 179 176 172 170 167 165 164 168 171 176
-9999 234 243 254 263 273 279 285 285 285 282 280 276 271 267 261 256 251 248 245 242 241 241 242 242 241 238 234 228 221 214 205 199 193 186 180 176 170 166 163 161 164 167 170 174 177 181 183 182 180 179 179 179 178 177 174 173 172 172 174 175 178 181 186 190 193 197 200 200 200 199 196 194 192 189 186 184 180 176 173 169 166 164 161 161 163 166 170
-9999 229 238 248 257 266 273 277 280 278 277 273 270 266 261 257 252 247 244 241 238 238 236 236 236 234 232 228 223 216 210 202 196 188 182 176 171 166 162 158 159 -9999 164 170 174 177 180 183 184 184 183 181 180 180 179 177 175 174 174 175 177 180 183 187 190 195 198 199 201 199 198 195 193 189 187 183 181 177 174 170 167 163 161 160 160 159 162 165
-9999 223 232 242 251 259 265 271 272 272 272 269 265 262 257 252 248 243 239 236 234 233 230 231 230 229 225 223 217 212 206 199 193 186 179 173 167 163 159 157 -9999 -9999 164 169 173 177 180 182 183 184 185 185 184 182 181 180 179 178 177 177 179 183 185 189 193 197 199 200 201 199 198 193 190 187 183 181 177 175 170 167 163 160 158 157 157 157 158 160
-9999 219 226 235 243 251 258 263 266 268 267 266 262 258 253 248 244 240 234 232 230 227 226 225 224 223 220 217 213 208 203 198 190 184 177 171 165 160 156 155 -9999 -9999 162 166 171 175 178 179 182 183 185 185 185 186 186 186 184 182 181 180 182 186 188 192 196 200 202 203 201 199 196 192 188 185 182 177 174 171 168 163 161 158 156 157 157 156 -9999 -9999
-9999 -9999 222 229 237 246 253 259 261 263 263 262 258 255 250 246 241 236 231 228 224 221 220 219 218 217 215 213 209 204 200 194 188 182 177 171 164 158 155 -9999 -9999 -9999 160 164 167 172 175 176 179 180 183 185 187 187 189 189 188 186 185 185 188 190 194 197 201 204 205 204 201 199 195 191 187 182 179 176 172 168 164 162 159 157 158 159 158 158 -9999 -9999
-9999 -9999 217 225 233 240 247 252 256 257 259 258 255 252 247 243 238 233 227 222 220 216 215 213 212 211 210 207 205 201 197 192 186 180 174 168 163 156 -9999 -9999 -9999 -9999 158 161 164 166 169 170 173 178 181 183 187 188 190 191 191 192 193 193 194 196 199 203 205 207 208 206 203 199 194 190 184 180 175 172 169 166 163 160 159 159 159 160 161 160 -9999 -9999
-9999 -9999 -9999 221 229 235 242 247 250 253 253 251 250 248 243 239 234 228 223 218 214 212 210 208 207 206 204 202 199 196 192 188 184 178 172 166 160 156 -9999 -9999 -9999 152 155 157 160 -9999 -9999 -9999 170 174 178 181 184 188 191 192 195 196 197 199 200 202 205 207 209 211 210 207 204 200 194 189 183 177 174 171 168 166 163 161 161 160 162 163 164 163 164 165
-9999 -9999 -9999 -9999 223 230 236 241 245 245 247 246 245 243 239 234 229 223 219 214 211 207 205 203 201 200 198 197 195 192 189 185 180 175 170 164 158 -9999 -9999 -9999 -9999 -9999 -9999 -9999 -9999 -9999 -9999 -9999 -9999 173 177 181 184 188 191 195 197 199 201 203 204 208 210 212 214 214 213 208 203 199 194 188 182 179 176 173 171 169 166 164 165 164 165 167 168 167 168 167
-9999 -9999 -9999 -9999 -9999 224 230 234 236 237 239 239 238 236 234 228 223 219 214 210 206 203 200 198 197 195 195 192 190 187 183 181 177 172 167 162 -9999 -9999 -9999 -9999 -9999 -9999 -9999 -9999 -9999 -9999 -9999 -9999 168 171 176 179 183 187 192 196 199 201 204 205 209 211 214 217 217 217 216 210 206 200 195 190 185 182 180 177 174 172 170 170 170 171 171 171 172 172 171 170
-9999 -9999 -9999 -9999 -9999 -9999 222 226 229 231 232 232 232 229 227 224 219 214 210 205 202 199 197 195 193 192 190 187 185 183 179 176 172 168 164 159 -9999 -9999 -9999 -9999 -9999 -9999 -9999 -9999 -9999 -9999 160 162 166 169 173 179 184 188 194 197 201 203 205 209 211 214 218 220 221 220 218 215 210 205 198 193 191 186 184 182 179 177 177 177 177 176 176 177 176 176 175 172
-9999 -9999 -9999 -9999 -9999 -9999 -9999 -9999 221 223 224 225 225 223 220 217 213 209 205 201 198 195 193 191 189 187 184 183 180 178 174 173 169 164 161 -9999 -9999 -9999 -9999 -9999 -9999 -9999 -9999 -9999 -9999 -9999 -9999 -9999 164 168 172 178 184 188 193 198 202 204 208 210 213 216 219 221 222 222 220 218 214 208 202 199 195 191 188 186 184 183 182 183 182 182 181 180 179 179 177 173
-9999 -9999 -9999 -9999 -9999 -9999 -9999 -9999 -9999 -9999 216 217 217 216 214 210 207 204 200 196 193 190 187 185 184 181 181 179 176 174 171 167 165 161 -9999 -9999 -9999 -9999 -9999 -9999 -9999 -9999 -9999 -9999 -9999 -9999 -9999 -9999 -9999 -9999 -9999 177 183 189 194 198 202 205 209 211 215 217 219 221 222 222 222 220 216 211 205 203 199 196 193 191 189 189 189 189 187 186 186 183 182 179 176 172
-9999 -9999 -9999 -9999 -9999 -9999 -9999 -9999 -9999 -9999 -9999 -9999 210 209 207 205 201 197 194 191 188 185 183 181 179 178 176 174 172 170 167 164 161 -9999 -9999 -9999 -9999 -9999 -9999 -9999 -9999 -9999 -9999 -9999 -9999 -9999 -9999 -9999 -9999 -9999 -9999 -9999 -9999 188 194 199 203 207 209 212 215 217 219 221 222 222 224 221 217 213 207 205 202 199 197 196 195 193 193 192 191 190 188 185 183 180 175 171
-9999 -9999 -9999 -9999 -9999 -9999 -9999 -9999 -9999 -9999 -9999 -9999 -9999 -9999 200 197 195 192 188 185 183 181 179 176 175 174 172 171 168 167 164 160 -9999 -9999 -9999 -9999 -9999 -9999 -9999 -9999 -9999 -9999 -9999 -9999 -9999 -9999 -9999 -9999 -9999 -9999 -9999 -9999 -9999 189 195 200 203 207 209 213 215 217 218 219 222 223 223 221 219 215 210 208 205 203 201 199 199 199 197 196 195 192 190 185 182 177 173 168
-9999 -9999 -9999 -9999 -9999 -9999 -9999 -9999 -9999 -9999 -9999 -9999 -9999 -9999 -9999 -9999 -9999 -9999 183 179 178 175 173 172 171 170 169 167 165 163 160 -9999 -9999 -9999 -9999 -9999 -9999 -9999 -9999 -9999 -9999 -9999 -9999 -9999 -9999 -9999 -9999 -9999 -9999 -9999 -9999 -9999 -9999 -9999 196 201 204 209 210 213 214 215 217 219 220 222 223 222 220 216 214 210 207 205 205 204 203 202 201 199 196 194 189 185 181 176 171 -9999
-9999 -9999 -9999 -9999 -9999 -9999 -9999 -9999 -9999 -9999 -9999 -9999 -9999 -9999 -9999 -9999 -9999 -9999 -9999 -9999 -9999 -9999 -9999 168 166 165 164 163 162 161 -9999 -9999 -9999 -9999 -9999 -9999 -9999 -9999 -9999 -9999 -9999 -9999 -9999 -9999 -9999 -9999 -9999 -9999 -9999 -9999 -9999 -9999 -9999 -9999 -9999 202 206 208 212 214 215 216 218 218 220 221 223 222 220 216 215 212 209 207 207 206 206 205 203 201 197 193 189 183 179 174 170 -9999
-9999 -9999 -9999 -9999 -9999 -9999 -9999 -9999 -9999 -9999 -9999 -9999 -9999 -9999 -9999 -9999 -9999 -9999 -9999 -9999 -9999 -9999 -9999 -9999 -9999 -9999 -9999 -9999 -9999 -9999 -9999 -9999 -9999 -9999 -9999 -9999 -9999 -9999 -9999 -9999 -9999 -9999 -9999 -9999 -9999 -9999 -9999 -9999 -9999 -9999 -9999 -9999 -9999 -9999 -9999 203 207 209 213 215 216 217 218 219 221 222 222 221 220 217 215 213 211 210 209 209 207 206 206 202 198 191 186 182 177 174 -9999 -9999
-9999 -9999 -9999 -9999 -9999 -9999 -9999 -9999 -9999 -9999 -9999 -9999 -9999 -9999 -9999 -9999 -9999 -9999 -9999 -9999 -9999 -9999 -9999 -9999 -9999 -9999 -9999 -9999 -9999 -9999 -9999 -9999 -9999 -9999 -9999 -9999 -9999 -9999 -9999 -9999 -9999 -9999 -9999 -9999 -9999 -9999 -9999 -9999 -9999 -9999 -9999 -9999 -9999 -9999 -9999 -9999 210 214 216 217 218 218 218 219 220 222 223 223 221 220 215 214 212 211 210 210 209 208 207 202 196 191 186 181 178 173 169 -9999
-9999 -9999 -9999 -9999 -9999 -9999 -9999 -9999 -9999 -9999 -9999 -9999 -9999 -9999 -9999 -9999 -9999 -9999 -9999 -9999 -9999 -9999 -9999 -9999 -9999 -9999 -9999 -9999 -9999 -9999 -9999 -9999 -9999 -9999 -9999 -9999 -9999 -9999 -9999 -9999 -9999 -9999 -9999 -9999 -9999 -9999 -9999 -9999 -9999 -9999 -9999 -9999 -9999 -9999 -9999 -9999 213 216 219 221 221 220 219 220 221 223 224 224 222 220 216 214 212 211 210 210 210 210 207 202 197 192 187 181 177 173 170 -9999
-9999 -9999 -9999 -9999 -9999 -9999 -9999 -9999 -9999 -9999 -9999 -9999 -9999 -9999 -9999 -9999 -9999 -9999 -9999 -9999 -9999 -9999 -9999 -9999 -9999 -9999 -9999 -9999 -9999 -9999 -9999 -9999 -9999 -9999 -9999 -9999 -9999 -9999 -9999 -9999 -9999 -9999 -9999 -9999 -9999 -9999 -9999 -9999 -9999 -9999 -9999 -9999 -9999 -9999 -9999 -9999 215 220 221 222 222 221 220 221 222 223 224 224 223 221 218 215 213 212 211 212 211 210 207 205 199 193 188 182 177 173 172 -9999
-9999 -9999 -9999 -9999 -9999 -9999 -9999 -9999 -9999 -9999 -9999 -9999 -9999 -9999 -9999 -9999 -9999 -9999 -9999 -9999 -9999 -9999 -9999 -9999 -9999 -9999 -9999 -9999 -9999 -9999 -9999 -9999 -9999 -9999 -9999 -9999 -9999 -9999 -9999 -9999 -9999 -9999 -9999 -9999 -9999 -9999 -9999 -9999 -9999 -9999 -9999 -9999 -9999 -9999 -9999 -9999 215 220 222 224 224 223 223 222 223 224 225 224 223 221 219 216 215 213 213 212 212 210 209 205 199 193 188 183 178 175 173 -9999
-9999 -9999 -9999 -9999 -9999 -9999 -9999 -9999 -9999 -9999 -9999 -9999 -9999 -9999 -9999 -9999 -9999 -9999 -9999 -9999 -9999 -9999 -9999 -9999 -9999 -9999 -9999 -9999 -9999 -9999 -9999 -9999 -9999 -9999 -9999 -9999 -9999 -9999 -9999 -9999 -9999 -9999 -9999 -9999 -9999 -9999 -9999 -9999 -9999 -9999 -9999 -9999 -9999 -9999 -9999 -9999 216 220 223 226 226 225 225 225 225 224 226 225 223 222 219 217 216 214 213 212 213 212 209 205 199 193 188 183 178 177 174 -9999
-9999 -9999 -9999 -9999 -9999 -9999 -9999 -9999 -9999 -9999 -9999 -9999 -9999 -9999 -9999 -9999 -9999 -9999 -9999 -9999 -9999 -9999 -9999 -9999 -9999 -9999 -9999 -9999 -9999 -9999 -9999 -9999 -9999 -9999 -9999 -9999 -9999 -9999 -9999 -9999 -9999 -9999 -9999 -9999 -9999 -9999 -9999 -9999 -9999 -9999 -9999 -9999 -9999 -9999 -9999 -9999 215 220 224 227 227 227 226 226 226 225 226 225 223 222 220 219 216 217 216 215 214 212 209 205 199 193 188 183 179 178 174 -9999
-9999 -9999 -9999 -9999 -9999 -9999 -9999 -9999 -9999 -9999 -9999 -9999 -9999 -9999 -9999 -9999 -9999 -9999 -9999 -9999 -9999 -9999 -9999 -9999 -9999 -9999 -9999 -9999 -9999 -9999 -9999 -9999 -9999 -9999 -9999 -9999 -9999 -9999 -9999 -9999 -9999 -9999 -9999 -9999 -9999 -9999 -9999 -9999 -9999 -9999 -9999 -9999 -9999 -9999 -9999 -9999 215 220 224 226 228 229 228 227 227 227 226 225 224 222 220 219 218 218 218 218 215 213 209 204 197 192 186 183 180 178 176 -9999
-9999 -9999 -9999 -9999 -9999 -9999 -9999 -9999 -9999 -9999 -9999 -9999 -9999 -9999 -9999 -9999 -9999 -9999 -9999 -9999 -9999 -9999 -9999 -9999 -9999 -9999 -9999 -9999 -9999 -9999 -9999 -9999 -9999 -9999 -9999 -9999 -9999 -9999 -9999 -9999 -9999 -9999 -9999 -9999 -9999 -9999 -9999 -9999 -9999 -9999 -9999 -9999 -9999 -9999 -9999 -9999 214 219 224 226 228 230 229 228 228 227 226 224 223 222 220 219 219 219 220 219 216 214 210 204 197 191 186 183 180 178 176 -9999
-9999 -9999 -9999 -9999 -9999 -9999 -9999 -9999 -9999 -9999 -9999 -9999 -9999 -9999 -9999 -9999 -9999 -9999 -9999 -9999 -9999 -9999 -9999 -9999 -9999 -9999 -9999 -9999 -9999 -9999 -9999 -9999 -9999 -9999 -9999 -9999 -9999 -9999 -9999 -9999 -9999 -9999 -9999 -9999 -9999 -9999 -9999 -9999 -9999 -9999 -9999 -9999 -9999 -9999 -9999 -9999 212 219 224 227 229 230 230 228 228 227 225 222 222 222 221 219 220 220 221 220 219 215 212 207 200 194 187 184 180 177 175 -9999
