Capas/PRESENTE/Eje_30s/ASC/bio_13.asc
ncols         993
nrows         433
xllcorner     -105.25566776747
yllcorner     17.599810932142
cellsize      0.0083333333
NODATA_value  -9999
[rows 180 to 215 of 433, columns 410 to 491 of 993]
2989 2991 2981 2964 2946 2930 2915 2903 2889 2868 2839 2806 2774 2747 2724 2701 2673 2642 2609 2574 2537 2496 2451 2402 2347 2287 2230 2186 2161 2156 2168 2192 2223 2256 2282 2309 2338 2362 2391 2421 2458 2507 2527 2539 2541 2531 2514 2496 2457 2390 2317 2239 2171 2106 2038 1969 1901 1838 1769 1711 1673 1635 1605 1580 1571 1573 1580 1590 1599 1606 1605 1599 1588 1579 1576 1575 1580 1593 1611 1636 1672 1722
2994 3001 2992 2976 2962 2951 2942 2933 2921 2902 2873 2839 2805 2777 2754 2733 2708 2681 2650 2614 2574 2526 2471 2409 2341 2270 2202 2148 2114 2100 2103 2118 2143 2169 2193 2217 2241 2267 2301 2336 2377 2420 2462 2488 2509 2519 2515 2500 2467 2410 2338 2238 2166 2123 2052 1979 1908 1836 1766 1714 1674 1629 1587 1554 1530 1520 1515 1507 1501 1500 1503 1506 1507 1511 1521 1534 1552 1574 1602 1636 1678 1731
2999 3007 3002 2990 2979 2972 2966 2961 2952 2933 2902 2865 2829 2801 2779 2760 2741 2718 2691 2656 2612 2557 2491 2415 2333 2249 2169 2089 2043 2035 2042 2051 2068 2089 2109 2128 2151 2176 2207 2247 2293 2339 2392 2443 2476 2502 2512 2508 2480 2428 2357 2268 2179 2127 2066 1993 1913 1847 1791 1734 1678 1628 1574 1525 1491 1471 1454 1439 1430 1429 1433 1440 1450 1464 1483 1509 1540 1576 1615 1659 1708 1765
3005 3017 3015 3008 3003 3000 2997 2993 2983 2962 2927 2887 2848 2819 2798 2782 2769 2754 2732 2699 2653 2592 2515 2420 2320 2218 2123 2045 1993 1971 1970 1983 2007 2024 2034 2048 2067 2091 2125 2164 2212 2264 2323 2392 2440 2475 2502 2508 2489 2443 2377 2304 2206 2125 2057 1994 1933 1878 1830 1770 1704 1645 1588 1537 1495 1462 1434 1413 1401 1399 1402 1409 1422 1443 1470 1508 1554 1609 1667 1722 1782 1846
3016 3032 3035 3032 3031 3032 3032 3027 3014 2989 2950 2906 2864 2833 2812 2797 2791 2782 2765 2735 2689 2623 2538 2423 2306 2194 2097 2021 1971 1943 1934 1938 1952 1960 1965 1974 1989 2009 2045 2095 2142 2194 2252 2320 2383 2438 2482 2499 2488 2451 2389 2324 2238 2160 2099 2048 1995 1937 1885 1830 1763 1698 1637 1582 1533 1490 1452 1423 1406 1400 1399 1406 1421 1446 1481 1530 1591 1661 1722 1784 1848 1913
3031 3051 3056 3056 3058 3062 3063 3058 3043 3014 2972 2924 2879 2845 2821 2808 2802 2795 2780 2753 2707 2640 2551 2435 2309 2192 2093 2018 1971 1945 1933 1930 1932 1934 1934 1938 1946 1961 1995 2047 2085 2134 2193 2260 2330 2391 2443 2472 2472 2444 2394 2335 2274 2223 2167 2116 2065 2013 1962 1912 1849 1772 1702 1641 1588 1539 1493 1456 1431 1419 1417 1424 1443 1474 1518 1575 1646 1712 1778 1845 1911 1977
3053 3073 3077 3077 3081 3086 3088 3083 3067 3038 2995 2943 2893 2853 2824 2806 2796 2785 2768 2744 2702 2638 2550 2427 2301 2191 2099 2030 1989 1968 1959 1955 1953 1949 1945 1941 1940 1949 1980 2023 2054 2095 2147 2211 2279 2344 2402 2442 2455 2435 2393 2345 2303 2262 2217 2174 2132 2087 2040 1991 1934 1858 1780 1710 1649 1593 1541 1500 1471 1457 1454 1464 1489 1526 1575 1635 1705 1772 1842 1912 1979 2041
3081 3095 3096 3093 3096 3099 3101 3100 3087 3058 3014 2959 2903 2853 2812 2785 2769 2755 2738 2713 2673 2612 2529 2397 2280 2186 2109 2056 2030 2019 2010 2005 2000 1995 1987 1978 1967 1965 1988 2020 2041 2073 2117 2172 2235 2299 2357 2405 2430 2417 2384 2345 2312 2284 2255 2224 2194 2161 2117 2068 2013 1951 1872 1791 1719 1655 1601 1559 1530 1514 1514 1527 1553 1591 1643 1705 1769 1840 1913 1981 2047 2106
3111 3115 3107 3099 3098 3102 3108 3109 3099 3073 3027 2967 2903 2840 2781 2744 2718 2699 2680 2654 2618 2563 2471 2351 2257 2182 2131 2116 2118 2116 2096 2078 2074 2076 2074 2058 2028 2006 2017 2033 2044 2066 2101 2146 2200 2257 2311 2357 2383 2379 2357 2329 2307 2290 2277 2260 2241 2220 2183 2138 2086 2025 1955 1885 1807 1735 1679 1639 1606 1585 1587 1601 1623 1659 1709 1770 1837 1909 1982 2051 2114 2169
3142 3132 3111 3093 3087 3093 3103 3109 3105 3080 3031 2964 2889 2814 2742 2688 2646 2617 2594 2568 2536 2484 2382 2297 2229 2190 2187 2166 2163 2177 2194 2179 2181 2191 2172 2148 2121 2076 2071 2059 2058 2070 2096 2132 2175 2222 2270 2308 2326 2326 2313 2296 2285 2279 2279 2277 2267 2255 2222 2185 2146 2087 2016 1944 1874 1810 1753 1707 1670 1642 1637 1647 1670 1710 1763 1828 1898 1973 2050 2112 2181 2231
3176 3149 3114 3086 3071 3077 3090 3100 3101 3080 3030 2956 2872 2783 2695 2620 2563 2522 2491 2465 2437 2365 2294 2237 2195 2200 2184 2183 2198 2227 2253 2269 2270 2258 2236 2208 2174 2139 2108 2085 2075 2077 2093 2120 2156 2191 2228 2256 2266 2265 2259 2249 2245 2246 2250 2256 2261 2259 2233 2210 2183 2126 2052 1980 1911 1848 1790 1737 1697 1670 1663 1676 1703 1747 1806 1876 1949 2025 2099 2161 2229 2286
3216 3176 3128 3087 3066 3065 3077 3089 3091 3070 3021 2944 2850 2747 2644 2552 2482 2429 2390 2360 2323 2266 2218 2178 2155 2175 2172 2187 2213 2248 2282 2301 2304 2292 2269 2239 2203 2164 2127 2099 2082 2078 2086 2104 2130 2155 2179 2196 2204 2199 2192 2186 2186 2191 2198 2206 2218 2226 2218 2205 2183 2132 2065 1997 1931 1870 1807 1745 1706 1687 1691 1698 1726 1775 1835 1909 1982 2052 2127 2201 2263 2324
3267 3217 3159 3106 3075 3065 3064 3071 3073 3052 3001 2925 2827 2712 2591 2488 2408 2349 2305 2267 2226 2186 2151 2121 2111 2136 2141 2165 2199 2234 2267 2286 2289 2279 2257 2228 2193 2155 2120 2091 2073 2066 2069 2081 2097 2114 2127 2131 2131 2124 2116 2111 2111 2118 2130 2145 2160 2176 2179 2171 2153 2112 2056 1995 1934 1877 1810 1752 1717 1704 1699 1706 1732 1779 1842 1915 1986 2062 2138 2215 2289 2358
3317 3261 3194 3131 3089 3063 3045 3043 3047 3030 2981 2905 2809 2684 2548 2431 2340 2273 2222 2184 2151 2123 2097 2074 2067 2096 2106 2129 2161 2194 2221 2236 2237 2229 2212 2186 2155 2122 2093 2064 2053 2045 2047 2055 2065 2074 2078 2074 2066 2052 2040 2032 2031 2040 2056 2077 2100 2118 2129 2127 2110 2075 2029 1969 1909 1855 1803 1759 1725 1706 1701 1705 1728 1776 1841 1909 1981 2060 2139 2218 2299 2373
3355 3294 3220 3149 3097 3060 3035 3025 3024 3007 2963 2892 2799 2673 2533 2411 2315 2240 2182 2141 2110 2085 2061 2043 2036 2054 2073 2091 2114 2141 2161 2172 2174 2166 2137 2103 2093 2081 2059 2027 2023 2025 2026 2032 2039 2044 2037 2022 2009 1993 1978 1964 1961 1969 1986 2008 2032 2054 2067 2070 2058 2028 1985 1926 1875 1829 1788 1752 1720 1698 1694 1706 1728 1769 1827 1895 1970 2051 2134 2217 2299 2378
3368 3303 3226 3152 3093 3052 3025 3013 3008 2991 2952 2889 2804 2677 2548 2429 2331 2251 2188 2141 2105 2076 2050 2033 2024 2030 2043 2059 2070 2077 2089 2098 2091 2076 2056 2035 2020 2011 2001 1994 1998 2006 2004 2009 2027 2029 2013 1984 1964 1944 1924 1914 1912 1915 1926 1944 1966 1986 1999 2003 1996 1974 1934 1882 1840 1804 1772 1745 1725 1710 1708 1714 1733 1769 1822 1888 1961 2043 2129 2214 2299 2382
3351 3286 3209 3137 3079 3039 3013 2997 2987 2978 2947 2894 2818 2698 2586 2478 2377 2291 2224 2172 2128 2091 2059 2036 2023 2020 2021 2021 2021 2025 2034 2043 2041 2025 2009 1997 1986 1981 1981 1983 1989 1996 2004 2023 2031 2032 2023 1980 1949 1924 1897 1879 1878 1883 1885 1895 1909 1924 1935 1938 1932 1918 1875 1836 1807 1783 1764 1752 1744 1741 1735 1736 1750 1782 1826 1884 1956 2040 2126 2213 2306 2395
3302 3242 3170 3108 3060 3027 3004 2987 2983 2977 2952 2906 2844 2736 2648 2555 2453 2357 2279 2220 2169 2124 2085 2054 2033 2021 2014 2008 2006 2007 2013 2024 2027 2009 1994 1989 1992 2004 2013 2013 2016 2027 2034 2042 2049 2049 2039 1997 1960 1938 1920 1900 1876 1861 1860 1868 1871 1878 1882 1882 1877 1845 1817 1798 1787 1780 1775 1772 1768 1770 1768 1770 1780 1803 1843 1892 1959 2041 2125 2216 2309 2397
3225 3174 3116 3067 3037 3019 3008 3002 3002 2994 2971 2930 2876 2789 2715 2625 2535 2433 2343 2275 2219 2169 2126 2091 2065 2047 2035 2029 2029 2029 2028 2030 2029 2018 2014 2022 2037 2051 2055 2059 2063 2067 2072 2078 2083 2082 2071 2027 1997 1991 1980 1953 1926 1879 1852 1843 1845 1853 1851 1835 1813 1792 1779 1779 1793 1808 1809 1812 1810 1814 1815 1816 1822 1839 1867 1912 1968 2040 2125 2213 2303 2394
3132 3090 3051 3023 3013 3012 3018 3024 3025 3018 2996 2960 2909 2843 2766 2686 2604 2501 2409 2339 2281 2229 2184 2148 2121 2101 2088 2092 2107 2106 2086 2071 2063 2059 2069 2087 2102 2112 2119 2124 2129 2130 2131 2132 2131 2127 2110 2074 2065 2061 2038 2012 1982 1926 1878 1853 1837 1827 1815 1799 1782 1768 1764 1784 1805 1817 1829 1845 1858 1868 1873 1871 1874 1880 1896 1929 1977 2042 2121 2206 2292 2385
3025 2995 2974 2971 2981 3005 3029 3044 3047 3041 3016 2989 2943 2882 2814 2743 2669 2565 2482 2419 2365 2315 2268 2231 2204 2183 2172 2188 2181 2179 2180 2155 2145 2145 2158 2182 2199 2203 2201 2202 2210 2217 2210 2203 2195 2175 2156 2153 2147 2128 2107 2082 2049 1987 1931 1897 1870 1847 1826 1803 1782 1766 1764 1795 1807 1830 1851 1877 1901 1919 1926 1926 1925 1923 1929 1950 1989 2046 2116 2193 2278 2367
2914 2896 2893 2908 2940 2991 3036 3066 3076 3075 3053 3019 2975 2918 2858 2797 2715 2624 2560 2516 2477 2434 2391 2355 2326 2300 2285 2297 2285 2279 2281 2280 2274 2282 2303 2322 2335 2346 2352 2344 2331 2316 2307 2289 2253 2233 2233 2231 2220 2204 2183 2159 2126 2071 2010 1971 1939 1908 1875 1839 1808 1783 1774 1800 1812 1840 1872 1903 1935 1959 1968 1971 1970 1963 1960 1973 2001 2047 2107 2179 2256 2335
2809 2806 2819 2857 2917 2987 3050 3092 3113 3115 3094 3056 3009 2962 2908 2834 2753 2691 2651 2626 2599 2561 2529 2500 2475 2454 2428 2416 2405 2397 2395 2401 2410 2424 2441 2462 2479 2490 2497 2489 2471 2445 2412 2374 2335 2317 2320 2309 2299 2286 2265 2239 2207 2170 2111 2070 2036 2001 1959 1904 1854 1815 1796 1816 1823 1846 1880 1918 1953 1982 1999 2006 2004 1996 1989 1992 2012 2048 2099 2159 2223 2297
2725 2732 2763 2817 2899 2990 3071 3127 3157 3159 3139 3102 3056 3008 2937 2875 2825 2791 2771 2740 2707 2677 2649 2618 2592 2576 2558 2541 2528 2519 2515 2522 2537 2552 2574 2598 2618 2627 2630 2624 2599 2564 2525 2485 2441 2421 2409 2394 2382 2369 2350 2324 2291 2252 2209 2168 2127 2086 2043 1993 1920 1859 1827 1838 1835 1850 1882 1921 1961 1998 2021 2037 2038 2029 2019 2016 2026 2050 2086 2132 2179 2236
2667 2685 2726 2794 2896 3009 3104 3171 3211 3216 3193 3153 3105 3051 2999 2954 2915 2881 2852 2830 2812 2792 2770 2746 2725 2703 2681 2659 2645 2635 2632 2640 2656 2674 2695 2716 2743 2747 2752 2743 2714 2674 2630 2588 2552 2522 2501 2485 2471 2457 2438 2410 2374 2334 2291 2246 2202 2158 2110 2056 1994 1909 1860 1847 1848 1856 1880 1918 1964 2007 2039 2061 2069 2063 2051 2045 2044 2053 2068 2087 2123 2162
2634 2662 2712 2793 2907 3034 3147 3225 3266 3269 3242 3199 3147 3091 3036 2994 2962 2935 2916 2903 2899 2892 2876 2854 2833 2812 2790 2765 2750 2739 2737 2744 2758 2778 2803 2827 2849 2857 2857 2845 2814 2773 2728 2685 2648 2616 2593 2574 2560 2544 2525 2495 2458 2417 2371 2323 2275 2228 2178 2119 2053 1963 1900 1869 1869 1868 1884 1921 1970 2017 2057 2081 2096 2096 2085 2072 2059 2049 2040 2040 2063 2090
2621 2658 2718 2806 2927 3058 3181 3268 3306 3312 3289 3239 3176 3114 3054 3013 2984 2966 2957 2959 2967 2973 2963 2943 2930 2909 2881 2856 2837 2824 2819 2824 2835 2854 2879 2904 2924 2939 2942 2930 2902 2863 2820 2777 2738 2705 2678 2657 2639 2623 2604 2575 2539 2496 2447 2397 2346 2293 2242 2177 2107 2017 1953 1914 1896 1891 1902 1935 1982 2032 2076 2105 2122 2125 2112 2091 2063 2033 2003 1993 2002 2013
2625 2664 2725 2813 2933 3069 3196 3292 3342 3348 3319 3258 3180 3109 3047 3002 2972 2965 2964 2980 3005 3020 3020 3008 3000 2979 2950 2927 2903 2886 2878 2878 2883 2898 2919 2945 2970 2992 3003 3001 2980 2947 2906 2863 2821 2783 2752 2726 2706 2689 2671 2645 2610 2567 2520 2470 2417 2358 2296 2230 2151 2076 2022 1988 1951 1931 1935 1963 2005 2054 2095 2126 2145 2146 2126 2092 2045 2004 1963 1937 1943 1947
2639 2677 2733 2819 2934 3070 3199 3296 3352 3358 3319 3253 3168 3091 3026 2977 2950 2942 2948 2972 3005 3034 3046 3048 3043 3022 2997 2974 2948 2927 2914 2906 2905 2912 2932 2959 2992 3024 3047 3054 3044 3019 2983 2941 2895 2852 2815 2785 2762 2745 2727 2705 2673 2635 2589 2539 2484 2423 2360 2292 2212 2144 2097 2049 2012 1986 1982 2000 2037 2077 2114 2142 2160 2154 2123 2071 2016 1960 1910 1886 1889 1892
2659 2695 2747 2827 2936 3061 3183 3276 3330 3336 3296 3224 3142 3061 2991 2938 2910 2899 2906 2934 2980 3024 3049 3057 3056 3041 3018 2992 2961 2934 2920 2909 2905 2910 2926 2957 2999 3041 3071 3088 3089 3075 3046 3008 2963 2916 2876 2843 2817 2798 2783 2764 2735 2699 2656 2606 2551 2491 2427 2358 2292 2223 2166 2115 2078 2045 2030 2038 2063 2090 2120 2145 2155 2140 2099 2044 1968 1905 1861 1843 1847 1854
2681 2717 2767 2839 2936 3046 3150 3232 3278 3280 3241 3167 3076 3009 2946 2896 2869 2856 2860 2888 2948 2999 3035 3052 3048 3039 3013 2983 2950 2923 2902 2891 2891 2902 2926 2963 3007 3048 3078 3099 3111 3111 3095 3066 3024 2979 2938 2905 2878 2856 2840 2821 2790 2755 2712 2665 2615 2558 2495 2429 2364 2299 2237 2182 2136 2102 2074 2068 2075 2086 2103 2127 2130 2103 2059 1998 1922 1861 1819 1807 1820 1838
2707 2743 2788 2851 2933 3024 3109 3174 3211 3209 3174 3099 3017 2953 2910 2864 2836 2826 2835 2862 2909 2959 3002 3025 3022 3012 2984 2949 2918 2889 2870 2864 2872 2894 2928 2974 3018 3054 3074 3099 3118 3135 3135 3114 3080 3040 3000 2965 2938 2914 2899 2876 2842 2804 2764 2721 2672 2617 2560 2500 2439 2375 2312 2254 2196 2149 2109 2086 2078 2074 2083 2094 2081 2051 2010 1949 1881 1831 1797 1787 1802 1827
2736 2772 2813 2867 2934 3006 3071 3120 3147 3150 3118 3052 2985 2923 2874 2847 2824 2814 2822 2843 2879 2921 2958 2979 2983 2967 2939 2905 2870 2849 2835 2838 2856 2887 2930 2980 3026 3062 3085 3104 3138 3162 3170 3157 3131 3096 3060 3026 2997 2974 2950 2924 2891 2854 2816 2774 2728 2674 2624 2572 2515 2453 2388 2322 2255 2194 2143 2108 2086 2070 2063 2058 2036 1999 1945 1891 1851 1825 1803 1795 1795 1815
2768 2804 2843 2886 2937 2997 3047 3087 3112 3118 3104 3054 3003 2944 2886 2850 2835 2819 2819 2834 2859 2889 2912 2925 2930 2914 2887 2841 2817 2817 2811 2821 2844 2884 2935 2989 3036 3076 3110 3137 3173 3196 3206 3197 3176 3147 3115 3084 3056 3031 3006 2976 2942 2906 2866 2824 2778 2733 2685 2635 2583 2521 2454 2386 2314 2245 2186 2138 2105 2077 2055 2033 2002 1938 1886 1846 1833 1823 1803 1803 1809 1815
2809 2841 2877 2917 2959 3008 3049 3084 3108 3118 3112 3089 3049 3004 2956 2898 2868 2846 2834 2835 2845 2859 2871 2879 2873 2857 2834 2810 2800 2801 2799 2811 2846 2891 2947 3004 3057 3103 3147 3186 3219 3239 3247 3239 3220 3194 3166 3138 3111 3087 3062 3029 2992 2954 2911 2871 2831 2785 2741 2696 2645 2586 2521 2450 2376 2302 2235 2179 2135 2098 2063 2028 1975 1914 1866 1829 1818 1820 1806 1804 1806 1811
2853 2886 2919 2954 2993 3034 3072 3106 3128 3142 3143 3126 3094 3054 3012 2968 2929 2891 2869 2856 2849 2844 2840 2844 2848 2848 2840 2826 2819 2814 2816 2830 2867 2914 2972 3030 3089 3143 3192 3234 3267 3288 3293 3286 3264 3238 3211 3185 3161 3137 3111 3078 3041 2999 2959 2916 2873 2832 2792 2750 2701 2648 2586 2519 2443 2363 2292 2230 2179 2138 2087 2037 1984 1934 1891 1846 1816 1817 1818 1816 1800 1805
