Capas/PRESENTE/Eje_30s/ASC/bio_08.asc
ncols         993
nrows         433
xllcorner     -105.25566776747
yllcorner     17.599810932142
cellsize      0.0083333333
NODATA_value  -9999
[rows 252 to 287 of 433, columns 738 to 819 of 993]
2852 2855 2857 2859 2857 2853 2846 2840 2834 2833 2836 2836 2836 2837 2836 2843 2851 2860 2867 2869 2870 2872 2872 2875 2878 2881 2885 2884 2884 2885 2886 2887 2888 2888 2887 2885 2884 2885 2886 2886 2886 2885 2885 2884 2883 2881 2878 2873 2868 2864 2858 2846 2839 2836 2832 2834 2836 2840 2842 2842 2841 2855 2862 2865 2868 2875 2879 2879 2881 2885 2885 2888 2890 2891 2894 2896 2897 2898 2900 2901 2902 2903
2857 2858 2859 2859 2856 2852 2847 2842 2838 2838 2839 2838 2836 2838 2842 2848 2853 2861 2866 2868 2870 2871 2869 2873 2879 2882 2884 2886 2885 2882 2881 2883 2886 2886 2886 2884 2883 2885 2886 2886 2886 2885 2884 2883 2882 2880 2878 2876 2872 2866 2858 2849 2843 2838 2836 2838 2839 2841 2844 2846 2849 2857 2862 2866 2870 2873 2879 2883 2884 2884 2888 2889 2892 2893 2894 2896 2897 2898 2900 2901 2903 2904
2857 2857 2858 2859 2857 2853 2849 2845 2843 2840 2842 2843 2842 2844 2845 2852 2858 2863 2865 2865 2868 2871 2874 2877 2880 2882 2885 2886 2885 2882 2884 2884 2887 2886 2884 2880 2880 2884 2886 2887 2886 2885 2884 2883 2881 2879 2877 2875 2872 2866 2859 2852 2847 2843 2839 2838 2839 2841 2845 2848 2852 2856 2861 2864 2869 2874 2877 2882 2885 2887 2888 2892 2893 2895 2896 2896 2898 2899 2900 2901 2902 2904
2854 2854 2857 2859 2859 2856 2852 2847 2846 2844 2846 2847 2848 2851 2853 2859 2863 2865 2864 2864 2870 2875 2877 2879 2878 2880 2883 2886 2886 2884 2887 2887 2887 2887 2885 2884 2883 2885 2887 2888 2887 2886 2884 2883 2881 2879 2876 2873 2871 2867 2858 2847 2843 2841 2837 2836 2836 2840 2843 2847 2849 2855 2860 2865 2870 2874 2877 2881 2884 2885 2889 2892 2893 2895 2898 2898 2898 2897 2902 2904 2904 2906
2851 2853 2856 2859 2860 2857 2854 2853 2851 2850 2851 2851 2854 2857 2860 2864 2869 2869 2869 2871 2874 2876 2879 2879 2875 2879 2882 2885 2886 2886 2886 2886 2887 2888 2888 2887 2887 2887 2889 2889 2888 2887 2885 2883 2881 2878 2875 2873 2870 2866 2860 2846 2839 2837 2834 2833 2833 2833 2836 2842 2846 2853 2858 2863 2869 2874 2878 2880 2880 2882 2885 2891 2894 2897 2899 2899 2899 2900 2904 2905 2907 2909
2847 2854 2857 2860 2861 2859 2856 2854 2848 2851 2854 2856 2857 2858 2864 2870 2873 2873 2873 2875 2876 2878 2880 2882 2880 2881 2882 2885 2887 2886 2886 2887 2888 2890 2891 2891 2891 2891 2891 2890 2889 2888 2886 2884 2882 2879 2876 2873 2868 2865 2862 2858 2853 2844 2831 2828 2829 2830 2835 2837 2839 2846 2854 2863 2869 2872 2876 2877 2880 2883 2885 2890 2893 2894 2897 2900 2901 2901 2903 2906 2907 2909
2855 2858 2859 2861 2861 2858 2857 2854 2853 2855 2858 2861 2861 2865 2872 2877 2878 2878 2879 2879 2880 2880 2882 2886 2884 2883 2881 2885 2888 2888 2888 2889 2890 2891 2893 2893 2893 2893 2892 2891 2890 2889 2887 2885 2883 2879 2876 2871 2868 2861 2855 2851 2844 2841 2842 2834 2824 2826 2829 2829 2831 2837 2846 2858 2865 2868 2872 2877 2880 2883 2888 2890 2892 2895 2896 2898 2900 2903 2905 2908 2909 2910
2860 2862 2863 2864 2863 2857 2859 2859 2859 2860 2864 2869 2870 2873 2878 2882 2883 2883 2883 2882 2883 2883 2887 2889 2887 2882 2880 2886 2889 2890 2890 2892 2892 2893 2895 2895 2894 2894 2893 2892 2891 2890 2889 2886 2883 2880 2877 2871 2866 2860 2852 2841 2834 2830 2831 2830 2822 2818 2819 2818 2824 2831 2840 2854 2863 2868 2873 2877 2881 2885 2887 2889 2892 2895 2897 2899 2901 2902 2906 2908 2909 2911
2867 2869 2869 2871 2871 2868 2867 2866 2865 2868 2873 2877 2878 2883 2885 2888 2889 2888 2888 2886 2887 2887 2890 2892 2891 2888 2887 2887 2885 2888 2892 2892 2893 2894 2896 2896 2896 2895 2894 2893 2892 2891 2888 2886 2884 2881 2876 2870 2861 2854 2849 2843 2833 2824 2820 2817 2810 2802 2803 2807 2818 2827 2838 2851 2861 2870 2874 2879 2882 2885 2888 2891 2894 2896 2898 2900 2902 2903 2903 2907 2910 2912
2877 2879 2879 2879 2883 2883 2881 2876 2875 2878 2883 2888 2890 2892 2894 2895 2895 2894 2893 2891 2891 2890 2893 2895 2895 2893 2889 2884 2881 2883 2891 2893 2894 2896 2896 2895 2896 2896 2895 2894 2893 2891 2889 2887 2884 2882 2878 2873 2860 2849 2842 2835 2832 2826 2818 2809 2796 2782 2781 2796 2815 2829 2841 2850 2861 2869 2876 2881 2884 2888 2892 2893 2896 2899 2901 2901 2902 2904 2905 2907 2909 2911
2894 2892 2889 2890 2896 2899 2896 2892 2886 2888 2891 2895 2898 2902 2904 2903 2902 2900 2898 2897 2897 2899 2900 2898 2900 2897 2893 2888 2885 2888 2893 2896 2897 2898 2898 2897 2898 2898 2896 2895 2894 2893 2890 2888 2886 2884 2878 2871 2861 2853 2848 2841 2834 2827 2819 2808 2791 2771 2776 2794 2815 2831 2846 2856 2864 2869 2877 2881 2885 2889 2892 2896 2898 2900 2903 2903 2904 2905 2906 2907 2909 2911
2903 2898 2899 2900 2905 2911 2908 2905 2896 2895 2897 2902 2905 2910 2912 2911 2908 2906 2904 2904 2904 2906 2907 2908 2906 2902 2896 2891 2889 2890 2895 2899 2900 2900 2901 2900 2899 2899 2898 2896 2896 2895 2893 2891 2888 2882 2879 2873 2866 2859 2853 2843 2838 2830 2822 2813 2798 2790 2795 2805 2820 2836 2851 2859 2867 2873 2879 2883 2886 2889 2892 2898 2899 2901 2904 2905 2906 2907 2909 2910 2910 2912
2910 2905 2916 2905 2909 2914 2914 2916 2906 2903 2902 2905 2911 2914 2919 2919 2917 2913 2911 2911 2911 2913 2914 2915 2913 2908 2900 2897 2894 2894 2899 2903 2903 2902 2903 2903 2902 2902 2900 2899 2898 2896 2893 2891 2888 2884 2880 2873 2866 2860 2853 2845 2837 2832 2828 2821 2814 2811 2816 2823 2833 2844 2857 2866 2871 2878 2883 2887 2890 2892 2898 2900 2901 2903 2906 2909 2908 2909 2911 2913 2914 2915
2922 2928 2932 2919 2918 2918 2921 2926 2915 2910 2908 2908 2917 2921 2925 2925 2924 2919 2918 2916 2916 2918 2918 2918 2917 2913 2906 2904 2901 2903 2907 2908 2907 2906 2906 2905 2905 2904 2903 2901 2898 2896 2894 2892 2887 2883 2877 2872 2866 2858 2850 2845 2840 2837 2833 2831 2827 2827 2831 2836 2844 2854 2863 2869 2877 2882 2887 2892 2895 2898 2901 2903 2902 2905 2909 2910 2910 2911 2914 2915 2915 2917
2932 2936 2937 2934 2929 2928 2928 2930 2920 2923 2911 2915 2923 2922 2929 2929 2928 2925 2921 2920 2920 2921 2921 2921 2918 2918 2916 2914 2912 2911 2913 2912 2911 2911 2909 2907 2907 2906 2904 2902 2898 2895 2895 2892 2887 2880 2873 2868 2864 2859 2854 2849 2846 2845 2842 2841 2839 2841 2845 2846 2852 2860 2870 2875 2880 2887 2891 2896 2898 2901 2903 2905 2905 2907 2910 2913 2912 2912 2915 2915 2916 2918
2930 2936 2938 2939 2937 2935 2934 2934 2937 2930 2922 2919 2927 2929 2932 2931 2931 2928 2925 2923 2923 2923 2921 2922 2922 2920 2919 2921 2920 2918 2918 2917 2915 2913 2910 2909 2910 2907 2906 2902 2897 2894 2893 2891 2885 2879 2873 2870 2868 2864 2859 2856 2852 2851 2850 2850 2850 2851 2854 2858 2859 2865 2873 2880 2886 2891 2895 2898 2901 2904 2906 2908 2909 2910 2912 2915 2914 2915 2917 2916 2917 2919
2936 2932 2932 2939 -9999 -9999 -9999 -9999 -9999 -9999 -9999 -9999 -9999 -9999 -9999 -9999 -9999 -9999 -9999 -9999 -9999 -9999 -9999 -9999 -9999 -9999 2924 2925 2925 2924 2923 2920 2916 2914 2912 2912 2910 2905 2904 2901 2898 2895 2891 2890 2886 2882 2878 2876 2873 2869 2864 2859 2858 2857 2856 2855 2860 2858 2862 2867 2870 2872 2877 2882 2890 2895 2898 2901 2903 2906 2908 2910 2912 2913 2915 2917 2918 2919 2917 2917 2918 2919
-9999 -9999 -9999 -9999 -9999 -9999 -9999 -9999 -9999 -9999 -9999 -9999 -9999 -9999 -9999 -9999 -9999 -9999 -9999 -9999 -9999 -9999 -9999 -9999 -9999 -9999 -9999 -9999 -9999 2927 2925 2923 2918 2916 2915 2913 2909 2906 2903 2900 2899 2897 2895 2892 2890 2887 2883 2879 2877 2873 2867 2864 2863 2862 2860 2860 2866 2867 2868 2873 2877 2878 2882 2886 2892 2898 2901 2903 2906 2908 2911 2913 2914 2915 2916 2917 2921 2920 2919 2918 2920 2922
-9999 -9999 -9999 -9999 -9999 -9999 -9999 -9999 -9999 -9999 -9999 -9999 -9999 -9999 -9999 -9999 -9999 -9999 -9999 -9999 -9999 -9999 -9999 -9999 -9999 -9999 -9999 -9999 -9999 -9999 -9999 2921 2919 2919 2917 2911 2911 2908 2905 2904 2903 2900 2898 2896 2893 2889 2884 2882 2880 2872 2870 2871 2870 2867 2864 2864 2870 2875 2873 2876 2881 2884 2888 2893 2898 2901 2904 2906 2909 2911 2913 2915 2916 2917 2918 2918 2921 2921 2922 2920 2924 2925
-9999 -9999 -9999 -9999 -9999 -9999 -9999 -9999 -9999 -9999 -9999 -9999 -9999 -9999 -9999 -9999 -9999 -9999 -9999 -9999 -9999 -9999 -9999 -9999 -9999 -9999 -9999 -9999 -9999 -9999 -9999 -9999 -9999 2922 2918 2915 2914 2912 2910 2908 2907 2903 2901 2898 2894 2890 2882 2883 2878 2871 2873 2878 2877 2870 2868 2868 2875 2881 2882 2881 2886 2888 2892 2896 2902 2906 2907 2909 2911 2913 2915 2917 2919 2919 2920 2920 2924 2923 2927 2925 -9999 2929
-9999 -9999 -9999 -9999 -9999 -9999 -9999 -9999 -9999 -9999 -9999 -9999 -9999 -9999 -9999 -9999 -9999 -9999 -9999 -9999 -9999 -9999 -9999 -9999 -9999 -9999 -9999 -9999 -9999 -9999 -9999 -9999 -9999 -9999 2919 2918 2917 2916 2915 2911 2907 2904 2900 2897 2891 2888 2880 2879 2876 2878 2876 2885 2881 2872 2872 2878 2882 2887 2888 2887 2889 2893 2897 2898 2903 2909 2912 2912 2913 2916 2917 2919 2921 2922 2922 2923 2927 2929 2930 -9999 -9999 -9999
-9999 -9999 -9999 -9999 -9999 -9999 -9999 -9999 -9999 -9999 -9999 -9999 -9999 -9999 -9999 -9999 -9999 -9999 -9999 -9999 -9999 -9999 -9999 -9999 -9999 -9999 -9999 -9999 -9999 -9999 -9999 -9999 -9999 -9999 -9999 2920 2920 2919 2915 2911 2906 2902 2900 2894 2893 2892 2883 2879 2885 2883 2882 2888 2884 2874 2878 2882 2886 2893 2894 2890 2894 2896 2900 2903 2905 2911 2915 2917 2918 2919 2920 2921 2923 2924 2924 2925 2927 2930 -9999 -9999 -9999 -9999
-9999 -9999 -9999 -9999 -9999 -9999 -9999 -9999 -9999 -9999 -9999 -9999 -9999 -9999 -9999 -9999 -9999 -9999 -9999 -9999 -9999 -9999 -9999 -9999 -9999 -9999 -9999 -9999 -9999 -9999 -9999 -9999 -9999 -9999 -9999 -9999 2922 2921 2916 2912 2908 2904 2900 2898 2898 2896 2890 2888 2890 2893 2894 2894 2877 2876 2884 2891 2891 2896 2899 2895 2900 2901 2905 2905 2909 2913 2917 2920 2922 2922 2923 2924 2925 2926 2926 2928 2930 -9999 -9999 -9999 -9999 -9999
-9999 -9999 -9999 -9999 -9999 -9999 -9999 -9999 -9999 -9999 -9999 -9999 -9999 -9999 -9999 -9999 -9999 -9999 -9999 -9999 -9999 -9999 -9999 -9999 -9999 -9999 -9999 -9999 -9999 -9999 -9999 -9999 -9999 -9999 -9999 -9999 -9999 2922 2917 2913 2910 2907 2904 2903 2901 2901 2899 2898 2899 2902 2898 2890 2882 2882 2885 2893 2898 2902 2903 2902 2903 2908 2911 2910 2911 2915 2919 2921 2923 2925 2925 2926 2927 2928 2928 2930 -9999 -9999 -9999 -9999 -9999 -9999
-9999 -9999 -9999 -9999 -9999 -9999 -9999 -9999 -9999 -9999 -9999 -9999 -9999 -9999 -9999 -9999 -9999 -9999 -9999 -9999 -9999 -9999 -9999 -9999 -9999 -9999 -9999 -9999 -9999 -9999 -9999 -9999 -9999 -9999 -9999 -9999 -9999 2924 2920 2918 2915 2911 2909 2907 2906 2905 2903 2905 2906 2900 2897 2892 2891 2889 2892 2895 2898 2902 2906 2906 2906 2911 2916 2917 2915 2915 2919 2923 2925 2927 2927 2928 2929 2930 2930 -9999 -9999 -9999 -9999 -9999 -9999 -9999
-9999 -9999 -9999 -9999 -9999 -9999 -9999 -9999 -9999 -9999 -9999 -9999 -9999 -9999 -9999 -9999 -9999 -9999 -9999 -9999 -9999 -9999 -9999 -9999 -9999 -9999 -9999 -9999 -9999 -9999 -9999 -9999 -9999 -9999 -9999 -9999 -9999 -9999 2926 2923 2920 2917 2913 2911 2910 2909 2907 2909 2909 2901 2901 2900 2896 2893 2895 2893 2897 2904 2909 2909 2909 2914 2918 2921 2922 2921 2921 2924 2927 2928 2930 2930 2931 2932 2932 -9999 -9999 -9999 -9999 -9999 -9999 -9999
-9999 -9999 -9999 -9999 -9999 -9999 -9999 -9999 -9999 -9999 -9999 -9999 -9999 -9999 -9999 -9999 -9999 -9999 -9999 -9999 -9999 -9999 -9999 -9999 -9999 -9999 -9999 -9999 -9999 -9999 -9999 -9999 -9999 -9999 -9999 -9999 -9999 -9999 -9999 2928 2924 2919 2919 2916 2914 2912 2912 2913 2911 2908 2906 2904 2901 2897 2900 2898 2900 2904 2910 2912 2913 2916 2919 2923 2925 2927 2928 2929 2929 2930 2931 2932 2933 2933 -9999 -9999 -9999 -9999 -9999 -9999 -9999 -9999
-9999 -9999 -9999 -9999 -9999 -9999 -9999 -9999 -9999 -9999 -9999 -9999 -9999 -9999 -9999 -9999 -9999 -9999 -9999 -9999 -9999 -9999 -9999 -9999 -9999 -9999 -9999 -9999 -9999 -9999 -9999 -9999 -9999 -9999 -9999 -9999 -9999 -9999 -9999 -9999 2925 2923 2922 2919 2917 2915 2915 2917 2914 2911 2910 2907 2906 2902 2905 2905 2906 2907 2910 2915 2915 2917 2919 2921 2923 2926 2930 2931 2932 2932 2933 2934 2935 -9999 -9999 -9999 -9999 -9999 -9999 -9999 -9999 -9999
-9999 -9999 -9999 -9999 -9999 -9999 -9999 -9999 -9999 -9999 -9999 -9999 -9999 -9999 -9999 -9999 -9999 -9999 -9999 -9999 -9999 -9999 -9999 -9999 -9999 -9999 -9999 -9999 -9999 -9999 -9999 -9999 -9999 -9999 -9999 -9999 -9999 -9999 -9999 -9999 2927 2925 2923 2922 2917 2918 2920 2920 2917 2912 2913 2910 2910 2909 2909 2909 2910 2909 2910 2917 2919 2920 2921 2923 2924 2925 2930 2933 2934 2935 2935 2935 -9999 -9999 -9999 -9999 -9999 -9999 -9999 -9999 -9999 -9999
-9999 -9999 -9999 -9999 -9999 -9999 -9999 -9999 -9999 -9999 -9999 -9999 -9999 -9999 -9999 -9999 -9999 -9999 -9999 -9999 -9999 -9999 -9999 -9999 -9999 -9999 -9999 -9999 -9999 -9999 -9999 -9999 -9999 -9999 -9999 -9999 -9999 -9999 -9999 -9999 -9999 2926 2926 2920 2916 2923 2924 2919 2914 2915 2917 2914 2915 2914 2912 2912 2913 2913 2913 2917 2918 2924 2923 2925 2926 2927 2932 2934 2936 2937 2937 -9999 -9999 -9999 -9999 -9999 -9999 -9999 -9999 -9999 -9999 -9999
-9999 -9999 -9999 -9999 -9999 -9999 -9999 -9999 -9999 -9999 -9999 -9999 -9999 -9999 -9999 -9999 -9999 -9999 -9999 -9999 -9999 -9999 -9999 -9999 -9999 -9999 -9999 -9999 -9999 -9999 -9999 -9999 -9999 -9999 -9999 -9999 -9999 -9999 -9999 -9999 -9999 2929 2926 2923 2920 2927 2925 2921 2918 2921 2921 2919 2919 2917 2916 2915 2913 2915 2916 2918 2918 2927 2928 2928 2929 2930 2933 2937 2938 2939 -9999 -9999 -9999 -9999 -9999 -9999 -9999 -9999 -9999 -9999 -9999 -9999
-9999 -9999 -9999 -9999 -9999 -9999 -9999 -9999 -9999 -9999 -9999 -9999 -9999 -9999 -9999 -9999 -9999 -9999 -9999 -9999 -9999 -9999 -9999 -9999 -9999 -9999 -9999 -9999 -9999 -9999 -9999 -9999 -9999 -9999 -9999 -9999 -9999 -9999 -9999 -9999 -9999 -9999 -9999 2926 2925 2929 2926 2922 2924 2925 2925 2924 2921 2920 2919 2919 2915 2916 2918 2918 2922 2930 2933 2933 -9999 -9999 -9999 -9999 -9999 -9999 -9999 -9999 -9999 -9999 -9999 -9999 -9999 -9999 -9999 -9999 -9999 -9999
-9999 -9999 -9999 -9999 -9999 -9999 -9999 -9999 -9999 -9999 -9999 -9999 -9999 -9999 -9999 -9999 -9999 -9999 -9999 -9999 -9999 -9999 -9999 -9999 -9999 -9999 -9999 -9999 -9999 -9999 -9999 -9999 -9999 -9999 -9999 -9999 -9999 -9999 -9999 -9999 -9999 -9999 -9999 -9999 -9999 2928 2924 2927 2929 2928 2927 2923 2922 2921 2922 2922 2922 2921 2922 2921 2925 2930 2934 2936 -9999 -9999 -9999 -9999 -9999 -9999 -9999 -9999 -9999 -9999 -9999 -9999 -9999 -9999 -9999 -9999 -9999 -9999
-9999 -9999 -9999 -9999 -9999 -9999 -9999 -9999 -9999 -9999 -9999 -9999 -9999 -9999 -9999 -9999 -9999 -9999 -9999 -9999 -9999 -9999 -9999 -9999 -9999 -9999 -9999 -9999 -9999 -9999 -9999 -9999 -9999 -9999 -9999 -9999 -9999 -9999 -9999 -9999 -9999 -9999 -9999 -9999 -9999 -9999 -9999 2931 2932 2931 2929 2924 2921 2922 2923 2924 2925 2925 2925 2924 2926 2931 2935 2938 -9999 -9999 -9999 -9999 -9999 -9999 -9999 -9999 -9999 -9999 -9999 -9999 -9999 -9999 -9999 -9999 -9999 -9999
-9999 -9999 -9999 -9999 -9999 -9999 -9999 -9999 -9999 -9999 -9999 -9999 -9999 -9999 -9999 -9999 -9999 -9999 -9999 -9999 -9999 -9999 -9999 -9999 -9999 -9999 -9999 -9999 -9999 -9999 -9999 -9999 -9999 -9999 -9999 -9999 -9999 -9999 -9999 -9999 -9999 -9999 -9999 -9999 -9999 -9999 -9999 -9999 -9999 -9999 2931 2926 2923 2924 2924 2925 2925 2926 2926 2924 2924 2933 2937 -9999 -9999 -9999 -9999 -9999 -9999 -9999 -9999 -9999 -9999 -9999 -9999 -9999 -9999 -9999 -9999 -9999 -9999 -9999
-9999 -9999 -9999 -9999 -9999 -9999 -9999 -9999 -9999 -9999 -9999 -9999 -9999 -9999 -9999 -9999 -9999 -9999 -9999 -9999 -9999 -9999 -9999 -9999 -9999 -9999 -9999 -9999 -9999 -9999 -9999 -9999 -9999 -9999 -9999 -9999 -9999 -9999 -9999 -9999 -9999 -9999 -9999 -9999 -9999 -9999 -9999 -9999 -9999 -9999 -9999 -9999 2926 2925 2925 2926 2926 2927 2927 2926 2925 -9999 -9999 -9999 -9999 -9999 -9999 -9999 -9999 -9999 -9999 -9999 -9999 -9999 -9999 -9999 -9999 -9999 -9999 -9999 -9999 -9999
