Capas/PRESENTE/Eje_30s/ASC/bio_04.asc
ncols         993
nrows         433
xllcorner     -105.25566776747
yllcorner     17.599810932142
cellsize      0.0083333333
NODATA_value  -9999
[rows 36 to 71 of 433, columns 82 to 163 of 993]
2071 2077 2068 2103 2090 2090 2093 2105 2084 2097 2094 2077 2077 -9999 -9999 -9999 -9999 -9999 -9999 -9999 -9999 -9999 -9999 -9999 -9999 -9999 -9999 -9999 -9999 -9999 -9999 -9999 -9999 -9999 -9999 -9999 -9999 -9999 -9999 -9999 -9999 -9999 -9999 -9999 -9999 -9999 -9999 -9999 -9999 2294 2294 2288 2293 2298 2280 2293 2279 2294 2311 2294 2308 2299 2316 2322 2310 2321 2321 2327 2345 2345 2345 2329 2346 2335 2346 2358 2358 2334 2323 2345 2337 2330
2041 2077 2068 2097 2096 2099 2094 2090 2094 2071 2077 2077 2077 2081 2081 -9999 -9999 -9999 -9999 -9999 -9999 -9999 -9999 -9999 -9999 -9999 -9999 -9999 -9999 -9999 2160 2163 2199 2193 2199 2199 2199 2199 2199 2199 2225 2226 2251 2233 2252 2276 2274 2279 2315 2294 2294 2298 2293 2299 2299 2303 2303 2306 2294 2302 2302 2299 2311 2324 2310 2319 2316 2324 2334 2345 2345 2345 2340 2350 2346 2361 2356 2345 2358 2343 2341 2341
2041 2041 2071 2085 2084 2089 2099 2090 2094 2090 2066 2087 2094 2077 2088 2094 2084 2082 2068 2075 2096 2089 2095 2114 2131 2131 2131 2136 2163 2160 2168 2159 2162 2163 2193 2163 2199 2189 2199 2226 2223 2235 2250 2220 2252 2258 2286 2276 2304 2286 2299 2288 2282 2287 2276 2276 2303 2292 2300 2300 2305 2319 2297 2321 2310 2321 2313 2329 2334 2345 2333 2350 2350 2357 2345 2340 2340 2338 2351 2363 2353 2349
2071 2059 2071 2084 2083 2084 2084 2071 2071 2066 2094 2077 2077 2077 2077 2071 2071 2066 2093 2082 2101 2101 2111 2125 2119 2130 2115 2131 2158 2163 2163 2163 2173 2159 2160 2183 2159 2188 2199 2205 2217 2205 2217 2225 2238 2252 2253 2253 2275 2287 2286 2286 2293 2290 2311 2276 2297 2295 2310 2311 2316 2310 2319 2333 2319 2319 2313 2324 2313 2329 2344 2340 2361 2363 2369 2361 2363 2374 2351 2349 2343 2346
2078 2078 2084 2075 2078 2069 2085 2079 2090 2067 2071 2061 2077 2061 2077 2081 2071 2094 2105 2105 2093 2114 2117 2131 2125 2130 2128 2131 2158 2162 2159 2159 2159 2163 2159 2160 2163 2193 2193 2199 2197 2212 2223 2217 2221 2236 2236 2265 2265 2286 2298 2290 2307 2316 2303 2313 2298 2315 2328 2326 2333 2351 2356 2351 2331 2331 2313 2313 2333 2344 2356 2350 2361 2367 2369 2356 2351 2385 2385 2385 2346 2341
2074 2041 2078 2069 2069 2071 2079 2077 2079 2094 2068 2059 2067 2064 2071 2071 2090 2084 2100 2067 2105 2131 2125 2134 2136 2159 2128 2136 2158 2147 2136 2136 2163 2154 2154 2183 2188 2176 2193 2191 2196 2203 2222 2241 2251 2252 2259 2253 2272 2296 2312 2307 2303 2290 2290 2306 2306 2326 2380 2340 2351 2375 2363 2331 2340 2331 2313 2324 2324 2350 2358 2367 2374 2369 2376 2358 2348 2359 2346 2375 2359 2368
2041 2046 2058 2078 2078 2069 2056 2071 2079 2067 2094 2067 2094 2077 2090 2076 2088 2084 2087 2100 2105 2118 2131 2136 2133 2131 2131 2128 2128 2136 2154 2128 2128 2158 2157 2169 2175 2159 2189 2183 2196 2212 2215 2239 2241 2257 2275 2275 2290 2296 2313 2303 2298 2285 2295 2317 2322 2326 2364 2380 2351 2333 2351 2351 2326 2337 2311 2324 2345 2335 2327 2354 2364 2401 2380 2366 2354 2385 2373 2385 2381 2390
2051 2060 2046 2058 2071 2043 2071 2068 2068 2073 2068 2081 2064 2088 2076 2065 2088 2084 2100 2100 2067 2101 2105 2131 2105 2117 2105 2118 2118 2115 2131 2131 2141 2128 2141 2141 2159 2168 2184 2185 2187 2203 2209 2239 2223 2253 2265 2286 2303 2318 2323 2316 2287 2283 2292 2306 2311 2311 2340 2373 2337 2324 2313 2345 2345 2311 2324 2322 2329 2343 2337 2348 2354 2359 2376 2391 2391 2381 2373 2391 2407 2401
2041 2041 2074 2041 2061 2063 2043 2063 2068 2064 2065 2073 2067 2067 2077 2071 2071 2090 2084 2069 2084 2105 2126 2094 2105 2071 2118 2105 2115 2128 2122 2118 2128 2154 2159 2154 2154 2154 2174 2174 2191 2197 2193 2217 2239 2251 2251 2286 2307 2303 2317 2317 2292 2287 2292 2299 2293 2299 2326 2351 2351 2351 2313 2330 2322 2315 2322 2322 2333 2324 2346 2346 2340 2346 2359 2366 2384 2391 2401 2378 2407 2401
2046 2041 2063 2041 2061 2067 2063 2067 2058 2063 2069 2081 2073 2077 2081 2075 2071 2069 2069 2067 2087 2094 2076 2091 2089 2099 2117 2128 2146 2146 2140 2124 2131 2154 2154 2158 2168 2172 2178 2174 2174 2187 2209 2206 2217 2251 2264 2280 2287 2303 2305 2287 2287 2289 2292 2271 2292 2303 2304 2312 2311 2311 2334 2311 2315 2312 2335 2327 2351 2340 2352 2340 2359 2349 2373 2381 2389 2391 2401 2401 2406 2416
2047 2058 2041 2047 2047 2042 2057 2056 2058 2067 2068 2056 2070 2077 2077 2076 2065 2069 2067 2069 2069 2065 2078 2099 2108 2107 2136 2159 2159 2159 2154 2146 2154 2159 2159 2164 2172 2186 2178 2185 2187 2198 2206 2212 2246 2266 2270 2280 2274 2278 2289 2287 2300 2292 2274 2271 2286 2282 2295 2299 2306 2317 2311 2322 2318 2312 2322 2335 2346 2324 2346 2359 2359 2359 2373 2391 2403 2407 2406 2416 2406 2401
2064 2058 2041 2043 2037 2037 2057 2067 2056 2065 2063 2070 2065 2065 2077 2076 2076 2064 2070 2069 2070 2059 2084 2097 2135 2136 2176 2175 2195 2186 2172 2159 2186 2159 2197 2197 2191 2184 2176 2187 2193 2212 2208 2232 2253 2270 2278 2293 2287 2269 2274 2282 2289 2293 2287 2271 2281 2286 2293 2311 2310 2290 2312 2311 2306 2323 2325 2327 2324 2346 2336 2348 2350 2359 2379 2406 2406 2406 2406 2427 2428 2442
2034 2043 2047 2041 2041 2037 2038 2057 2043 2055 2064 2063 2063 2064 2064 2064 2077 2060 2070 2064 2065 2070 2065 2104 2124 2124 2159 2159 2182 2205 2214 2192 2192 2197 2203 2199 2197 2193 2178 2193 2201 2212 2221 2220 2219 2246 2228 2285 2269 2266 2274 2289 2293 2297 2310 2282 2281 2279 2297 2297 2290 2306 2311 2322 2311 2312 2324 2322 2324 2332 2343 2359 2352 2379 2384 2379 2406 2406 2406 2403 2420 2437
2047 2034 2054 2047 2057 2038 2057 2057 2057 2060 2064 2054 2055 2064 2064 2064 2057 2063 2063 2058 2070 2082 2065 2065 2101 2107 2118 2130 2159 2186 2205 2214 2192 2214 2236 2241 2229 2206 2201 2188 2198 2208 2217 2229 2217 2246 2235 2246 2240 2261 2253 2283 2281 2293 2293 2301 2275 2290 2297 2285 2290 2306 2322 2324 2301 2323 2317 2323 2332 2346 2343 2359 2354 2363 2369 2384 2390 2396 2396 2404 2411 2431
2047 2037 2028 2037 2037 2043 2028 2037 2057 2055 2063 2076 2065 2065 2060 2059 2049 2058 2058 2059 2059 2059 2063 2096 2086 2077 2101 2118 2146 2159 2195 2202 2215 2225 2225 2225 2229 2220 2220 2217 2188 2199 2199 2209 2219 2223 2235 2229 2240 2235 2235 2258 2288 2292 2274 2275 2306 2295 2297 2296 2301 2290 2322 2311 2301 2323 2326 2324 2336 2336 2326 2352 2351 2357 2376 2390 2396 2384 2398 2420 2402 2431
2037 2047 2028 2028 2037 2028 2051 2057 2064 2053 2066 2064 2090 2064 2073 2054 2065 2053 2070 2069 2059 2037 2059 2059 2059 2095 2101 2098 2122 2122 2152 2170 2178 2219 2231 2242 2243 2239 2223 2237 2208 2199 2208 2213 2210 2215 2223 2222 2235 2249 2243 2250 2268 2275 2277 2276 2275 2283 2290 2289 2289 2311 2299 2311 2301 2312 2319 2343 2343 2343 2338 2352 2343 2351 2351 2357 2379 2377 2404 2415 2415 2431
2047 2041 2041 2037 2039 2063 2039 2055 2043 2053 2063 2064 2090 2079 2071 2084 2071 2084 2084 2059 2059 2059 2059 2059 2051 2059 2087 2091 2101 2130 2122 2154 2184 2192 2229 2228 2242 2230 2217 2214 2199 2199 2210 2210 2211 2207 2235 2227 2240 2234 2250 2261 2252 2261 2276 2272 2272 2288 2292 2296 2301 2311 2312 2316 2329 2312 2326 2331 2343 2337 2325 2337 2342 2351 2357 2365 2357 2378 2388 2382 2400 2429
2010 2023 2043 2037 2033 2033 2057 2055 2043 2064 2063 2064 2090 2071 2090 2067 2090 2081 2087 2065 2075 2065 2059 2059 2040 2076 2083 2096 2117 2152 2119 2152 2170 2164 2193 2229 2230 2217 2199 2217 2199 2199 2201 2211 2222 2219 2235 2249 2258 2261 2267 2267 2261 2266 2272 2272 2295 2298 2292 2301 2312 2317 2323 2343 2331 2326 2326 2341 2340 2326 2337 2343 2337 2342 2357 2357 2357 2368 2368 2388 2400 2415
2038 2043 2034 2037 2037 2034 2050 2055 2043 2053 2063 2079 2087 2071 2071 2073 2071 2094 2087 2087 2082 2080 2059 2059 2065 2071 2059 2093 2103 2098 2117 2140 2135 2152 2156 2184 2206 2206 2222 2228 2241 2219 2207 2208 2206 2223 2262 2279 2276 2276 2249 2261 2258 2275 2288 2319 2330 2301 2332 2330 2352 2354 2354 2379 2366 2343 2326 2337 2348 2330 2320 2343 2337 2357 2368 2348 2368 2341 2364 2360 2383 2397
2023 2023 2037 2023 2021 2031 2041 2043 2055 2055 2054 2090 2096 2090 2071 2081 2090 2100 2081 2101 2095 2076 2059 2057 2059 2034 2071 2077 2076 2087 2094 2116 2113 2133 2156 2175 2188 2217 2227 2226 2257 2225 2251 2227 2222 2210 2227 2240 2262 2258 2264 2270 2258 2288 2317 2343 2347 2364 2381 2365 2341 2377 2440 2424 2398 2379 2344 2337 2343 2320 2346 2357 2348 2340 2357 2346 2346 2341 2383 2372 2363 2374
2017 2034 2043 2037 2014 2055 2037 2051 2037 2054 2047 2055 2077 2096 2096 2085 2081 2081 2092 2081 2083 2065 2057 2077 2059 2071 2065 2076 2087 2084 2087 2094 2115 2148 2172 2188 2210 2238 2251 2228 2235 2222 2222 2219 2227 2227 2235 2259 2283 2276 2290 2283 2287 2296 2330 2361 2370 2381 2384 2391 2386 2403 2424 2426 2385 2370 2337 2365 2326 2315 2313 2337 2313 2343 2357 2366 2352 2352 2357 2354 2363 2353
2010 2033 2033 2033 2031 2037 2060 2063 2073 2079 2067 2090 2091 2097 2097 2097 2097 2091 2107 2081 2065 2065 2076 2087 2066 2077 2051 2051 2062 2094 2094 2098 2113 2151 2167 2175 2200 2241 2264 2251 2251 2251 2240 2242 2235 2235 2253 2323 2358 2320 2353 2371 2322 2307 2332 2359 2370 2382 2375 2400 2424 2440 2442 2419 2398 2384 2356 2337 2320 2332 2323 2313 2325 2336 2348 2359 2341 2341 2341 2357 2357 2357
2010 2010 2010 2010 2031 2027 2050 2063 2060 2081 2060 2060 2071 2087 2097 2097 2097 2094 2097 2065 2065 2065 2057 2071 2075 2091 2077 2051 2065 2063 2063 2087 2113 2137 2151 2145 2154 2188 2230 2239 2225 2251 2219 2235 2235 2267 2276 2325 2372 2400 2438 2438 2408 2347 2336 2359 2371 2370 2375 2389 2411 2453 2455 2400 2386 2375 2370 2343 2317 2343 2334 2325 2334 2341 2330 2341 2341 2330 2330 2351 2357 2361
2005 2006 2006 2027 2025 2037 2043 2060 2060 2073 2075 2060 2071 2083 2096 2101 2088 2104 2097 2088 2089 2065 2093 2061 2083 2116 2083 2083 2069 2056 2029 2063 2093 2122 2093 2128 2145 2174 2176 2193 2188 2211 2186 2202 2229 2262 2293 2344 2400 2400 2411 2408 2408 2404 2377 2359 2358 2354 2386 2391 2414 2414 2432 2378 2359 2350 2330 2314 2313 2338 2316 2325 2331 2330 2338 2341 2334 2334 2334 2357 2357 2346
2006 2016 2031 2008 2014 2021 2008 2029 2055 2081 2080 2071 2081 2075 2082 2095 2095 2098 2093 2108 2102 2089 2059 2058 2105 2123 2125 2120 2081 2063 2052 2057 2063 2074 2057 2086 2093 2115 2143 2167 2171 2164 2157 2180 2222 2235 2265 2287 2346 2363 2357 2357 2352 2387 2395 2381 2359 2370 2364 2385 2385 2412 2419 2378 2343 2321 2319 2338 2330 2334 2325 2338 2325 2327 2338 2351 2340 2351 2357 2357 2357 2357
2027 2021 2027 2027 2027 2021 2008 2029 2060 2071 2050 2071 2081 2067 2077 2091 2091 2093 2093 2089 2112 2098 2083 2076 2089 2117 2119 2120 2098 2069 2098 2063 2052 2057 2068 2084 2095 2095 2121 2121 2143 2147 2177 2241 2276 2246 2276 2321 2336 2345 2356 2341 2347 2348 2371 2355 2360 2374 2392 2385 2400 2418 2390 2346 2337 2330 2319 2323 2334 2316 2331 2338 2325 2340 2337 2351 2343 2343 2357 2337 2331 2348
2000 2016 2011 2012 2024 2029 2031 2012 2035 2042 2042 2071 2061 2071 2065 2069 2091 2098 2093 2095 2105 2089 2099 2077 2094 2120 2098 2111 2088 2081 2095 2084 2081 2057 2068 2068 2089 2116 2099 2115 2132 2177 2170 2222 2222 2247 2276 2316 2329 2363 2341 2321 2347 2355 2341 2354 2354 2377 2398 2396 2370 2374 2354 2337 2332 2319 2326 2331 2330 2330 2337 2327 2337 2337 2335 2351 2335 2357 2347 2357 2355 2348
2017 2011 2011 2012 2017 2012 2019 2029 2041 2055 2049 2048 2065 2073 2057 2077 2089 2111 2125 2105 2089 2093 2120 2087 2111 2140 2103 2093 2088 2076 2128 2105 2070 2052 2068 2064 2077 2064 2116 2145 2164 2238 2203 2179 2211 2229 2289 2289 2278 2336 2334 2316 2323 2307 2321 2342 2388 2445 2436 2370 2358 2344 2352 2319 2343 2331 2352 2352 2327 2343 2343 2327 2321 2321 2322 2334 2334 2357 2357 2331 2360 2359
2015 2017 2012 2012 2038 2028 2006 2019 2024 2048 2030 2059 2066 2056 2052 2066 2087 2098 2111 2093 2083 2119 2119 2119 2119 2117 2095 2098 2110 2115 2134 2130 2089 2068 2095 2077 2096 2115 2148 2177 2208 2222 2196 2222 2219 2246 2258 2263 2258 2300 2302 2305 2295 2307 2340 2354 2417 2482 2457 2396 2402 2402 2395 2364 2358 2354 2347 2336 2336 2336 2351 2337 2339 2339 2333 2341 2337 2346 2348 2360 2346 2332
2007 2022 2002 2002 2032 2032 2006 2006 2007 2020 2024 2052 2040 2051 2066 2048 2083 2083 2088 2119 2111 2117 2135 2129 2119 2117 2135 2163 2151 2151 2102 2101 2091 2100 2073 2077 2132 2154 2196 2225 2238 2238 2228 2241 2251 2246 2247 2246 2263 2258 2290 2301 2295 2306 2320 2362 2419 2472 2484 2433 2413 2430 2423 2401 2398 2360 2360 2342 2344 2332 2351 2357 2339 2357 2346 2341 2346 2346 2348 2352 2337 2355
2006 1996 2012 2032 2018 2012 2024 1996 2010 2010 2010 2018 2024 2035 2046 2064 2052 2089 2105 2126 2117 2117 2121 2117 2117 2124 2151 2145 2118 2106 2093 2082 2088 2116 2089 2084 2134 2163 2208 2227 2246 2264 2265 2269 2269 2281 2296 2296 2278 2275 2290 2295 2308 2307 2343 2362 2396 2420 2433 2444 2444 2425 2409 2423 2401 2401 2396 2362 2344 2357 2354 2357 2343 2357 2357 2352 2355 2346 2355 2360 2344 2366
1990 2006 1997 2018 2026 2024 1990 2000 2016 2025 2035 2018 2035 2042 2035 2052 2064 2070 2085 2095 2103 2095 2117 2121 2117 2145 2166 2171 2160 2129 2121 2100 2077 2084 2093 2104 2116 2145 2211 2228 2228 2251 2246 2228 2251 2281 2281 2291 2302 2291 2295 2295 2288 2301 2332 2367 2370 2361 2384 2420 2444 2419 2403 2408 2433 2407 2362 2371 2371 2385 2363 2362 2363 2352 2343 2364 2360 2338 2345 2350 2350 2362
1981 2006 1997 1993 2024 1987 2010 2002 1998 2008 2017 2018 2023 2035 2035 2047 2063 2077 2065 2079 2081 2095 2121 2121 2140 2148 2169 2169 2148 2116 2129 2151 2143 2121 2086 2092 2127 2168 2183 2208 2199 2221 2223 2222 2242 2246 2265 2272 2295 2288 2305 2307 2317 2329 2342 2354 2355 2344 2357 2376 2393 2388 2383 2396 2418 2413 2407 2439 2424 2413 2398 2390 2387 2399 2352 2350 2350 2355 2337 2357 2362 2362
1974 1983 1994 1991 2008 1987 2008 2007 1996 1995 2013 2021 2011 2018 2029 2047 2047 2065 2082 2069 2081 2106 2119 2117 2145 2164 2160 2148 2156 2181 2198 2171 2158 2151 2099 2092 2109 2134 2140 2159 2167 2190 2202 2204 2209 2218 2230 2253 2281 2325 2340 2358 2340 2350 2364 2364 2355 2331 2321 2351 2369 2341 2385 2421 2376 2433 2493 2504 2471 2447 2423 2413 2440 2417 2391 2379 2362 2360 2362 2355 2350 2369
1974 1984 1987 1987 2018 2007 2008 2008 1990 2005 2018 2018 2023 2023 2042 2065 2053 2065 2075 2079 2095 2089 2106 2132 2145 2156 2185 2199 2177 2198 2204 2204 2198 2208 2154 2114 2083 2104 2105 2138 2157 2163 2174 2193 2204 2204 2239 2264 2302 2318 2362 2392 2373 2364 2364 2365 2344 2339 2309 2314 2341 2338 2381 2378 2372 2401 2487 2518 2518 2479 2456 2463 2488 2431 2406 2416 2402 2376 2373 2368 2369 2350
1974 1982 1988 1992 2002 2002 1979 1988 2002 2000 2012 2011 2020 2027 2036 2061 2076 2073 2071 2089 2081 2104 2121 2124 2140 2151 2171 2181 2202 2223 2235 2220 2220 2218 2181 2161 2093 2093 2123 2126 2133 2157 2151 2171 2164 2171 2195 2213 2236 2275 2307 2330 2329 2332 2326 2344 2331 2326 2316 2312 2321 2332 2359 2343 2344 2369 2435 2466 2480 2493 2479 2469 2469 2421 2421 2414 2419 2414 2384 2376 2368 2363
