Capas/PRESENTE/Eje_30s/ASC/bio_06.asc
ncols         993
nrows         433
xllcorner     -105.25566776747
yllcorner     17.599810932142
cellsize      0.0083333333
NODATA_value  -9999
[rows 72 to 107 of 433, columns 328 to 409 of 993]
2802 2801 2801 2802 2803 2804 2804 2805 2807 2813 2811 2809 2807 2806 2806 2806 2805 2805 2805 2803 2800 2796 -9999 -9999 -9999 -9999 -9999 -9999 -9999 -9999 -9999 -9999 -9999 -9999 -9999 -9999 -9999 -9999 -9999 -9999 -9999 -9999 -9999 -9999 -9999 -9999 -9999 -9999 -9999 -9999 -9999 -9999 -9999 -9999 -9999 -9999 -9999 -9999 -9999 -9999 -9999 -9999 -9999 -9999 -9999 -9999 -9999 -9999 -9999 -9999 -9999 -9999 -9999 -9999 -9999 -9999 -9999 -9999 -9999 -9999 -9999 -9999
2800 2800 2801 2802 2802 2803 2804 2806 2807 2814 2811 2808 2808 2809 2806 2805 2805 2804 2803 2802 2798 2791 2782 2784 -9999 -9999 -9999 -9999 -9999 -9999 -9999 -9999 -9999 -9999 -9999 -9999 -9999 -9999 -9999 -9999 -9999 -9999 -9999 -9999 -9999 -9999 -9999 -9999 -9999 -9999 -9999 -9999 -9999 -9999 -9999 -9999 -9999 -9999 -9999 -9999 -9999 -9999 -9999 -9999 -9999 -9999 -9999 -9999 -9999 -9999 -9999 -9999 -9999 -9999 -9999 -9999 -9999 -9999 -9999 -9999 -9999 -9999
2801 2800 2801 2801 2802 2806 2806 2807 2808 2812 2817 2815 2811 2808 2806 2804 2803 2802 2802 2803 2799 2791 2785 2785 2793 2799 -9999 -9999 -9999 -9999 -9999 -9999 -9999 -9999 -9999 -9999 -9999 -9999 -9999 -9999 -9999 -9999 -9999 -9999 -9999 -9999 -9999 -9999 -9999 -9999 -9999 -9999 -9999 -9999 -9999 -9999 -9999 -9999 -9999 -9999 -9999 -9999 -9999 -9999 -9999 -9999 -9999 -9999 -9999 -9999 -9999 -9999 -9999 -9999 -9999 -9999 -9999 -9999 -9999 -9999 -9999 -9999
2805 2802 2801 2801 2804 2809 2817 2812 2806 2807 2818 2808 2805 2805 2805 2805 2805 2804 2804 2807 2805 2801 2797 2799 2795 2798 2805 2812 -9999 -9999 -9999 -9999 -9999 -9999 -9999 -9999 -9999 -9999 -9999 -9999 -9999 -9999 -9999 -9999 -9999 -9999 -9999 -9999 -9999 -9999 -9999 -9999 -9999 -9999 -9999 -9999 -9999 -9999 -9999 -9999 -9999 -9999 -9999 -9999 -9999 -9999 -9999 -9999 -9999 -9999 -9999 -9999 -9999 -9999 -9999 -9999 -9999 -9999 -9999 -9999 -9999 -9999
2812 2813 2805 2806 2815 2815 2820 2818 2819 2818 2818 2808 2806 2806 2805 2806 2806 2806 2807 2806 2809 2812 2807 2810 2802 2805 2813 2813 2814 2814 2812 -9999 -9999 -9999 -9999 -9999 -9999 -9999 -9999 -9999 -9999 -9999 -9999 -9999 -9999 -9999 -9999 -9999 -9999 -9999 -9999 -9999 -9999 -9999 -9999 -9999 -9999 -9999 -9999 -9999 -9999 -9999 -9999 -9999 -9999 -9999 -9999 -9999 -9999 -9999 -9999 -9999 -9999 -9999 -9999 -9999 -9999 -9999 -9999 -9999 -9999 -9999
2805 2816 2813 2812 2821 2821 2820 2814 2816 2813 2808 2806 2810 2807 2805 2807 2810 2808 2813 2814 2809 2812 2815 2815 2812 2815 2817 2816 2816 2812 2809 2813 2812 2811 2810 2809 -9999 -9999 -9999 -9999 -9999 -9999 -9999 -9999 -9999 -9999 -9999 -9999 -9999 -9999 -9999 -9999 -9999 -9999 -9999 -9999 -9999 -9999 -9999 -9999 -9999 -9999 -9999 -9999 -9999 -9999 -9999 -9999 -9999 -9999 -9999 -9999 -9999 -9999 -9999 -9999 -9999 -9999 -9999 -9999 -9999 -9999
2813 2818 2821 2822 2821 2815 2807 2803 2805 2807 2805 2807 2812 2808 2805 2807 2814 2815 2816 2819 2819 2817 2818 2820 2820 2819 2817 2817 2815 2816 2814 2812 2808 2806 2808 2807 2811 2808 2805 2801 2799 2799 -9999 -9999 -9999 -9999 -9999 -9999 -9999 -9999 -9999 -9999 -9999 -9999 -9999 -9999 -9999 -9999 -9999 -9999 -9999 -9999 -9999 -9999 -9999 -9999 -9999 -9999 -9999 -9999 -9999 -9999 -9999 -9999 -9999 -9999 -9999 -9999 -9999 -9999 -9999 -9999
2823 2823 2823 2821 2811 2804 2798 2799 2801 2808 2812 2813 2815 2814 2814 2817 2818 2818 2817 2820 2821 2821 2820 2821 2816 2809 2811 2811 2804 2803 2809 2814 2812 2811 2809 2807 2813 2815 2811 2805 2802 2800 2799 2799 2799 2798 2799 2801 2800 -9999 -9999 -9999 -9999 -9999 -9999 -9999 -9999 -9999 -9999 -9999 -9999 -9999 -9999 -9999 -9999 -9999 -9999 -9999 -9999 -9999 -9999 -9999 -9999 -9999 -9999 -9999 -9999 -9999 -9999 -9999 -9999 -9999
2822 2819 2814 2809 2805 2802 2800 2803 2803 2810 2814 2815 2816 2817 2817 2818 2819 2819 2820 2821 2821 2820 2820 2822 2814 2811 2812 2814 2813 2809 2805 2806 2809 2806 2806 2804 2808 2815 2809 2809 2807 2805 2806 2807 2802 2801 2804 2806 2805 2804 2809 2805 -9999 -9999 -9999 -9999 -9999 -9999 -9999 -9999 -9999 -9999 -9999 -9999 -9999 -9999 -9999 -9999 -9999 -9999 -9999 -9999 -9999 -9999 -9999 -9999 -9999 -9999 -9999 -9999 -9999 -9999
2820 2813 2809 2813 2816 2815 2813 2807 2804 2815 2817 2814 2814 2809 2803 2806 2818 2819 2820 2820 2821 2821 2821 2822 2817 2817 2817 2814 2812 2809 2805 2808 2805 2801 2803 2804 2807 2816 2813 2813 2814 2811 2810 2811 2809 2811 2813 2813 2811 2811 2810 2806 2805 -9999 -9999 -9999 -9999 -9999 -9999 -9999 -9999 -9999 -9999 -9999 -9999 -9999 -9999 -9999 -9999 -9999 -9999 -9999 -9999 -9999 -9999 -9999 -9999 -9999 -9999 -9999 -9999 -9999
2823 2820 2820 2820 2818 2815 2814 2809 2811 2818 2817 2814 2815 2805 2802 2806 2816 2818 2820 2815 2817 2819 2821 2821 2820 2815 2808 2805 2802 2802 2804 2811 2809 2805 2807 2814 2814 2818 2815 2813 2810 2807 2811 2814 2813 2812 2808 2807 2809 2809 2804 2800 2797 2796 -9999 -9999 -9999 -9999 -9999 -9999 -9999 -9999 -9999 -9999 -9999 -9999 -9999 -9999 -9999 -9999 -9999 -9999 -9999 -9999 -9999 -9999 -9999 -9999 -9999 -9999 -9999 -9999
2823 2822 2822 2820 2816 2807 2801 2798 2804 2816 2819 2818 2817 2815 2813 2814 2820 2820 2817 2809 2807 2811 2815 2820 2818 2812 2806 2805 2808 2810 2811 2813 2811 2804 2808 2815 2818 2814 2811 2809 2806 2806 2808 2804 2809 2811 2804 2800 2799 2802 2802 2803 2800 2800 2802 -9999 -9999 -9999 -9999 -9999 -9999 -9999 -9999 -9999 -9999 -9999 -9999 -9999 -9999 -9999 -9999 -9999 -9999 -9999 -9999 -9999 -9999 -9999 -9999 -9999 -9999 -9999
2823 2822 2822 2821 2819 2815 2807 2802 2812 2816 2820 2819 2820 2820 2820 2821 2821 2817 2810 2809 2812 2818 2821 2821 2814 2809 2809 2812 2815 2817 2818 2818 2811 2802 2811 2816 2817 2812 2812 2812 2812 2811 2810 2808 2809 2809 2801 2797 2797 2804 2806 2802 2800 2802 2805 2802 2803 -9999 -9999 -9999 -9999 -9999 -9999 -9999 -9999 -9999 -9999 -9999 -9999 -9999 -9999 -9999 -9999 -9999 -9999 -9999 -9999 -9999 -9999 -9999 -9999 -9999
2823 2823 2822 2822 2820 2820 2819 2819 2820 2820 2820 2820 2820 2821 2821 2821 2819 2817 2817 2818 2820 2820 2818 2816 2813 2815 2816 2815 2816 2818 2819 2820 2819 2817 2815 2817 2817 2810 2807 2807 2810 2811 2810 2808 2804 2801 2802 2799 2798 2806 2808 2806 2805 2802 2806 2807 2807 2811 -9999 -9999 -9999 -9999 -9999 -9999 -9999 -9999 -9999 -9999 -9999 -9999 -9999 -9999 -9999 -9999 -9999 -9999 -9999 -9999 -9999 -9999 -9999 -9999
2823 2823 2822 2822 2821 2821 2821 2821 2821 2820 2820 2821 2821 2821 2821 2821 2821 2821 2821 2821 2819 2816 2812 2813 2814 2816 2817 2812 2807 2810 2818 2819 2821 2820 2817 2814 2815 2810 2809 2810 2810 2808 2807 2805 2800 2797 2801 2804 2806 2810 2813 2812 2810 2805 2805 2807 2810 2813 2808 -9999 -9999 -9999 -9999 -9999 -9999 -9999 -9999 -9999 -9999 -9999 -9999 -9999 -9999 -9999 -9999 -9999 -9999 -9999 -9999 -9999 -9999 -9999
2822 2822 2822 2822 2822 2822 2822 2821 2821 2821 2821 2821 2821 2821 2821 2821 2821 2819 2814 2808 2807 2809 2811 2811 2810 2813 2818 2814 2809 2815 2819 2821 2821 2819 2816 2815 2815 2814 2813 2811 2810 2809 2807 2805 2800 2800 2803 2807 2810 2812 2813 2813 2810 2809 2807 2806 2807 2811 2807 2807 -9999 -9999 -9999 -9999 -9999 -9999 -9999 -9999 -9999 -9999 -9999 -9999 -9999 -9999 -9999 -9999 -9999 -9999 -9999 -9999 -9999 -9999
2819 2818 2821 2822 2822 2822 2821 2821 2821 2821 2821 2821 2821 2821 2821 2821 2820 2811 2803 2803 2804 2806 2811 2813 2814 2817 2820 2820 2820 2820 2821 2821 2821 2821 2819 2813 2813 2812 2810 2811 2812 2811 2809 2809 2806 2804 2808 2810 2811 2813 2813 2811 2810 2809 2806 2807 2809 2813 2810 2810 2810 -9999 -9999 -9999 -9999 -9999 -9999 -9999 -9999 -9999 -9999 -9999 -9999 -9999 -9999 -9999 -9999 -9999 -9999 -9999 -9999 -9999
2803 2807 2816 2821 2821 2821 2821 2821 2821 2821 2821 2821 2820 2820 2821 2820 2820 2814 2807 2803 2803 2805 2807 2807 2807 2816 2819 2820 2820 2818 2816 2814 2816 2816 2813 2811 2811 2811 2811 2814 2813 2814 2813 2813 2812 2812 2812 2811 2811 2812 2814 2813 2814 2813 2812 2812 2814 2814 2813 2812 2812 2815 -9999 -9999 -9999 -9999 -9999 -9999 -9999 -9999 -9999 -9999 -9999 -9999 -9999 -9999 -9999 -9999 -9999 -9999 -9999 -9999
2792 2800 2813 2819 2821 2821 2821 2821 2821 2821 2821 2821 2820 2820 2820 2820 2816 2810 2804 2799 2797 2796 2801 2812 2816 2818 2819 2815 2817 2815 2809 2809 2811 2808 2808 2808 2809 2810 2811 2814 2814 2815 2814 2814 2814 2814 2812 2808 2809 2812 2814 2814 2815 2815 2815 2815 2816 2815 2814 2814 2813 2817 2819 -9999 -9999 -9999 -9999 -9999 -9999 -9999 -9999 -9999 -9999 -9999 -9999 -9999 -9999 -9999 -9999 -9999 -9999 -9999
2790 2799 2809 2818 2821 2821 2821 2821 2821 2821 2821 2820 2820 2820 2820 2820 2818 2813 2804 2796 2794 2798 2803 2810 2814 2814 2816 2810 2809 2806 2805 2806 2806 2804 2805 2806 2807 2809 2812 2814 2814 2815 2815 2814 2812 2812 2811 2811 2810 2811 2812 2813 2815 2816 2816 2816 2815 2814 2815 2814 2813 2817 2819 2819 -9999 -9999 -9999 -9999 -9999 -9999 -9999 -9999 -9999 -9999 -9999 -9999 -9999 -9999 -9999 -9999 -9999 -9999
2805 2812 2817 2820 2821 2821 2821 2821 2821 2821 2820 2820 2820 2820 2820 2820 2820 2818 2808 2800 2799 2797 2803 2812 2816 2819 2817 2810 2805 2803 2801 2803 2803 2804 2805 2806 2807 2808 2811 2814 2815 2815 2815 2814 2813 2813 2812 2812 2811 2813 2813 2815 2815 2816 2816 2816 2815 2815 2817 2816 2816 2819 2819 2817 2817 -9999 -9999 -9999 -9999 -9999 -9999 -9999 -9999 -9999 -9999 -9999 -9999 -9999 -9999 -9999 -9999 -9999
2818 2819 2820 2821 2821 2821 2821 2821 2821 2820 2820 2820 2820 2820 2820 2820 2820 2820 2814 2807 2799 2796 2804 2814 2818 2813 2807 2805 2804 2803 2801 2802 2804 2805 2805 2806 2807 2808 2810 2813 2815 2814 2813 2812 2810 2811 2811 2811 2813 2814 2815 2815 2815 2816 2816 2815 2815 2814 2817 2816 2818 2819 2818 2817 2815 2813 2817 -9999 -9999 -9999 -9999 -9999 -9999 -9999 -9999 -9999 -9999 -9999 -9999 -9999 -9999 -9999
2821 2821 2821 2821 2821 2821 2821 2821 2820 2820 2820 2820 2820 2820 2820 2820 2820 2820 2820 2818 2816 2816 2818 2818 2814 2810 2808 2805 2804 2803 2801 2802 2803 2804 2805 2806 2807 2809 2811 2812 2814 2814 2813 2810 2808 2809 2810 2812 2815 2815 2815 2815 2815 2816 2815 2815 2815 2814 2814 2814 2817 2820 2819 2819 2816 2812 2813 2818 -9999 -9999 -9999 -9999 -9999 -9999 -9999 -9999 -9999 -9999 -9999 -9999 -9999 -9999
2821 2821 2821 2821 2821 2821 2821 2820 2820 2820 2820 2820 2820 2820 2820 2820 2820 2820 2820 2820 2820 2820 2819 2817 2814 2813 2810 2807 2803 2801 2800 2801 2803 2805 2807 2808 2808 2809 2811 2812 2812 2814 2813 2812 2811 2812 2813 2815 2815 2814 2813 2814 2815 2815 2816 2816 2815 2815 2814 2814 2816 2819 2819 2818 2816 2814 2810 2817 2819 -9999 -9999 -9999 -9999 -9999 -9999 -9999 -9999 -9999 -9999 -9999 -9999 -9999
2822 2821 2821 2821 2821 2821 2821 2820 2820 2820 2820 2820 2820 2820 2820 2820 2820 2820 2820 2820 2820 2820 2818 2815 2816 2815 2813 2810 2804 2801 2802 2804 2806 2806 2807 2806 2807 2808 2809 2812 2814 2816 2817 2816 2816 2816 2816 2816 2814 2813 2813 2815 2815 2815 2815 2815 2814 2815 2814 2814 2817 2819 2819 2817 2815 2812 2811 2818 2819 2818 -9999 -9999 -9999 -9999 -9999 -9999 -9999 -9999 -9999 -9999 -9999 -9999
2822 2822 2821 2821 2821 2821 2821 2820 2820 2820 2820 2820 2820 2820 2819 2820 2819 2819 2819 2819 2819 2819 2819 2819 2819 2817 2813 2809 2805 2800 2796 2797 2800 2802 2805 2808 2810 2811 2813 2816 2818 2819 2818 2817 2816 2815 2815 2815 2815 2815 2815 2816 2816 2816 2815 2814 2814 2815 2814 2815 2818 2819 2819 2818 2816 2813 2815 2818 2819 2818 2818 -9999 -9999 -9999 -9999 -9999 -9999 -9999 -9999 -9999 -9999 -9999
2822 2822 2821 2821 2821 2821 2821 2820 2820 2820 2820 2820 2820 2820 2819 2819 2819 2819 2819 2819 2819 2819 2820 2820 2819 2818 2815 2812 2807 2800 2791 2792 2800 2801 2802 2807 2809 2813 2816 2819 2819 2818 2816 2817 2817 2816 2815 2816 2816 2816 2816 2817 2817 2816 2815 2815 2816 2814 2814 2816 2818 2819 2819 2818 2816 2814 2816 2818 2818 2818 2818 2818 -9999 -9999 -9999 -9999 -9999 -9999 -9999 -9999 -9999 -9999
2822 2822 2822 2821 2821 2821 2820 2820 2820 2820 2820 2820 2820 2819 2819 2819 2819 2819 2819 2819 2819 2819 2820 2820 2819 2818 2815 2809 2803 2796 2783 2786 2795 2797 2801 2809 2813 2815 2817 2819 2818 2817 2818 2819 2818 2818 2817 2817 2818 2817 2817 2816 2817 2817 2817 2817 2817 2817 2818 2818 2818 2818 2818 2818 2817 2817 2817 2818 2818 2818 2818 2818 2818 -9999 -9999 -9999 -9999 -9999 -9999 -9999 -9999 -9999
2822 2822 2821 2821 2821 2821 2820 2820 2820 2820 2820 2820 2820 2819 2819 2819 2819 2819 2819 2819 2819 2819 2819 2819 2819 2819 2818 2815 2812 2806 2796 2795 2798 2799 2799 2810 2816 2819 2818 2817 2819 2820 2819 2819 2817 2815 2815 2815 2815 2815 2814 2814 2815 2815 2815 2816 2815 2814 2812 2815 2817 2818 2818 2818 2818 2818 2818 2818 2818 2818 2818 2818 2818 2818 -9999 -9999 -9999 -9999 -9999 -9999 -9999 -9999
2822 2822 2821 2821 2821 2821 2820 2820 2820 2820 2820 2820 2820 2819 2819 2819 2819 2819 2819 2819 2819 2819 2819 2819 2819 2819 2820 2819 2817 2812 2806 2806 2806 2797 2800 2812 2817 2819 2818 2816 2815 2817 2818 2816 2815 2814 2814 2813 2812 2812 2812 2812 2812 2813 2813 2813 2812 2811 2810 2815 2817 2817 2817 2818 2818 2818 2818 2818 2818 2818 2818 2818 2818 2818 2817 2817 -9999 -9999 -9999 -9999 -9999 -9999
2822 2822 2821 2821 2821 2821 2820 2820 2820 2820 2820 2819 2819 2820 2819 2819 2819 2819 2819 2819 2819 2819 2819 2819 2819 2819 2819 2820 2818 2815 2813 2813 2809 2802 2805 2812 2816 2818 2818 2818 2817 2817 2816 2814 2814 2813 2812 2811 2810 2810 2809 2809 2810 2810 2810 2811 2813 2814 2814 2816 2817 2817 2817 2817 2817 2817 2817 2818 2818 2817 2817 2817 2817 2817 2817 2817 2817 -9999 -9999 -9999 -9999 -9999
2822 2822 2821 2821 2821 2821 2820 2820 2820 2820 2820 2820 2819 2819 2819 2819 2819 2819 2819 2819 2819 2819 2819 2819 2819 2819 2819 2819 2819 2819 2818 2818 2815 2811 2813 2815 2817 2812 2811 2813 2814 2814 2814 2813 2813 2812 2810 2809 2806 2805 2805 2805 2806 2806 2807 2808 2810 2813 2814 2816 2817 2817 2817 2817 2817 2816 2815 2817 2817 2817 2817 2817 2817 2817 2817 2817 2817 2816 -9999 -9999 -9999 -9999
2822 2822 2821 2821 2821 2821 2820 2820 2820 2820 2820 2819 2819 2819 2819 2819 2819 2819 2819 2819 2819 2819 2819 2819 2819 2819 2819 2819 2819 2819 2819 2819 2819 2817 2815 2813 2812 2809 2808 2811 2813 2813 2813 2813 2812 2810 2808 2805 2801 2798 2799 2800 2803 2804 2805 2807 2809 2811 2810 2813 2815 2816 2817 2817 2816 2812 2809 2815 2817 2817 2817 2817 2817 2817 2817 2817 2816 2816 2816 -9999 -9999 -9999
2822 2822 2822 2821 2821 2821 2820 2820 2820 2820 2820 2819 2819 2819 2819 2819 2819 2819 2819 2819 2819 2819 2819 2819 2819 2819 2819 2818 2819 2819 2819 2819 2818 2816 2815 2813 2812 2810 2808 2810 2812 2813 2813 2812 2810 2807 2803 2799 2794 2791 2792 2796 2799 2801 2801 2804 2807 2810 2809 2810 2813 2816 2816 2816 2816 2812 2809 2814 2817 2817 2817 2817 2817 2817 2817 2816 2816 2816 2816 2816 -9999 -9999
2822 2822 2822 2821 2821 2821 2821 2820 2820 2820 2820 2819 2819 2819 2819 2819 2819 2819 2819 2819 2819 2819 2819 2819 2819 2819 2819 2819 2819 2819 2819 2819 2819 2818 2818 2818 2816 2813 2811 2810 2813 2813 2813 2811 2808 2803 2798 2792 2788 2784 2787 2792 2796 2798 2799 2799 2803 2808 2809 2811 2815 2816 2815 2815 2815 2814 2815 2816 2816 2816 2817 2817 2817 2816 2816 2816 2816 2816 2816 2816 2816 2815
2823 2822 2822 2821 2821 2821 2821 2820 2820 2820 2820 2820 2819 2819 2819 2819 2819 2819 2819 2819 2819 2819 2819 2819 2819 2819 2819 2819 2819 2819 2819 2819 2818 2818 2819 2819 2818 2818 2816 2814 2814 2813 2812 2809 2805 2800 2793 2785 2778 2772 2781 2790 2794 2794 2796 2799 2805 2807 2808 2809 2813 2815 2815 2814 2814 2813 2814 2816 2816 2816 2816 2816 2816 2816 2816 2816 2816 2816 2816 2816 2816 2814
