Capas/PRESENTE/Eje_30s/ASC/bio_11.asc
ncols         993
nrows         433
xllcorner     -105.25566776747
yllcorner     17.599810932142
cellsize      0.0083333333
NODATA_value  -9999
[rows 180 to 215 of 433, columns 492 to 573 of 993]
2884 2881 2874 2868 2871 2878 2882 2876 2879 2882 2885 2883 2886 2884 2882 2884 2884 2882 2881 2878 2875 2870 2866 2861 2849 2839 2838 2850 2856 2857 2850 2840 2827 2829 2838 2847 2846 2843 2833 2828 2821 2814 2813 2822 2828 2838 2843 2849 2849 2853 2853 2851 2848 2847 2852 2854 2855 2858 2860 2862 2863 2864 2865 2866 2866 2867 2866 2863 2861 2863 2863 2865 2866 2866 2866 2865 2864 2866 2867 2864 2862 2861
2885 2883 2874 2870 2876 2882 2881 2877 2881 2883 2883 2883 2885 2886 2885 2883 2880 2882 2879 2876 2870 2863 2861 2858 2851 2846 2838 2849 2854 2856 2851 2842 2830 2826 2830 2841 2836 2833 2831 2830 2822 2813 2814 2829 2837 2841 2843 2838 2845 2851 2854 2853 2850 2852 2855 2856 2858 2860 2862 2861 2859 2861 2864 2866 2867 2867 2868 2867 2867 2867 2867 2867 2868 2868 2867 2867 2867 2869 2869 2868 2864 2862
2887 2885 2881 2878 2879 2880 2877 2876 2880 2883 2883 2884 2885 2885 2884 2880 2875 2877 2878 2873 2869 2865 2859 2852 2847 2841 2839 2845 2845 2852 2850 2842 2832 2833 2832 2834 2831 2824 2822 2825 2818 2812 2820 2828 2826 2827 2830 2835 2844 2852 2855 2855 2856 2857 2859 2859 2861 2862 2859 2859 2857 2859 2865 2867 2867 2867 2866 2865 2864 2866 2869 2869 2870 2870 2869 2868 2869 2870 2871 2869 2867 2865
2881 2876 2874 2869 2867 2872 2868 2866 2876 2878 2881 2882 2883 2882 2882 2877 2872 2870 2877 2873 2872 2868 2863 2858 2847 2845 2844 2834 2841 2847 2848 2849 2845 2843 2836 2836 2833 2831 2833 2824 2817 2815 2815 2818 2821 2828 2838 2844 2850 2854 2857 2857 2854 2859 2862 2863 2864 2863 2858 2863 2865 2867 2868 2867 2865 2863 2862 2857 2857 2865 2867 2869 2870 2871 2871 2870 2870 2871 2873 2872 2872 2866
2875 2877 2874 2872 2867 2869 2869 2865 2871 2873 2874 2873 2874 2875 2875 2876 2872 2871 2875 2870 2868 2866 2865 2859 2857 2849 2839 2840 2857 2851 2854 2857 2851 2850 2850 2849 2840 2845 2841 2828 2823 2824 2828 2827 2823 2830 2835 2845 2853 2856 2857 2854 2855 2860 2864 2864 2865 2865 2865 2866 2866 2866 2867 2866 2863 2860 2857 2850 2852 2856 2863 2867 2866 2866 2870 2872 2873 2873 2875 2875 2875 2871
2872 2873 2872 2870 2871 2872 2870 2865 2867 2868 2864 2868 2868 2868 2870 2872 2869 2869 2873 2872 2868 2863 2859 2857 2852 2849 2842 2848 2867 2858 2861 2861 2858 2858 2862 2853 2853 2854 2838 2823 2828 2837 2839 2837 2832 2832 2839 2849 2855 2848 2850 2852 2857 2862 2863 2862 2864 2865 2865 2862 2862 2859 2860 2862 2862 2862 2860 2855 2852 2852 2861 2864 2861 2862 2869 2871 2875 -9999 -9999 -9999 2876 2869
2871 2871 2874 2870 2870 2870 2866 2860 2861 2862 2853 2862 2865 2866 2866 2866 2868 2866 2869 2869 2865 2862 2860 2854 2858 2856 2857 2866 2878 2869 2867 2865 2864 2868 2862 2854 2860 2858 2847 2840 2846 2852 2844 2840 2843 2844 2849 2853 2850 2842 2842 2848 2851 2856 2856 2859 2860 2860 2861 2857 2855 2849 2853 2854 2851 2860 2865 2864 2862 2859 2859 2857 2857 2864 -9999 -9999 -9999 -9999 -9999 -9999 -9999 2874
2872 2872 2875 2873 2872 2866 2864 2859 2859 2861 2850 2852 2860 2861 2861 2858 2862 2861 2864 2864 2871 2873 2871 2867 2873 2875 2870 2872 2884 2887 2873 2866 2875 2872 2866 2856 2857 2868 2862 2853 2852 2866 2856 2846 2844 2849 2852 2845 2838 2838 2842 2844 2845 2846 2849 2849 2847 2852 2858 2851 2847 2845 2845 2842 2844 2860 2865 2862 2857 2849 2851 2852 2859 2861 -9999 -9999 -9999 -9999 -9999 -9999 -9999 -9999
2871 2870 2872 2871 2867 2863 2861 2856 2855 2852 2848 2849 2855 2854 2847 2851 2851 2863 2871 2875 2883 2884 2883 2878 2880 2885 2886 2883 2893 2897 2881 2878 2887 2880 2868 2859 2856 2870 2878 2866 2859 2875 2862 2861 2854 2848 2849 2840 2831 2835 2838 2840 2841 2843 2844 2843 2836 2838 2852 2844 2838 2839 2835 2838 2843 2856 2864 2858 2852 2840 2841 2849 2853 2854 -9999 -9999 -9999 -9999 -9999 -9999 -9999 -9999
2865 2869 2872 2867 2866 2862 2856 2851 2849 2853 2859 2864 2872 2874 2858 2857 2863 2877 2881 2887 2891 2889 2892 2887 2883 2888 2891 2893 2900 2904 2889 2898 2891 2871 2869 2859 2857 2866 2886 2884 2883 2888 2879 2869 2860 2851 2847 2838 2829 2829 2834 2839 2841 2839 2840 2846 2841 2841 2848 2843 2839 2835 2835 2847 2855 2860 2863 2859 2847 2838 2835 2844 2843 2846 -9999 -9999 -9999 -9999 -9999 -9999 -9999 -9999
2863 2866 2869 2870 2864 2859 2854 2846 2852 2865 2875 2879 2884 2881 2876 2880 2875 2883 2893 2897 2899 2898 2902 2895 2883 2885 2888 2893 2902 2910 2905 2909 2893 2881 2887 2875 2868 2873 2884 2898 2897 2886 2882 2878 2872 2858 2845 2830 2830 2834 2837 2838 2841 2843 2845 2847 2848 2847 2846 2846 2840 2834 2836 2841 2856 2864 2860 2857 2854 2845 2837 2836 2838 2832 -9999 -9999 -9999 -9999 -9999 -9999 -9999 -9999
2855 2861 2860 2864 2864 2859 2854 2855 2855 2871 2879 2886 2895 2895 2896 2898 2891 2891 2896 2900 2906 2910 2909 2901 2890 2881 2879 2883 2889 2906 2917 2907 2896 2891 2899 2895 2885 2887 2884 2896 2904 2895 2890 2882 2873 2861 2850 2834 2831 2831 2836 2838 2841 2843 2847 2848 2848 2845 2846 2847 2843 2837 2838 2837 2853 2862 2860 2852 2845 2845 2839 2836 2836 2828 -9999 -9999 -9999 -9999 -9999 -9999 -9999 -9999
2851 2856 2851 2856 2862 2859 2865 2859 2867 2876 2886 2892 2903 2899 2904 2909 2900 2899 2906 2911 2914 2917 2913 2907 2894 2883 2877 2879 2893 2908 2920 2913 2901 2902 2908 2907 2895 2900 2891 2903 2906 2896 2894 2886 2882 2873 2864 2843 2834 2828 2831 2838 2842 2845 2847 2848 2847 2845 2845 2847 2846 2842 2844 2847 2844 2855 2861 2849 2844 2842 2841 2848 2848 2841 -9999 -9999 -9999 -9999 -9999 -9999 -9999 -9999
2847 2850 2850 2854 2859 2868 2872 2867 2879 2886 2893 2900 2905 2911 2915 2913 2899 2901 2909 2909 2917 2921 2918 2909 2899 2889 2888 2892 2905 2918 2918 2908 2897 2899 2910 2917 2912 2909 2905 2915 2909 2905 2900 2892 2884 2879 2869 2857 2837 2835 2837 2838 2840 2842 2845 2843 2845 2847 2845 2843 2845 2844 2845 2850 2843 2852 2858 2853 2842 2842 2855 2857 2859 2858 -9999 -9999 -9999 -9999 -9999 -9999 -9999 -9999
2846 2847 2853 2858 2866 2873 2879 2878 2886 2896 2899 2902 2905 2906 2905 2913 2913 2903 2908 2913 2918 2921 2914 2912 2906 2895 2902 2906 2908 2922 2905 2899 2902 2906 2908 2915 2920 2918 2915 2909 2904 2901 2903 2898 2894 2885 2875 2855 2839 2837 2839 2841 2842 2843 2842 2842 2843 2842 2843 2842 2844 2846 2848 2850 2851 2853 2853 2848 2834 2834 2849 2858 2866 2870 -9999 -9999 -9999 -9999 -9999 -9999 -9999 -9999
2847 2847 2850 2855 2865 2866 2878 2889 2896 2897 2904 2907 2898 2896 2900 2909 2918 2909 2911 2920 2924 2922 2918 2913 2905 2896 2886 2896 2915 2925 2915 2898 2899 2910 2908 2916 2921 2919 2903 2896 2890 2893 2894 2891 2893 2889 2881 2870 2852 2838 2838 2838 2839 2840 2841 2841 2842 2843 2842 2842 2838 2838 2841 2845 2848 2853 2852 2846 2840 2835 2843 2854 2862 2871 -9999 -9999 -9999 -9999 -9999 -9999 -9999 -9999
2843 2848 2849 2852 2853 2867 2884 2891 2897 2898 2904 2910 2901 2894 2894 2902 2915 2920 2923 2919 2927 2921 2918 2910 2901 2889 2890 2904 2915 2922 2927 2913 2897 2907 2916 2912 2920 2923 2912 2898 2886 2891 2886 2882 2882 2883 2880 2873 2865 2851 2847 2840 2838 2837 2837 2838 2840 2842 2840 2839 2835 2830 2833 2844 2850 2854 2854 2848 2839 2840 2847 2860 2867 2872 -9999 -9999 -9999 -9999 -9999 -9999 -9999 -9999
2846 2850 2851 2850 2855 2878 2886 2890 2894 2899 2906 2913 2914 2907 2906 2898 2904 2903 2914 2925 2922 2913 2912 2906 2894 2892 2893 2908 2919 -9999 2927 2927 2909 2902 2918 2920 2922 2923 2911 2898 2898 2891 2879 2876 2877 2879 2877 2874 2867 2859 2859 2852 2841 2838 2840 2839 2840 2839 2836 2836 2835 2830 2832 2842 2844 2852 2855 2850 2845 2845 2845 2861 2871 2877 -9999 -9999 -9999 -9999 -9999 -9999 -9999 -9999
2849 2848 2848 2854 2871 2879 2884 2887 2890 2897 2899 2905 2915 2917 2915 2903 2902 2896 2913 2928 2920 2907 2901 2904 2902 2895 2891 2908 2922 -9999 -9999 -9999 -9999 2899 2914 2926 2926 2920 2905 2911 2903 2890 2877 2872 2870 2873 2871 2871 2867 2864 2862 2856 2843 2840 2841 2842 2842 2838 2832 2836 2840 2837 2836 2842 2848 2853 2854 2854 2850 2843 2843 2858 2868 2877 -9999 -9999 -9999 -9999 -9999 -9999 -9999 -9999
2851 2848 2852 2861 2870 2875 2876 2876 2887 2893 2885 2895 2898 2911 2921 2919 2921 2912 2913 2929 2918 2908 2906 2915 2917 2905 2897 2910 -9999 -9999 -9999 -9999 -9999 2901 2910 2928 2933 2920 2920 2906 2894 2886 2877 2870 2869 2868 2868 2870 2866 2867 2864 2856 2846 2843 2842 2845 2846 2843 2839 2839 2842 2843 2842 2845 2847 2848 2853 2855 2851 2848 2853 2863 2870 2875 -9999 -9999 -9999 -9999 -9999 -9999 -9999 -9999
2853 2850 2851 2858 2870 2870 2867 2872 2872 2877 2874 2885 2895 2905 2917 2923 2926 2921 2928 2929 2926 2913 2920 2924 2915 2900 2895 2910 -9999 -9999 -9999 -9999 -9999 -9999 2906 2925 2935 2928 2910 2909 2901 2887 2870 2867 2870 2868 2869 2871 2869 2869 2865 2859 2847 2845 2844 2847 2848 2842 2842 2843 2845 2845 2845 2848 2848 2849 2854 2855 2852 2845 2856 2865 2870 2874 -9999 -9999 -9999 -9999 -9999 -9999 -9999 -9999
2853 2847 2852 2866 2874 2875 2876 2875 2872 2866 2882 2894 2904 2910 2907 2912 2922 2926 2925 2927 2931 2925 2925 2919 2913 2902 2901 -9999 -9999 -9999 -9999 -9999 -9999 -9999 2908 2921 2937 2928 2916 2904 2895 2881 2871 2870 2870 2866 2871 2872 2871 2870 2867 2857 2848 2848 2849 2851 2847 2841 2841 2843 2845 2846 2848 2849 2850 2852 2854 2853 2848 2844 2857 2862 2864 2865 -9999 -9999 -9999 -9999 -9999 -9999 -9999 -9999
2852 2859 2861 2868 2874 2874 2876 2878 2877 2868 2871 2885 2886 2888 2893 2893 2907 2914 2905 2911 2917 2929 2929 2928 2916 2911 2913 -9999 -9999 -9999 -9999 -9999 -9999 -9999 2918 2917 2936 2931 2919 2914 2902 2891 2872 2872 2872 2869 2872 2874 2872 2870 2866 2863 2859 2857 2851 2854 2848 2842 2839 2841 2845 2847 2848 2850 2851 2852 2851 2850 2842 2846 2857 2861 2859 2852 -9999 -9999 -9999 -9999 -9999 -9999 -9999 -9999
2866 2871 2875 2872 2869 2868 2869 2871 2877 2876 2867 2867 2867 2873 2872 2872 2885 2891 2894 2911 2924 2928 2937 2932 2927 2925 2926 -9999 -9999 -9999 -9999 -9999 -9999 -9999 2930 2924 2936 2928 2910 2912 2903 2894 2873 2869 2872 2868 2873 2875 2873 2868 2872 2866 2858 2854 2853 2856 2848 2838 2843 2841 2843 2845 2846 2844 2847 2849 2846 2847 2848 2850 2855 2862 2863 -9999 -9999 -9999 -9999 -9999 -9999 -9999 -9999 -9999
2882 2880 2883 2879 2874 2875 2874 2876 2881 2875 2865 2865 2872 2874 2873 2871 2873 2888 2904 2913 2915 2921 2928 2936 2941 2941 2937 -9999 -9999 -9999 -9999 -9999 -9999 -9999 2940 2939 2938 2925 2906 2905 2899 2885 2873 2873 2871 2870 2876 2874 2876 2875 2877 2863 2852 2850 2854 2858 2851 2845 2851 2853 2845 2847 2849 2851 2854 2857 2851 2855 2858 2858 2857 2865 2871 -9999 -9999 -9999 -9999 -9999 -9999 -9999 -9999 -9999
2885 2892 2890 2887 2880 2879 2880 2881 2882 2877 2871 2868 2871 2878 2873 2870 2871 2884 2892 2904 2904 2911 2923 2931 2939 2936 -9999 -9999 -9999 -9999 -9999 -9999 -9999 -9999 -9999 2926 2927 2923 2911 2893 2887 2875 2871 2877 2876 2876 2875 2876 2883 2884 2873 2854 2849 2848 2854 2860 2858 2853 2855 2862 2859 2857 2865 2860 2856 2867 2864 2857 2864 2866 2865 2859 2874 -9999 -9999 -9999 -9999 -9999 -9999 -9999 -9999 -9999
2887 2891 2894 2892 2884 2881 2881 2881 2881 2880 2872 2871 2873 2878 2873 2869 2867 2869 2883 2896 2913 2927 2928 2933 2935 2923 -9999 -9999 -9999 -9999 -9999 -9999 -9999 -9999 -9999 2911 2900 2904 2897 2890 2889 2882 2873 2880 2881 2872 2879 2881 2883 2884 2872 2866 2857 2850 2847 2853 2860 2851 2854 2867 2870 2865 2871 2869 2862 2873 2866 2854 2861 2868 2874 2868 2878 -9999 -9999 -9999 -9999 -9999 -9999 -9999 -9999 -9999
2892 2893 2896 2897 2891 2884 2877 2878 2878 2883 2876 2875 2881 2877 2871 2872 2866 2866 2886 2905 2915 2919 2915 2930 2923 2920 -9999 -9999 -9999 -9999 -9999 -9999 -9999 -9999 -9999 2907 2888 2898 2893 2896 2891 2880 2871 2879 2886 2874 2879 2884 2888 2885 2875 2873 2860 2847 2843 2858 2859 2852 2857 2870 2880 2877 2877 2873 2877 2873 2868 2860 2866 2876 2883 2884 2884 -9999 -9999 -9999 -9999 -9999 -9999 -9999 -9999 -9999
2891 2894 2898 2899 2886 2878 2879 2875 2878 2874 2881 2885 2886 2873 2866 2866 2862 2863 2879 2890 2898 2897 2906 2922 2917 2907 -9999 -9999 -9999 -9999 -9999 -9999 -9999 -9999 -9999 2920 2899 2903 2913 2910 2893 2878 2882 2887 2881 2874 2880 2886 2890 2883 2880 2877 2868 2859 2850 2854 2866 2864 2869 2877 2885 2888 2887 2887 2882 2880 2873 2864 2859 2873 2885 2892 2894 -9999 -9999 -9999 -9999 -9999 -9999 -9999 -9999 -9999
2897 2894 2892 2901 2885 2889 2890 2875 2875 2872 2879 2887 2885 2877 2878 2870 2865 2864 2869 2877 2882 2889 2907 2913 2908 2904 -9999 -9999 -9999 -9999 -9999 -9999 -9999 -9999 -9999 -9999 2911 2916 2926 2917 2900 2893 2890 2894 2886 2882 2881 2892 2891 2886 2885 2881 2876 2867 2856 2851 2860 2869 2875 2877 2872 2880 2892 2890 2886 2885 2881 2868 2867 2867 2879 2887 2899 -9999 -9999 -9999 -9999 -9999 -9999 -9999 -9999 -9999
2897 2896 2896 2904 2897 2901 2894 2880 2882 2881 2883 2892 2889 2885 2877 2874 2872 2871 2870 2876 2875 2878 2893 2896 2896 2909 -9999 -9999 -9999 -9999 -9999 -9999 -9999 -9999 -9999 -9999 2923 2925 2935 2927 2915 2904 2894 2899 2889 2888 2886 2894 2888 2881 2878 2870 2866 2862 2851 2843 2849 2860 2860 2861 2857 2870 2883 2896 2898 2898 2884 2879 2880 2869 2873 2880 2889 -9999 -9999 -9999 -9999 -9999 -9999 -9999 -9999 -9999
2897 2901 2902 2906 2906 2902 2893 2878 2878 2887 2897 2889 2880 2883 2879 2874 2873 2875 2872 2877 2895 2899 2905 2910 2908 2922 -9999 -9999 -9999 -9999 -9999 -9999 -9999 -9999 -9999 -9999 2930 2938 2939 2925 2913 2893 2892 2899 2898 2893 2897 2889 2884 2881 2875 2872 2868 2861 2852 2847 2841 2843 2844 2848 2859 2871 2882 2887 2894 2904 2902 2895 2889 2879 2877 2879 2885 -9999 -9999 -9999 -9999 -9999 -9999 -9999 -9999 -9999
2895 2901 2901 2899 2908 2901 2893 2881 2883 2893 2897 2890 2888 2887 2882 2878 2877 2876 2874 2876 2894 2910 2919 2922 2917 2920 -9999 -9999 -9999 -9999 -9999 -9999 -9999 -9999 -9999 -9999 2940 2942 2932 2922 2911 2894 2893 2901 2902 2899 2893 2890 2887 2876 2874 2876 2876 2873 2869 2861 2848 2836 2836 2845 2851 2863 2871 2873 2888 2896 2902 2911 2895 2890 2885 2880 2887 -9999 -9999 -9999 -9999 -9999 -9999 -9999 -9999 -9999
2898 2900 2903 2905 2910 2900 2889 2896 2899 2901 2899 2889 2882 2883 2880 2879 2878 2875 2871 2878 2891 2909 2918 2929 2929 2923 -9999 -9999 -9999 -9999 -9999 -9999 -9999 -9999 -9999 -9999 -9999 2934 2923 2922 2912 2894 2893 2903 2902 2894 2891 2884 2883 2875 2884 2890 2889 2882 2875 2858 2845 2840 2843 2863 2867 2863 2860 2868 2878 2887 2899 2912 2911 2903 2889 2883 -9999 -9999 -9999 -9999 -9999 -9999 -9999 -9999 -9999 -9999
2899 2897 2897 2902 2912 2907 2903 2911 2906 2901 2893 2884 2873 2878 2876 2877 2875 2870 2876 2893 2901 2906 2919 2927 2934 -9999 -9999 -9999 -9999 -9999 -9999 -9999 -9999 -9999 -9999 -9999 -9999 2927 2921 2931 2919 2905 2894 2904 2906 2900 2890 2891 2887 2884 2894 2900 2894 2880 2869 2864 2849 2849 2850 2864 2880 2881 2871 2864 2873 2886 2896 2907 2915 2917 2896 2892 -9999 -9999 -9999 -9999 -9999 -9999 -9999 -9999 -9999 -9999
2904 2899 2896 2897 2911 2917 2915 2906 2892 2882 2892 2890 2881 2878 2877 2874 2873 2870 2876 2892 2902 2914 2921 2927 2936 -9999 -9999 -9999 -9999 -9999 -9999 -9999 -9999 -9999 -9999 -9999 -9999 -9999 2929 2938 2929 2913 2903 2903 2904 2907 2901 2898 2894 2894 2897 2902 2893 2889 2883 2868 2860 2860 2860 2862 2879 2893 2877 2866 2881 2892 2898 2908 2917 2923 2911 -9999 -9999 -9999 -9999 -9999 -9999 -9999 -9999 -9999 -9999 -9999
