Capas/PRESENTE/Eje_30s/ASC/bio_16.asc
ncols         993
nrows         433
xllcorner     -105.25566776747
yllcorner     17.599810932142
cellsize      0.0083333333
NODATA_value  -9999
[rows 180 to 215 of 433, columns 410 to 491 of 993]
8221 8226 8197 8148 8098 8050 8007 7971 7928 7870 7788 7696 7607 7528 7459 7390 7307 7215 7118 7016 6908 6789 6660 6520 6362 6191 6027 5897 5818 5793 5816 5871 5946 6035 6105 6177 6256 6320 6398 6479 6577 6708 6763 6796 6802 6777 6734 6686 6585 6408 6214 6007 5827 5655 5476 5295 5116 4952 4770 4618 4519 4421 4343 4279 4257 4263 4283 4309 4334 4353 4349 4334 4302 4278 4268 4265 4277 4310 4359 4424 4520 4655
8234 8250 8224 8178 8137 8103 8076 8050 8015 7962 7881 7787 7691 7610 7542 7476 7401 7320 7228 7124 7008 6871 6715 6539 6346 6145 5951 5794 5692 5645 5643 5674 5731 5802 5867 5931 5997 6067 6160 6254 6365 6480 6593 6664 6720 6750 6739 6703 6616 6466 6276 6010 5818 5707 5518 5326 5141 4951 4765 4630 4525 4408 4298 4211 4146 4122 4107 4086 4070 4067 4075 4082 4085 4095 4121 4155 4201 4260 4335 4425 4536 4679
8247 8266 8248 8212 8179 8156 8138 8123 8098 8046 7961 7858 7757 7675 7608 7548 7487 7417 7336 7235 7110 6954 6768 6555 6325 6089 5862 5636 5502 5471 5480 5495 5533 5587 5641 5694 5756 5825 5910 6019 6143 6266 6411 6549 6638 6706 6737 6728 6655 6519 6332 6095 5859 5721 5561 5370 5158 4985 4837 4687 4539 4408 4264 4133 4043 3988 3943 3902 3879 3875 3886 3905 3931 3968 4019 4088 4169 4265 4371 4486 4618 4769
8263 8292 8283 8260 8243 8231 8220 8209 8182 8126 8031 7918 7809 7723 7657 7603 7559 7510 7442 7347 7217 7046 6831 6566 6289 6004 5737 5518 5369 5299 5288 5315 5372 5412 5441 5478 5532 5598 5692 5798 5929 6070 6229 6415 6544 6639 6713 6732 6684 6563 6389 6196 5937 5721 5543 5375 5215 5072 4945 4786 4612 4454 4303 4166 4053 3964 3890 3833 3802 3795 3802 3821 3856 3911 3984 4084 4208 4355 4509 4657 4818 4987
8292 8332 8336 8325 8318 8316 8313 8301 8268 8200 8094 7971 7852 7759 7691 7641 7613 7581 7526 7440 7309 7126 6890 6574 6249 5938 5666 5453 5309 5226 5192 5198 5227 5244 5252 5279 5322 5378 5477 5615 5742 5884 6042 6223 6394 6544 6663 6711 6685 6588 6425 6253 6026 5821 5660 5526 5387 5235 5098 4952 4775 4599 4436 4288 4157 4040 3939 3861 3815 3797 3795 3812 3853 3919 4013 4143 4308 4495 4657 4823 4995 5169
8335 8385 8394 8389 8390 8397 8399 8386 8345 8268 8154 8020 7892 7789 7714 7666 7640 7610 7562 7483 7355 7171 6924 6603 6255 5931 5655 5446 5310 5232 5193 5179 5179 5178 5175 5181 5203 5247 5341 5484 5591 5724 5884 6066 6253 6420 6560 6641 6645 6571 6442 6288 6127 5995 5849 5716 5581 5445 5310 5178 5009 4801 4613 4449 4306 4173 4049 3949 3882 3849 3843 3862 3911 3994 4110 4265 4454 4630 4808 4988 5166 5346
8396 8445 8452 8447 8452 8461 8465 8451 8409 8330 8212 8069 7928 7810 7721 7659 7621 7581 7527 7458 7340 7162 6917 6580 6231 5927 5670 5478 5359 5297 5266 5249 5237 5224 5208 5194 5188 5212 5299 5419 5505 5619 5762 5935 6119 6295 6453 6563 6600 6551 6443 6319 6209 6103 5989 5876 5767 5649 5525 5394 5243 5037 4825 4636 4471 4319 4179 4067 3989 3950 3941 3969 4034 4133 4264 4426 4614 4794 4982 5168 5353 5526
8474 8507 8504 8492 8495 8498 8501 8497 8460 8383 8262 8109 7952 7808 7688 7602 7547 7500 7446 7372 7259 7089 6860 6495 6173 5912 5696 5546 5471 5435 5405 5386 5370 5350 5325 5296 5264 5255 5319 5408 5470 5560 5681 5831 6002 6175 6333 6465 6535 6506 6420 6321 6238 6166 6094 6017 5939 5854 5738 5606 5458 5290 5075 4856 4660 4485 4339 4226 4147 4103 4101 4137 4206 4308 4448 4614 4787 4977 5173 5361 5545 5708
8558 8563 8538 8509 8501 8508 8521 8520 8491 8421 8294 8129 7951 7771 7603 7491 7410 7349 7288 7212 7109 6956 6702 6370 6108 5900 5756 5709 5708 5698 5639 5585 5569 5570 5561 5514 5430 5369 5394 5442 5475 5539 5637 5761 5907 6062 6211 6336 6411 6405 6350 6281 6227 6186 6158 6118 6070 6017 5920 5798 5658 5492 5301 5110 4898 4702 4550 4441 4351 4294 4299 4335 4394 4492 4626 4791 4970 5165 5366 5558 5733 5888
8644 8612 8550 8495 8473 8484 8507 8521 8507 8439 8305 8119 7912 7701 7495 7339 7214 7127 7056 6979 6886 6740 6457 6220 6030 5920 5906 5843 5830 5864 5904 5858 5860 5882 5828 5758 5682 5558 5540 5508 5512 5549 5622 5722 5840 5969 6100 6205 6258 6264 6234 6195 6171 6160 6167 6167 6145 6116 6027 5927 5820 5660 5467 5269 5078 4905 4749 4623 4521 4446 4432 4458 4520 4628 4772 4947 5138 5347 5560 5732 5923 6066
8738 8660 8560 8477 8432 8441 8474 8497 8498 8437 8300 8097 7864 7615 7368 7154 6991 6871 6779 6699 6617 6415 6218 6057 5937 5946 5896 5888 5925 5998 6065 6103 6099 6063 6001 5920 5826 5727 5639 5575 5554 5565 5612 5689 5787 5885 5987 6066 6098 6100 6090 6068 6064 6072 6089 6110 6130 6127 6057 5994 5921 5765 5563 5366 5178 5005 4846 4702 4593 4520 4501 4537 4610 4728 4888 5082 5285 5495 5703 5874 6065 6224
8851 8737 8600 8483 8418 8410 8439 8468 8471 8412 8276 8064 7805 7518 7229 6971 6772 6619 6505 6416 6309 6147 6012 5896 5828 5877 5863 5898 5963 6054 6142 6190 6192 6155 6089 6004 5902 5794 5690 5611 5570 5565 5591 5644 5716 5787 5856 5905 5931 5921 5910 5900 5905 5924 5948 5975 6011 6035 6016 5978 5919 5779 5595 5409 5230 5063 4891 4722 4616 4565 4574 4595 4671 4804 4973 5178 5382 5579 5788 5991 6165 6334
8992 8851 8687 8536 8445 8411 8403 8421 8423 8365 8223 8013 7743 7423 7086 6797 6570 6402 6274 6164 6045 5931 5830 5742 5709 5770 5777 5836 5924 6016 6100 6146 6151 6119 6057 5974 5874 5769 5670 5590 5542 5529 5542 5578 5626 5674 5713 5729 5733 5720 5704 5696 5701 5726 5763 5808 5852 5897 5906 5884 5834 5722 5568 5404 5240 5083 4899 4742 4646 4609 4596 4616 4688 4820 4997 5201 5401 5613 5826 6038 6242 6433
9131 8973 8786 8608 8486 8407 8352 8345 8355 8308 8171 7961 7694 7347 6970 6644 6388 6198 6051 5940 5844 5761 5683 5614 5590 5662 5682 5738 5821 5905 5975 6010 6009 5984 5933 5860 5772 5680 5599 5519 5487 5469 5478 5504 5535 5563 5579 5574 5557 5525 5498 5481 5484 5512 5560 5620 5683 5734 5765 5760 5714 5621 5498 5336 5175 5027 4884 4763 4669 4617 4604 4616 4683 4818 5000 5192 5393 5614 5834 6052 6275 6480
9234 9063 8857 8658 8509 8400 8327 8297 8293 8246 8125 7928 7669 7319 6931 6591 6322 6111 5946 5826 5735 5659 5588 5531 5505 5548 5594 5637 5694 5762 5811 5837 5839 5814 5733 5637 5607 5571 5510 5422 5410 5415 5418 5437 5461 5478 5464 5428 5400 5360 5326 5294 5290 5316 5363 5426 5494 5554 5591 5604 5574 5496 5381 5223 5084 4958 4845 4746 4659 4598 4589 4623 4687 4803 4966 5158 5369 5594 5826 6055 6280 6499
9269 9088 8873 8665 8498 8379 8302 8267 8251 8205 8096 7921 7685 7334 6974 6644 6370 6144 5965 5831 5725 5639 5560 5506 5475 5484 5513 5550 5574 5588 5617 5637 5616 5573 5515 5456 5413 5385 5358 5336 5346 5368 5362 5379 5429 5436 5395 5322 5273 5223 5173 5152 5150 5162 5197 5250 5313 5372 5412 5426 5411 5352 5245 5105 4990 4891 4802 4729 4673 4634 4628 4648 4703 4807 4956 5141 5347 5577 5816 6051 6285 6515
9221 9040 8826 8623 8461 8345 8269 8226 8196 8171 8084 7937 7726 7393 7083 6782 6500 6258 6068 5919 5792 5684 5588 5518 5474 5460 5455 5449 5445 5451 5470 5492 5484 5437 5392 5356 5326 5311 5308 5312 5327 5346 5368 5421 5444 5450 5429 5318 5238 5175 5106 5061 5064 5080 5089 5120 5163 5207 5240 5252 5238 5202 5086 4982 4903 4837 4784 4750 4727 4720 4705 4711 4752 4844 4969 5135 5336 5571 5811 6052 6308 6555
9083 8916 8716 8542 8408 8313 8248 8200 8188 8170 8101 7972 7799 7500 7256 6997 6713 6444 6224 6055 5908 5776 5663 5570 5505 5466 5440 5418 5407 5406 5418 5444 5448 5398 5355 5340 5346 5377 5399 5399 5406 5437 5456 5480 5500 5503 5479 5370 5274 5218 5174 5123 5063 5026 5026 5051 5064 5085 5099 5102 5091 5005 4930 4879 4848 4828 4813 4804 4794 4801 4797 4805 4837 4904 5019 5158 5347 5577 5810 6064 6323 6568
8869 8724 8563 8425 8341 8291 8260 8243 8242 8220 8154 8040 7890 7650 7443 7193 6941 6656 6404 6211 6049 5904 5778 5675 5597 5541 5501 5479 5474 5470 5462 5465 5460 5426 5414 5434 5472 5508 5518 5529 5539 5551 5566 5584 5600 5601 5574 5458 5382 5368 5342 5273 5203 5079 5009 4988 4995 5021 5018 4976 4918 4863 4829 4828 4867 4905 4908 4916 4910 4922 4926 4932 4954 5004 5088 5215 5374 5577 5816 6061 6313 6566
8608 8489 8378 8301 8272 8272 8289 8306 8308 8288 8227 8126 7984 7801 7587 7362 7133 6846 6588 6389 6223 6072 5942 5835 5754 5692 5650 5654 5690 5683 5625 5580 5556 5543 5566 5613 5652 5677 5695 5708 5723 5727 5732 5737 5738 5730 5688 5593 5572 5564 5506 5439 5360 5212 5083 5018 4977 4952 4923 4880 4835 4798 4788 4843 4898 4931 4963 5006 5041 5071 5086 5084 5096 5118 5168 5264 5403 5587 5810 6049 6290 6550
8308 8222 8162 8152 8181 8251 8319 8363 8371 8355 8286 8209 8082 7912 7722 7523 7315 7023 6790 6611 6455 6311 6175 6065 5985 5920 5883 5921 5897 5885 5884 5814 5781 5779 5811 5872 5916 5926 5920 5924 5946 5966 5950 5934 5917 5866 5817 5813 5799 5752 5698 5633 5546 5381 5232 5141 5069 5009 4952 4892 4837 4793 4788 4872 4904 4966 5023 5094 5159 5212 5232 5236 5237 5238 5260 5325 5438 5603 5801 6021 6261 6510
7997 7945 7933 7975 8065 8212 8341 8426 8455 8454 8390 8297 8173 8015 7845 7674 7443 7189 7006 6878 6764 6639 6514 6409 6322 6243 6196 6222 6183 6162 6163 6155 6135 6152 6205 6253 6286 6314 6331 6309 6276 6237 6216 6171 6078 6027 6030 6029 6003 5962 5908 5846 5758 5611 5448 5343 5258 5175 5088 4991 4907 4839 4815 4886 4918 4993 5079 5164 5254 5321 5348 5360 5360 5348 5347 5390 5476 5610 5784 5992 6211 6436
7703 7692 7725 7829 7999 8198 8379 8499 8560 8566 8509 8403 8271 8138 7986 7777 7550 7374 7257 7182 7101 6990 6893 6807 6731 6666 6588 6550 6513 6487 6476 6486 6504 6537 6578 6630 6674 6703 6721 6701 6654 6587 6502 6403 6302 6257 6268 6242 6217 6185 6131 6065 5978 5879 5723 5612 5521 5429 5316 5168 5032 4927 4876 4928 4947 5008 5101 5205 5302 5383 5433 5456 5456 5439 5429 5446 5509 5619 5771 5946 6132 6345
7475 7484 7566 7716 7946 8206 8437 8595 8682 8691 8636 8533 8404 8267 8068 7893 7747 7647 7586 7494 7397 7308 7225 7132 7055 7003 6947 6893 6851 6821 6802 6815 6851 6884 6937 6998 7049 7071 7078 7064 6999 6909 6806 6702 6587 6536 6506 6469 6440 6407 6359 6291 6203 6101 5987 5877 5769 5658 5544 5410 5212 5046 4959 4988 4977 5018 5105 5211 5323 5426 5494 5542 5550 5531 5511 5513 5553 5630 5742 5880 6023 6190
7328 7360 7460 7648 7935 8256 8526 8719 8833 8849 8787 8676 8542 8387 8240 8108 7994 7892 7805 7738 7684 7622 7556 7484 7418 7350 7282 7216 7169 7136 7122 7134 7172 7213 7262 7314 7383 7391 7405 7383 7308 7202 7087 6977 6881 6803 6748 6707 6672 6638 6590 6517 6424 6318 6205 6087 5968 5852 5724 5577 5410 5179 5045 5010 5013 5032 5098 5201 5329 5449 5541 5605 5633 5625 5601 5594 5605 5643 5698 5765 5877 5996
7244 7305 7423 7644 7964 8323 8645 8868 8985 8996 8924 8805 8659 8499 8341 8218 8120 8037 7978 7935 7920 7895 7846 7777 7713 7649 7580 7504 7456 7418 7404 7415 7444 7491 7550 7608 7663 7684 7683 7652 7573 7465 7345 7232 7132 7050 6987 6938 6901 6862 6814 6738 6642 6536 6415 6288 6162 6037 5904 5746 5568 5323 5151 5068 5066 5062 5106 5207 5343 5473 5587 5659 5706 5714 5693 5669 5648 5636 5627 5642 5719 5805
7214 7300 7443 7679 8018 8390 8738 8986 9097 9118 9056 8916 8739 8563 8391 8269 8179 8119 8086 8085 8103 8113 8081 8019 7975 7910 7826 7749 7690 7646 7623 7628 7650 7692 7750 7810 7860 7898 7907 7876 7802 7700 7586 7471 7366 7278 7207 7148 7104 7063 7015 6940 6849 6737 6611 6480 6346 6207 6071 5897 5709 5466 5293 5186 5135 5122 5151 5240 5370 5509 5634 5720 5775 5793 5768 5723 5659 5594 5528 5516 5554 5596
7229 7321 7468 7700 8038 8422 8781 9054 9200 9220 9141 8970 8750 8549 8369 8235 8142 8114 8101 8139 8202 8239 8233 8193 8163 8099 8012 7940 7865 7809 7777 7768 7773 7805 7854 7916 7978 8034 8063 8058 8003 7915 7808 7691 7579 7477 7393 7323 7270 7226 7182 7116 7026 6915 6795 6664 6527 6373 6209 6035 5823 5622 5475 5382 5280 5225 5235 5310 5425 5563 5681 5773 5834 5848 5804 5724 5612 5516 5417 5360 5390 5412
7270 7358 7493 7720 8042 8427 8792 9070 9229 9250 9141 8955 8716 8495 8309 8165 8078 8046 8054 8113 8198 8273 8300 8299 8276 8212 8135 8065 7982 7915 7869 7836 7824 7835 7880 7947 8030 8114 8174 8192 8165 8099 8003 7890 7767 7650 7552 7471 7409 7364 7319 7263 7181 7082 6964 6835 6694 6538 6373 6194 5982 5799 5674 5542 5440 5369 5355 5405 5507 5620 5727 5812 5872 5867 5796 5668 5531 5392 5269 5218 5237 5257
7322 7408 7533 7745 8052 8405 8749 9014 9170 9188 9077 8875 8642 8409 8208 8052 7964 7924 7935 8005 8126 8240 8303 8318 8308 8261 8188 8109 8013 7929 7879 7837 7818 7823 7859 7936 8043 8153 8231 8274 8275 8237 8160 8059 7937 7811 7703 7615 7545 7495 7455 7407 7333 7240 7130 7002 6862 6708 6543 6363 6189 6005 5851 5713 5613 5521 5480 5502 5571 5649 5739 5816 5855 5827 5727 5592 5399 5239 5132 5095 5119 5148
7381 7467 7587 7783 8055 8364 8659 8892 9024 9031 8922 8713 8455 8263 8081 7932 7848 7801 7805 7875 8033 8168 8261 8301 8284 8252 8171 8079 7979 7891 7822 7782 7773 7795 7851 7946 8059 8165 8242 8295 8324 8323 8281 8201 8088 7968 7858 7769 7698 7640 7598 7549 7469 7377 7267 7147 7020 6875 6713 6542 6372 6200 6035 5888 5764 5670 5595 5579 5602 5636 5690 5764 5782 5722 5616 5464 5269 5115 5013 4992 5039 5099
7447 7535 7646 7821 8050 8305 8545 8729 8834 8830 8731 8520 8288 8104 7977 7840 7753 7717 7731 7799 7923 8054 8167 8224 8211 8175 8091 7983 7886 7794 7730 7702 7715 7765 7851 7969 8084 8176 8225 8288 8335 8378 8376 8319 8227 8119 8013 7920 7848 7785 7746 7685 7598 7498 7394 7285 7160 7020 6874 6719 6561 6392 6227 6072 5918 5793 5685 5626 5606 5602 5632 5673 5646 5577 5479 5327 5154 5029 4948 4934 4986 5066
7522 7611 7718 7868 8054 8256 8439 8577 8654 8661 8572 8386 8197 8019 7877 7793 7719 7680 7694 7745 7837 7948 8044 8096 8100 8049 7963 7858 7751 7680 7630 7626 7665 7742 7849 7980 8099 8190 8248 8294 8380 8440 8459 8422 8351 8257 8161 8071 7995 7934 7872 7804 7718 7621 7522 7414 7297 7159 7031 6897 6750 6589 6420 6248 6070 5907 5774 5682 5626 5587 5576 5571 5522 5432 5298 5163 5068 5009 4961 4951 4962 5028
7606 7699 7805 7923 8066 8232 8373 8484 8554 8569 8530 8389 8244 8076 7909 7801 7749 7695 7685 7718 7781 7857 7914 7945 7951 7901 7817 7680 7601 7587 7558 7573 7627 7727 7858 7998 8119 8221 8307 8374 8466 8521 8544 8517 8459 8380 8295 8212 8138 8073 8008 7930 7842 7747 7644 7536 7418 7303 7180 7052 6918 6759 6586 6408 6220 6039 5883 5758 5673 5604 5550 5500 5425 5262 5132 5036 5012 4998 4956 4969 4995 5022
7720 7805 7904 8013 8128 8262 8376 8474 8540 8567 8551 8484 8371 8241 8101 7934 7841 7771 7728 7723 7742 7774 7801 7814 7792 7740 7667 7590 7551 7538 7518 7542 7627 7740 7884 8031 8168 8286 8397 8496 8578 8627 8643 8617 8564 8492 8416 8341 8271 8208 8143 8056 7961 7863 7751 7647 7546 7430 7317 7202 7072 6921 6752 6568 6377 6184 6010 5864 5749 5655 5567 5481 5347 5192 5072 4983 4966 4984 4960 4965 4981 5006
7848 7936 8025 8120 8226 8336 8441 8534 8595 8632 8635 8586 8494 8379 8257 8128 8011 7896 7824 7780 7752 7731 7713 7717 7719 7710 7677 7627 7594 7568 7560 7587 7677 7797 7945 8095 8246 8386 8509 8615 8698 8745 8754 8729 8667 8593 8520 8451 8387 8324 8257 8171 8075 7966 7864 7753 7644 7539 7438 7332 7207 7073 6913 6742 6545 6339 6154 5994 5863 5757 5627 5499 5366 5240 5135 5023 4954 4970 4984 4991 4958 4984
