Capas/PRESENTE/Eje_30s/ASC/bio_15.asc
ncols         993
nrows         433
xllcorner     -105.25566776747
yllcorner     17.599810932142
cellsize      0.0083333333
NODATA_value  -9999
[rows 114 to 151 of 433, columns 255 to 339 of 993]
1107 1106 1105 1105 1105 1105 1104 1105 1105 1105 1105 1105 1105 1105 1105 1105 1106 1106 1106 1106 1106 1106 1106 1106 1106 1106 1106 1105 1105 1104 1104 1103 1102 1102 1101 1100 1099 1099 1098 1097 1096 1095 1094 1093 1093 1092 1092 1091 1091 1091 1091 1091 1091 1092 1092 1092 1093 1093 1094 1094 1095 1095 1095 1095 1096 1096 1096 1095 1095 1095 1095 1095 1095 1095 1095 1095 1095 1095 1094 1094 1094 1094 1093 1094 1093
1104 1103 1103 1102 1102 1102 1102 1102 1102 1102 1102 1102 1102 1102 1102 1102 1102 1102 1102 1103 1103 1104 1104 1103 1103 1103 1103 1102 1102 1102 1101 1100 1099 1099 1098 1097 1097 1096 1095 1094 1093 1092 1091 1090 1089 1089 1089 1088 1088 1088 1088 1088 1089 1090 1090 1090 1091 1092 1092 1092 1093 1093 1093 1094 1093 1094 1094 1094 1094 1094 1093 1093 1093 1093 1093 1093 1094 1093 1093 1093 1093 1093 1092 1092 1093
1101 1101 1100 1100 1099 1099 1099 1099 1099 1099 1099 1099 1099 1099 1100 1100 1099 1100 1100 1100 1101 1100 1101 1101 1101 1101 1100 1100 1099 1099 1098 1097 1097 1096 1095 1094 1094 1093 1092 1091 1090 1089 1088 1087 1086 1086 1086 1085 1086 1085 1086 1086 1087 1087 1088 1088 1089 1089 1090 1090 1091 1091 1091 1091 1092 1091 1092 1091 1092 1092 1092 1092 1092 1092 1092 1092 1092 1092 1092 1091 1091 1091 1091 1091 1092
1098 1098 1098 1097 1096 1097 1096 1096 1096 1097 1096 1096 1096 1096 1097 1097 1098 1097 1097 1097 1098 1097 1098 1098 1098 1098 1098 1097 1097 1096 1095 1095 1094 1093 1092 1092 1090 1090 1088 1088 1086 1085 1084 1084 1083 1084 1082 1083 1083 1083 1083 1084 1085 1085 1085 1086 1087 1087 1088 1088 1089 1089 1090 1090 1090 1090 1090 1090 1090 1090 1090 1090 1091 1091 1090 1090 1091 1090 1091 1090 1090 1091 1091 1091 1091
1096 1095 1095 1094 1094 1094 1093 1093 1093 1093 1093 1094 1094 1094 1094 1094 1094 1094 1095 1095 1095 1095 1095 1096 1095 1096 1095 1095 1095 1094 1093 1092 1091 1090 1090 1089 1087 1086 1086 1084 1083 1083 1082 1081 1080 1080 1079 1080 1080 1080 1081 1081 1082 1082 1084 1084 1084 1085 1086 1087 1087 1087 1088 1088 1088 1088 1088 1088 1088 1089 1089 1089 1089 1089 1089 1088 1089 1089 1089 1089 1089 1090 1090 1090 1090
1093 1093 1092 1092 1091 1091 1091 1091 1091 1091 1091 1091 1091 1091 1091 1092 1092 1092 1093 1092 1093 1093 1093 1093 1093 1093 1093 1092 1092 1091 1090 1090 1089 1088 1086 1085 1084 1083 1082 1081 1080 1079 1078 1078 1077 1077 1077 1077 1078 1078 1078 1079 1080 1080 1081 1082 1083 1084 1084 1085 1085 1086 1086 1086 1086 1087 1087 1087 1087 1087 1087 1087 1088 1087 1088 1088 1088 1089 1088 1088 1089 1089 1089 1089 1090
1091 1090 1089 1089 1089 1088 1088 1088 1088 1088 1088 1088 1088 1089 1089 1089 1089 1089 1089 1090 1090 1091 1091 1091 1091 1091 1091 1090 1090 1089 1088 1087 1086 1085 1084 1083 1082 1081 1079 1078 1077 1077 1076 1075 1075 1074 1074 1075 1075 1076 1076 1077 1078 1078 1079 1080 1081 1081 1083 1083 1084 1085 1085 1085 1085 1085 1086 1086 1086 1086 1086 1087 1087 1087 1087 1087 1088 1088 1088 1088 1088 1089 1089 1090 1089
1089 1088 1087 1087 1086 1086 1085 1085 1085 1085 1085 1085 1085 1085 1086 1086 1086 1087 1088 1088 1088 1089 1089 1089 1089 1089 1089 1088 1088 1087 1086 1085 1084 1083 1082 1080 1079 1078 1076 1075 1075 1074 1073 1072 1072 1073 1072 1072 1073 1074 1074 1075 1076 1076 1078 1078 1079 1080 1081 1081 1082 1083 1084 1084 1085 1085 1085 1085 1085 1086 1085 1086 1086 1086 1086 1087 1087 1087 1087 1088 1088 1088 1089 1089 1089
1087 1086 1085 1084 1084 1084 1083 1083 1083 1083 1082 1083 1083 1083 1083 1084 1084 1084 1085 1086 1086 1087 1088 1088 1088 1088 1087 1087 1086 1085 1085 1083 1082 1081 1079 1078 1077 1075 1073 1073 1072 1071 1070 1070 1070 1070 1070 1070 1071 1071 1072 1073 1074 1075 1076 1077 1078 1078 1079 1080 1081 1081 1082 1083 1083 1084 1084 1084 1084 1085 1085 1085 1085 1086 1086 1086 1086 1086 1086 1087 1088 1088 1089 1089 1089
1085 1084 1083 1082 1082 1081 1081 1081 1081 1081 1080 1080 1081 1081 1081 1082 1082 1083 1084 1084 1085 1085 1086 1086 1086 1087 1086 1086 1085 1084 1083 1082 1080 1079 1077 1075 1074 1073 1072 1070 1069 1069 1068 1068 1068 1068 1068 1069 1069 1069 1070 1071 1072 1073 1074 1075 1076 1077 1078 1079 1080 1081 1081 1082 1082 1083 1083 1083 1083 1084 1085 1085 1085 1086 1086 1086 1087 1086 1087 1087 1087 1087 1088 1089 1089
1083 1081 1081 1081 1080 1080 1079 1079 1078 1078 1078 1078 1079 1079 1079 1080 1081 1081 1082 1082 1083 1084 1085 1085 1085 1085 1085 1084 1084 1083 1082 1080 1079 1077 1075 1074 1072 1070 1069 1068 1068 1067 1066 1066 1067 1066 1067 1067 1068 1068 1069 1070 1070 1071 1073 1074 1075 1076 1076 1077 1078 1079 1080 1081 1082 1082 1082 1083 1083 1084 1084 1085 1085 1085 1086 1086 1086 1086 1087 1087 1087 1088 1088 1089 1089
1081 1080 1079 1079 1079 1078 1077 1077 1077 1077 1077 1077 1077 1077 1078 1079 1079 1080 1080 1081 1081 1082 1083 1083 1083 1083 1083 1082 1082 1081 1081 1079 1077 1076 1074 1072 1071 1069 1067 1066 1065 1065 1065 1065 1065 1065 1066 1066 1067 1067 1068 1068 1069 1070 1071 1072 1073 1074 1075 1076 1077 1079 1079 1080 1081 1081 1082 1083 1083 1084 1084 1085 1085 1085 1086 1086 1086 1087 1087 1087 1087 1088 1088 1088 1089
1079 1079 1077 1077 1077 1076 1075 1075 1075 1075 1075 1075 1075 1076 1076 1077 1078 1078 1079 1079 1079 1080 1080 1081 1081 1081 1081 1080 1080 1079 1079 1077 1076 1074 1073 1071 1069 1067 1066 1065 1064 1063 1063 1064 1064 1064 1065 1065 1066 1066 1067 1067 1067 1069 1070 1071 1072 1073 1074 1076 1077 1078 1079 1079 1080 1081 1081 1082 1083 1084 1085 1085 1086 1086 1086 1087 1087 1087 1087 1087 1087 1088 1089 1089 1089
1077 1077 1076 1075 1074 1074 1074 1073 1073 1073 1073 1073 1074 1074 1075 1075 1076 1076 1077 1077 1077 1077 1077 1078 1078 1078 1078 1078 1078 1077 1077 1076 1075 1073 1071 1070 1068 1066 1064 1063 1063 1063 1063 1063 1063 1064 1064 1065 1065 1065 1066 1066 1067 1068 1069 1070 1071 1072 1073 1074 1076 1076 1077 1079 1079 1080 1081 1082 1083 1084 1085 1086 1086 1087 1087 1087 1087 1087 1088 1087 1088 1088 1088 1089 1089
1076 1074 1074 1073 1072 1072 1071 1071 1071 1071 1071 1071 1072 1072 1073 1073 1073 1074 1074 1074 1074 1074 1074 1074 1074 1074 1074 1074 1074 1074 1074 1073 1073 1072 1070 1068 1066 1065 1064 1063 1062 1062 1062 1063 1063 1064 1064 1064 1065 1065 1065 1065 1066 1067 1067 1069 1070 1071 1072 1074 1075 1075 1076 1077 1078 1079 1080 1082 1083 1084 1085 1086 1087 1087 1088 1088 1088 1088 1088 1088 1088 1089 1089 1089 1089
1073 1072 1071 1070 1070 1069 1069 1068 1069 1068 1069 1069 1070 1070 1070 1070 1071 1070 1070 1070 1070 1070 1070 1070 1070 1070 1070 1070 1070 1071 1071 1071 1071 1069 1068 1067 1065 1064 1063 1062 1061 1061 1062 1062 1063 1063 1064 1064 1064 1065 1065 1065 1065 1066 1066 1068 1069 1070 1071 1072 1073 1074 1075 1076 1077 1078 1080 1081 1082 1084 1085 1086 1087 1087 1088 1088 1089 1088 1089 1089 1089 1089 1089 1089 1089
1071 1070 1069 1068 1067 1066 1066 1066 1066 1066 1067 1067 1067 1068 1067 1067 1067 1066 1066 1066 1066 1065 1066 1065 1065 1065 1066 1066 1066 1067 1067 1068 1067 1067 1066 1065 1064 1063 1062 1062 1061 1062 1062 1062 1063 1063 1064 1064 1064 1064 1064 1064 1064 1065 1066 1067 1068 1069 1070 1071 1072 1073 1074 1074 1076 1077 1078 1079 1081 1083 1084 1085 1087 1087 1088 1089 1089 1089 1089 1089 1089 1089 1089 1089 1089
1068 1067 1066 1065 1064 1064 1063 1063 1063 1063 1064 1064 1064 1064 1064 1063 1063 1062 1062 1062 1061 1061 1061 1061 1061 1061 1061 1061 1062 1063 1063 1064 1064 1064 1064 1063 1063 1062 1061 1061 1061 1061 1062 1062 1063 1063 1064 1064 1064 1064 1063 1063 1064 1064 1065 1066 1067 1068 1068 1070 1070 1071 1072 1073 1074 1076 1077 1078 1080 1081 1083 1084 1086 1087 1087 1088 1089 1089 1090 1090 1090 1090 1089 1088 1088
1065 1064 1063 1062 1061 1061 1060 1060 1060 1060 1061 1061 1061 1061 1060 1060 1059 1058 1057 1057 1057 1056 1056 1057 1057 1057 1057 1057 1058 1059 1060 1060 1061 1061 1061 1061 1061 1060 1060 1061 1061 1061 1061 1062 1062 1063 1063 1063 1063 1064 1063 1063 1063 1063 1064 1065 1066 1066 1068 1069 1069 1070 1071 1072 1072 1073 1075 1077 1078 1080 1081 1083 1084 1086 1087 1088 1088 1089 1089 1089 1090 1089 1088 1087 1087
1062 1061 1060 1059 1058 1058 1057 1057 1057 1057 1057 1058 1057 1057 1057 1056 1055 1054 1053 1052 1052 1052 1052 1052 1052 1053 1053 1054 1054 1055 1056 1056 1057 1057 1058 1058 1058 1058 1059 1059 1059 1060 1060 1061 1062 1062 1063 1063 1063 1063 1063 1063 1063 1063 1063 1064 1065 1066 1066 1067 1068 1069 1069 1070 1071 1072 1074 1075 1077 1078 1080 1081 1083 1084 1086 1087 1087 1088 1088 1089 1089 1088 1087 1087 1086
1060 1059 1057 1056 1056 1055 1054 1054 1054 1055 1055 1055 1054 1054 1053 1052 1051 1049 1048 1048 1047 1048 1048 1048 1049 1049 1049 1050 1050 1051 1051 1052 1053 1053 1054 1055 1055 1056 1056 1057 1058 1058 1059 1060 1061 1061 1062 1063 1063 1062 1062 1062 1063 1062 1062 1063 1064 1064 1065 1066 1067 1068 1068 1069 1070 1071 1072 1073 1075 1076 1078 1080 1081 1083 1084 1085 1086 1087 1087 1088 1088 1088 1087 1085 1084
1057 1056 1055 1054 1053 1052 1052 1052 1052 1052 1052 1052 1051 1050 1049 1048 1046 1045 1044 1044 1044 1043 1044 1044 1045 1045 1046 1046 1047 1047 1048 1048 1049 1049 1050 1051 1052 1053 1054 1055 1056 1057 1058 1059 1060 1061 1061 1062 1062 1062 1062 1062 1062 1062 1062 1062 1063 1064 1064 1065 1066 1067 1068 1068 1069 1070 1071 1071 1073 1075 1076 1078 1079 1081 1082 1084 1085 1085 1086 1087 1087 1087 1085 1084 1083
1055 1054 1053 1052 1051 1050 1050 1050 1050 1049 1049 1049 1048 1047 1046 1044 1043 1041 1040 1040 1039 1039 1040 1040 1041 1042 1042 1043 1044 1044 1044 1045 1046 1046 1046 1048 1048 1050 1051 1052 1054 1055 1057 1058 1059 1060 1060 1061 1061 1062 1062 1062 1061 1061 1062 1062 1062 1063 1063 1064 1065 1066 1067 1067 1068 1069 1069 1071 1072 1073 1075 1076 1077 1079 1080 1082 1083 1084 1085 1086 1086 1086 1084 1083 1082
1054 1052 1052 1050 1049 1049 1048 1048 1047 1047 1046 1046 1045 1044 1043 1041 1040 1038 1037 1036 1036 1036 1037 1037 1038 1039 1039 1040 1040 1041 1041 1042 1042 1043 1043 1044 1045 1047 1048 1050 1052 1053 1055 1056 1057 1059 1060 1060 1061 1061 1062 1061 1061 1061 1061 1061 1061 1062 1063 1063 1065 1066 1066 1067 1068 1069 1069 1070 1071 1072 1074 1075 1076 1078 1079 1080 1082 1083 1084 1085 1085 1085 1084 1083 1082
1052 1051 1050 1049 1048 1047 1047 1046 1045 1045 1044 1043 1042 1041 1039 1038 1037 1035 1034 1033 1033 1034 1034 1035 1035 1036 1036 1037 1038 1038 1038 1039 1039 1040 1041 1042 1043 1044 1046 1048 1050 1051 1053 1055 1056 1058 1059 1060 1060 1061 1061 1061 1061 1061 1060 1061 1061 1062 1062 1063 1064 1065 1066 1067 1068 1068 1070 1070 1071 1072 1073 1074 1075 1077 1078 1079 1081 1082 1083 1084 1084 1084 1084 1083 1082
1051 1050 1048 1047 1047 1045 1045 1044 1044 1043 1042 1042 1040 1039 1038 1036 1034 1033 1032 1031 1031 1031 1032 1032 1033 1033 1033 1034 1035 1035 1035 1036 1036 1037 1038 1039 1040 1042 1044 1046 1048 1050 1052 1054 1055 1057 1057 1059 1060 1061 1061 1061 1061 1061 1060 1061 1061 1061 1062 1063 1064 1065 1066 1067 1068 1068 1069 1070 1070 1071 1072 1073 1074 1076 1077 1078 1080 1081 1082 1083 1084 1083 1083 1082 1082
1049 1048 1047 1046 1045 1044 1043 1042 1041 1041 1040 1039 1038 1037 1035 1034 1032 1031 1031 1030 1029 1029 1030 1030 1030 1031 1031 1032 1032 1032 1033 1033 1034 1035 1035 1037 1038 1040 1042 1044 1047 1049 1051 1052 1054 1055 1056 1057 1059 1060 1060 1060 1060 1061 1060 1060 1061 1061 1062 1063 1064 1066 1066 1067 1068 1069 1069 1070 1071 1071 1072 1073 1074 1075 1076 1078 1080 1081 1082 1083 1084 1084 1083 1083 1083
1048 1047 1045 1044 1043 1042 1041 1040 1040 1039 1038 1037 1036 1035 1034 1032 1031 1030 1029 1028 1028 1028 1028 1029 1029 1028 1029 1029 1030 1030 1030 1031 1032 1033 1034 1035 1037 1039 1041 1043 1045 1047 1049 1051 1052 1054 1055 1056 1058 1059 1060 1060 1060 1061 1060 1060 1061 1061 1063 1063 1064 1066 1067 1067 1068 1069 1070 1070 1071 1071 1073 1073 1074 1075 1077 1078 1079 1080 1082 1083 1084 1084 1084 1083 1083
1046 1045 1044 1042 1041 1040 1039 1038 1038 1037 1036 1035 1035 1033 1032 1031 1030 1029 1028 1028 1027 1027 1027 1027 1027 1027 1027 1027 1028 1028 1029 1029 1030 1031 1032 1034 1036 1037 1039 1041 1044 1045 1047 1048 1050 1051 1053 1054 1056 1058 1059 1060 1060 1060 1060 1061 1062 1062 1063 1064 1066 1066 1067 1067 1068 1069 1070 1070 1071 1072 1073 1073 1074 1075 1076 1077 1079 1080 1081 1083 1084 1084 1084 1084 1084
1044 1043 1041 1040 1039 1038 1037 1036 1036 1035 1034 1033 1033 1031 1030 1029 1029 1028 1027 1027 1026 1026 1027 1026 1026 1026 1025 1025 1026 1026 1027 1028 1029 1030 1031 1032 1034 1036 1038 1040 1042 1044 1045 1047 1048 1049 1051 1053 1055 1056 1058 1059 1060 1061 1062 1062 1063 1064 1064 1065 1066 1067 1067 1068 1068 1069 1069 1070 1071 1072 1073 1073 1074 1075 1076 1077 1078 1079 1081 1082 1083 1084 1084 1085 1085
1042 1040 1039 1038 1037 1036 1035 1034 1033 1033 1032 1032 1031 1030 1029 1029 1027 1027 1026 1026 1026 1025 1025 1025 1025 1024 1024 1024 1024 1025 1025 1026 1027 1028 1030 1031 1033 1034 1036 1038 1039 1041 1042 1044 1045 1047 1049 1051 1053 1055 1057 1059 1060 1062 1062 1063 1064 1065 1066 1066 1067 1067 1068 1068 1068 1069 1069 1070 1071 1071 1072 1072 1073 1074 1075 1076 1077 1079 1080 1081 1082 1084 1084 1085 1085
1040 1039 1037 1036 1035 1033 1033 1032 1031 1031 1030 1030 1029 1028 1028 1027 1027 1026 1026 1025 1025 1025 1024 1024 1023 1023 1023 1022 1023 1024 1024 1025 1026 1027 1028 1030 1031 1032 1034 1036 1037 1038 1040 1041 1043 1045 1047 1050 1052 1054 1057 1059 1060 1061 1063 1064 1066 1067 1067 1068 1068 1069 1069 1068 1068 1069 1069 1069 1070 1071 1071 1072 1072 1073 1074 1075 1076 1078 1079 1081 1081 1083 1084 1085 1085
1038 1037 1035 1034 1033 1032 1031 1030 1030 1029 1028 1028 1027 1027 1026 1026 1025 1025 1024 1024 1024 1024 1023 1023 1022 1021 1021 1021 1022 1022 1023 1024 1025 1026 1027 1028 1029 1030 1031 1033 1034 1036 1037 1038 1040 1042 1045 1047 1050 1052 1055 1057 1059 1061 1063 1064 1066 1067 1069 1069 1070 1070 1070 1069 1069 1069 1069 1069 1070 1070 1070 1071 1071 1072 1073 1074 1075 1077 1078 1079 1080 1082 1083 1084 1085
1036 1035 1034 1032 1031 1030 1029 1028 1028 1027 1027 1026 1026 1025 1025 1024 1024 1024 1023 1023 1023 1023 1022 1022 1021 1021 1020 1020 1021 1021 1022 1023 1024 1024 1025 1026 1027 1028 1029 1030 1031 1033 1034 1036 1038 1040 1043 1045 1048 1050 1054 1056 1058 1060 1062 1064 1066 1068 1069 1070 1071 1071 1071 1070 1069 1069 1069 1069 1069 1069 1070 1070 1071 1071 1071 1073 1074 1075 1076 1078 1079 1081 1082 1084 1085
1035 1033 1032 1031 1029 1028 1028 1027 1026 1026 1025 1024 1024 1024 1023 1023 1023 1023 1022 1022 1022 1022 1021 1020 1020 1020 1020 1020 1020 1021 1021 1021 1022 1023 1023 1024 1025 1026 1027 1028 1029 1030 1032 1033 1036 1038 1041 1043 1046 1049 1051 1053 1056 1058 1060 1062 1065 1067 1069 1070 1071 1072 1071 1071 1070 1069 1068 1068 1068 1068 1069 1069 1070 1070 1071 1072 1073 1074 1076 1077 1078 1080 1081 1083 1084
1033 1032 1030 1029 1028 1027 1026 1025 1025 1024 1023 1023 1023 1022 1022 1022 1022 1021 1021 1021 1021 1021 1021 1020 1020 1019 1019 1019 1019 1020 1020 1021 1021 1021 1022 1022 1023 1024 1025 1026 1027 1028 1030 1032 1033 1036 1039 1041 1044 1047 1049 1051 1053 1056 1058 1061 1063 1066 1068 1070 1072 1072 1072 1072 1071 1070 1069 1068 1069 1069 1069 1069 1070 1070 1071 1072 1072 1073 1075 1076 1077 1079 1080 1082 1083
1032 1030 1029 1027 1026 1025 1024 1024 1023 1022 1022 1022 1021 1021 1021 1020 1020 1021 1020 1020 1020 1020 1020 1020 1019 1019 1019 1019 1019 1020 1020 1020 1020 1020 1021 1021 1021 1022 1023 1024 1025 1026 1028 1030 1032 1034 1037 1040 1042 1044 1047 1049 1051 1053 1056 1059 1061 1064 1067 1069 1071 1072 1073 1073 1072 1071 1070 1070 1069 1069 1070 1070 1070 1071 1071 1071 1072 1073 1074 1075 1076 1077 1079 1081 1082
1030 1028 1027 1026 1025 1024 1023 1023 1022 1021 1021 1020 1020 1020 1020 1019 1019 1019 1020 1020 1020 1020 1020 1020 1019 1020 1020 1019 1020 1020 1020 1019 1020 1020 1020 1020 1020 1021 1021 1022 1023 1025 1026 1028 1031 1033 1035 1038 1040 1042 1045 1047 1048 1051 1053 1056 1059 1062 1065 1068 1070 1072 1073 1073 1073 1072 1072 1071 1071 1071 1071 1071 1071 1071 1071 1072 1072 1072 1073 1074 1075 1077 1078 1080 1081
