Capas/PRESENTE/Eje_30s/ASC/bio_12.asc
ncols         993
nrows         433
xllcorner     -105.25566776747
yllcorner     17.599810932142
cellsize      0.0083333333
NODATA_value  -9999
[rows 70 to 104 of 433, columns 316 to 394 of 993]
8894 8944 8994 9048 9104 9161 9223 9287 9356 9423 9481 9523 9548 9545 9513 9459 9388 9310 9228 9146 9060 8975 8901 8810 8741 8736 8705 8683 8670 -9999 -9999 -9999 -9999 -9999 -9999 -9999 -9999 -9999 -9999 -9999 -9999 -9999 -9999 -9999 -9999 -9999 -9999 -9999 -9999 -9999 -9999 -9999 -9999 -9999 -9999 -9999 -9999 -9999 -9999 -9999 -9999 -9999 -9999 -9999 -9999 -9999 -9999 -9999 -9999 -9999 -9999 -9999 -9999 -9999 -9999 -9999 -9999 -9999 -9999
8855 8913 8971 9032 9097 9168 9244 9320 9403 9483 9554 9607 9634 9630 9592 9526 9442 9348 9251 9149 9047 8939 8797 8720 8718 8704 8677 8661 8654 8652 8655 -9999 -9999 -9999 -9999 -9999 -9999 -9999 -9999 -9999 -9999 -9999 -9999 -9999 -9999 -9999 -9999 -9999 -9999 -9999 -9999 -9999 -9999 -9999 -9999 -9999 -9999 -9999 -9999 -9999 -9999 -9999 -9999 -9999 -9999 -9999 -9999 -9999 -9999 -9999 -9999 -9999 -9999 -9999 -9999 -9999 -9999 -9999 -9999
8827 8888 8949 9014 9084 9160 9243 9328 9420 9510 9586 9645 9674 9669 9624 9548 9452 9344 9232 9121 9012 8837 8725 8708 8702 8671 8649 8642 8638 8636 8643 8661 8699 8741 -9999 -9999 -9999 -9999 -9999 -9999 -9999 -9999 -9999 -9999 -9999 -9999 -9999 -9999 -9999 -9999 -9999 -9999 -9999 -9999 -9999 -9999 -9999 -9999 -9999 -9999 -9999 -9999 -9999 -9999 -9999 -9999 -9999 -9999 -9999 -9999 -9999 -9999 -9999 -9999 -9999 -9999 -9999 -9999 -9999
8796 8854 8920 8987 9054 9132 9217 9305 9401 9495 9573 9628 9657 9648 9595 9511 9408 9297 9182 9066 8954 8769 8657 8653 8668 8640 8626 8620 8619 8618 8624 8643 8680 8725 8767 8788 -9999 -9999 -9999 -9999 -9999 -9999 -9999 -9999 -9999 -9999 -9999 -9999 -9999 -9999 -9999 -9999 -9999 -9999 -9999 -9999 -9999 -9999 -9999 -9999 -9999 -9999 -9999 -9999 -9999 -9999 -9999 -9999 -9999 -9999 -9999 -9999 -9999 -9999 -9999 -9999 -9999 -9999 -9999
8754 8812 8872 8935 9003 9076 9158 9249 9340 9429 9505 9556 9575 9557 9502 9414 9311 9202 9094 8988 8889 8720 8574 8577 8636 8618 8606 8598 8592 8586 8587 8597 8630 8666 8698 8714 8706 8670 -9999 -9999 -9999 -9999 -9999 -9999 -9999 -9999 -9999 -9999 -9999 -9999 -9999 -9999 -9999 -9999 -9999 -9999 -9999 -9999 -9999 -9999 -9999 -9999 -9999 -9999 -9999 -9999 -9999 -9999 -9999 -9999 -9999 -9999 -9999 -9999 -9999 -9999 -9999 -9999 -9999
8690 8743 8797 8854 8917 8987 9065 9149 9233 9316 9380 9418 9424 9396 9338 9257 9164 9045 8869 8792 8754 8620 8527 8582 8621 8600 8586 8573 8561 8544 8532 8529 8540 8556 8573 8576 8563 8527 8468 8340 -9999 -9999 -9999 -9999 -9999 -9999 -9999 -9999 -9999 -9999 -9999 -9999 -9999 -9999 -9999 -9999 -9999 -9999 -9999 -9999 -9999 -9999 -9999 -9999 -9999 -9999 -9999 -9999 -9999 -9999 -9999 -9999 -9999 -9999 -9999 -9999 -9999 -9999 -9999
8601 8645 8692 8742 8799 8865 8934 9012 9086 9153 9202 9224 9222 9190 9134 9065 8915 8730 8619 8576 8566 8521 8540 8638 8613 8589 8565 8543 8521 8491 8465 8443 8431 8423 8418 8408 8387 8356 8250 8118 8045 7987 7925 -9999 -9999 -9999 -9999 -9999 -9999 -9999 -9999 -9999 -9999 -9999 -9999 -9999 -9999 -9999 -9999 -9999 -9999 -9999 -9999 -9999 -9999 -9999 -9999 -9999 -9999 -9999 -9999 -9999 -9999 -9999 -9999 -9999 -9999 -9999 -9999
8487 8522 8562 8601 8650 8706 8767 8830 8893 8949 8985 8998 8988 8888 8825 8736 8599 8538 8563 8602 8600 8598 8658 8633 8607 8580 8552 8515 8480 8440 8368 8307 8271 8229 8179 8149 8142 8088 7992 7919 7876 7852 7828 7788 7770 7776 7773 7740 -9999 -9999 -9999 -9999 -9999 -9999 -9999 -9999 -9999 -9999 -9999 -9999 -9999 -9999 -9999 -9999 -9999 -9999 -9999 -9999 -9999 -9999 -9999 -9999 -9999 -9999 -9999 -9999 -9999 -9999 -9999
8287 8272 8310 8380 8456 8516 8565 8617 8669 8712 8741 8748 8680 8546 8473 8446 8470 8578 8681 8688 8690 8681 8663 8640 8604 8575 8532 8486 8382 8300 8222 8140 8087 8038 7978 7932 7926 7920 7884 7863 7876 7856 7793 7736 7741 7755 7739 7679 7603 7578 7593 7571 7556 7550 -9999 -9999 -9999 -9999 -9999 -9999 -9999 -9999 -9999 -9999 -9999 -9999 -9999 -9999 -9999 -9999 -9999 -9999 -9999 -9999 -9999 -9999 -9999 -9999 -9999
8024 8036 8070 8106 8147 8187 8234 8300 8375 8419 8414 8366 8306 8270 8289 8357 8506 8574 8621 8662 8682 8685 8669 8569 8494 8465 8429 8340 8231 8162 8099 8014 7946 7899 7849 7830 7872 7915 7899 7886 7932 7907 7867 7772 7744 7759 7731 7681 7547 7455 7488 7509 7489 7478 7476 7475 7480 7487 7492 7495 7497 -9999 -9999 -9999 -9999 -9999 -9999 -9999 -9999 -9999 -9999 -9999 -9999 -9999 -9999 -9999 -9999 -9999 -9999
7846 7863 7869 7873 7888 7905 7933 7973 8021 8043 8044 8047 8078 8155 8249 8342 8404 8477 8556 8620 8659 8672 8553 8488 8457 8448 8423 8322 8173 8084 8030 7964 7895 7837 7785 7787 7845 7891 7866 7844 7897 7884 7862 7832 7800 7761 7712 7654 7562 7403 7378 7418 7431 7416 7412 7417 7424 7436 7451 7467 7485 7502 7464 7477 -9999 -9999 -9999 -9999 -9999 -9999 -9999 -9999 -9999 -9999 -9999 -9999 -9999 -9999 -9999
7744 7756 7755 7752 7750 7759 7775 7797 7819 7834 7851 7879 7956 8066 8146 8184 8247 8361 8461 8546 8600 8556 8462 8461 8503 8528 8472 8416 8223 8084 8026 7991 7931 7851 7779 7754 7786 7828 7846 7871 7894 7874 7846 7817 7778 7736 7684 7623 7509 7340 7285 7291 7297 7313 7292 7272 7304 7318 7319 7332 7366 7409 7493 7589 7632 -9999 -9999 -9999 -9999 -9999 -9999 -9999 -9999 -9999 -9999 -9999 -9999 -9999 -9999
7689 7695 7691 7684 7681 7685 7692 7708 7721 7736 7748 7767 7809 7876 7914 7949 8046 8212 8345 8440 8507 8445 8373 8402 8479 8491 8444 8395 8232 8103 8099 8138 8099 7978 7845 7768 7780 7863 7928 7908 7886 7857 7824 7786 7745 7696 7642 7547 7364 7263 7241 7264 7299 7308 7265 7225 7216 7250 7352 7450 7489 7535 7602 7639 7680 7728 -9999 -9999 -9999 -9999 -9999 -9999 -9999 -9999 -9999 -9999 -9999 -9999 -9999
7693 7686 7686 7684 7688 7701 7717 7727 7729 7724 7716 7705 7701 7716 7734 7798 7951 8123 8224 8318 8390 8358 8278 8291 8337 8394 8395 8298 8158 8131 8216 8275 8234 8111 7919 7821 7853 7968 7945 7910 7873 7834 7759 7679 7692 7640 7583 7399 7262 7236 7260 7289 7321 7314 7299 7287 7257 7317 7444 7494 7545 7590 7629 7666 7701 7740 7775 -9999 -9999 -9999 -9999 -9999 -9999 -9999 -9999 -9999 -9999 -9999 -9999
7755 7720 7727 7755 7789 7843 7903 7938 7939 7899 7814 7733 7696 7680 7681 7726 7848 8030 8109 8193 8257 8205 8156 8155 8169 8174 8156 8117 8089 8142 8247 8288 8232 8083 7953 7905 7948 8010 7967 7907 7781 7649 7552 7509 7561 7567 7488 7305 7224 7261 7307 7297 7268 7258 7275 7320 7354 7412 7460 7511 7555 7594 7624 7649 7673 7697 7721 7738 7751 -9999 -9999 -9999 -9999 -9999 -9999 -9999 -9999 -9999 -9999
7789 7754 7778 7825 7886 7972 8030 8059 8082 8093 7957 7825 7765 7728 7706 7712 7756 7845 7947 8009 8017 8006 8015 8029 8041 8037 8025 8020 8039 8086 8137 8144 8101 8056 8039 8039 8030 7976 7899 7842 7752 7607 7459 7378 7373 7377 7323 7237 7218 7289 7314 7298 7262 7242 7278 7332 7373 7420 7468 7512 7550 7574 7591 7600 7607 7616 7624 7630 7633 7569 -9999 -9999 -9999 -9999 -9999 -9999 -9999 -9999 -9999
7784 7792 7831 7876 7928 8007 8115 8207 8233 8165 8043 7949 7887 7840 7794 7765 7755 7759 7779 7805 7833 7866 7903 7929 7947 7953 7955 7959 7983 8031 8091 8151 8189 8220 8252 8244 8154 7996 7889 7892 7840 7680 7451 7320 7256 7231 7225 7213 7216 7267 7305 7288 7280 7284 7295 7321 7361 7408 7452 7490 7517 7506 7446 7458 7518 7515 7513 7509 7502 7446 7482 -9999 -9999 -9999 -9999 -9999 -9999 -9999 -9999
7818 7880 7939 7999 8052 8133 8276 8413 8434 8322 8200 8141 8095 8032 7959 7891 7839 7801 7777 7771 7786 7807 7836 7856 7877 7891 7900 7916 7967 8090 8259 8389 8453 8496 8483 8424 8299 8093 7928 7873 7812 7635 7435 7318 7253 7217 7226 7235 7232 7242 7271 7272 7260 7267 7270 7287 7324 7364 7406 7439 7442 7373 7334 7351 7407 7412 7401 7392 7380 7370 7359 7342 -9999 -9999 -9999 -9999 -9999 -9999 -9999
7928 8028 8122 8213 8293 8397 8621 8668 8698 8705 8497 8476 8474 8382 8220 8071 7971 7900 7843 7806 7788 7788 7797 7813 7829 7846 7861 7886 7984 8188 8351 8452 8543 8606 8625 8573 8415 8173 7959 7815 7694 7562 7457 7387 7330 7300 7313 7332 7328 7317 7307 7263 7214 7208 7232 7246 7269 7303 7341 7372 7342 7295 7270 7288 7319 7319 7301 7290 7277 7248 7251 7234 7206 -9999 -9999 -9999 -9999 -9999 -9999
8151 8270 8386 8502 8607 8722 8911 8965 8982 8974 8898 8882 8802 8703 8547 8284 8122 8014 7928 7861 7813 7792 7781 7785 7800 7815 7829 7871 7998 8226 8365 8492 8605 8686 8716 8686 8514 8248 8027 7865 7731 7653 7626 7586 7533 7513 7533 7550 7526 7469 7374 7255 7167 7131 7120 7130 7169 7208 7253 7296 7302 7254 7211 7199 7195 7199 7209 7190 7143 7113 7136 7144 7119 7007 -9999 -9999 -9999 -9999 -9999
8399 8592 8770 8901 9018 9147 9257 9281 9274 9236 9176 9090 8986 8869 8746 8477 8259 8119 8009 7919 7850 7806 7784 7778 7785 7794 7807 7862 8002 8227 8353 8491 8616 8707 8749 8726 8496 8283 8123 8010 7926 7903 7937 7924 7883 7887 7863 7805 7731 7639 7455 7280 7168 7095 7052 7040 7061 7110 7190 7255 7272 7249 7187 7137 7093 7070 7066 7049 7032 7034 7051 7069 7037 6907 6778 -9999 -9999 -9999 -9999
8526 8769 9007 9218 9388 9500 9555 9560 9522 9451 9351 9236 9106 8969 8836 8586 8346 8191 8069 7964 7885 7831 7797 7783 7779 7781 7791 7832 7957 8169 8310 8445 8568 8664 8711 8684 8440 8279 8205 8198 8198 8155 8136 8135 8137 8130 8096 8028 7927 7802 7580 7356 7207 7107 7046 7028 7054 7097 7165 7219 7236 7239 7186 7119 7054 7012 6993 6984 6987 6999 6995 7002 6961 6824 6705 6652 -9999 -9999 -9999
8594 8869 9141 9383 9573 9694 9745 9733 9669 9541 9430 9285 9135 8984 8809 8553 8360 8213 8092 7990 7907 7846 7809 7789 7780 7774 7771 7788 7863 8037 8233 8352 8466 8556 8606 8560 8352 8265 8261 8325 8276 8265 8284 8315 8346 8357 8329 8249 8125 7971 7727 7459 7268 7146 7078 7063 7085 7116 7154 7193 7207 7182 7134 7082 7027 6989 6968 6965 6980 6977 6935 6915 6852 6742 6665 6645 6647 -9999 -9999
8567 8854 9137 9394 9596 9719 9770 9749 9667 9541 9291 9132 8980 8793 8601 8433 8298 8180 8075 7983 7907 7851 7812 7791 7776 7765 7753 7751 7781 7889 8082 8223 8312 8391 8437 8339 8236 8245 8314 8300 8297 8324 8383 8449 8509 8543 8524 8443 8301 8122 7855 7566 7340 7200 7142 7138 7147 7144 7157 7163 7133 7095 7065 7036 7009 6979 6956 6959 6976 6972 6920 6867 6772 6680 6637 6648 6686 6662 6540
8460 8730 9006 9256 9460 9588 9643 9621 9533 9395 9108 8865 8698 8548 8414 8298 8201 8107 8022 7947 7886 7839 7809 7787 7768 7752 7733 7718 7719 7762 7860 7984 8093 8144 8120 8084 8100 8173 8223 8231 8264 8337 8430 8535 8628 8685 8681 8597 8448 8243 7957 7667 7419 7254 7185 7180 7139 7130 7137 7108 7063 7052 7054 7033 7003 6968 6942 6939 6959 6969 6952 6894 6762 6652 6604 6611 6664 6653 6602
8287 8527 8776 9010 9199 9327 9383 9375 9293 9095 8843 8642 8487 8355 8250 8160 8086 8018 7955 7899 7853 7819 7791 7772 7755 7736 7711 7689 7676 7679 7700 7742 7783 7812 7840 7886 7941 7999 8066 8132 8200 8308 8439 8576 8699 8783 8795 8715 8555 8335 8044 7746 7471 7261 7151 7116 7104 7085 7052 7018 7017 7053 7069 7040 6993 6955 6927 6919 6935 6950 6952 6900 6757 6633 6576 6580 6636 6645 6599
8047 8272 8478 8677 8850 8969 8979 8936 8838 8698 8551 8413 8290 8183 8098 8030 7978 7925 7886 7847 7816 7792 7770 7752 7735 7716 7689 7664 7642 7630 7623 7623 7631 7647 7683 7727 7758 7801 7878 8002 8112 8250 8412 8579 8728 8834 8859 8782 8619 8390 8084 7747 7433 7195 7053 6985 6958 6942 6936 6946 6984 7031 7038 7000 6952 6926 6915 6919 6923 6925 6919 6866 6727 6610 6558 6566 6629 6624 6586
7743 7930 8119 8266 8374 8451 8492 8490 8444 8371 8282 8190 8098 8019 7956 7908 7874 7844 7819 7796 7776 7758 7742 7724 7709 7689 7665 7636 7616 7598 7579 7565 7549 7541 7546 7554 7567 7614 7714 7857 7999 8158 8341 8528 8699 8820 8861 8792 8596 8326 7996 7642 7333 7114 6976 6898 6869 6872 6881 6901 6935 6965 6964 6932 6903 6895 6906 6915 6916 6906 6891 6821 6690 6586 6537 6532 6586 6605 6552
7513 7610 7745 7871 7975 8054 8114 8143 8133 8102 8048 7990 7931 7877 7835 7809 7789 7772 7759 7751 7737 7722 7710 7698 7680 7660 7638 7616 7591 7568 7544 7518 7489 7457 7427 7409 7413 7466 7569 7718 7864 8028 8221 8418 8598 8729 8781 8723 8495 8200 7866 7537 7262 7068 6937 6846 6811 6821 6841 6864 6891 6919 6927 6919 6908 6910 6915 6910 6897 6888 6860 6781 6671 6584 6533 6510 6535 6550 6480
7382 7428 7510 7608 7694 7774 7840 7882 7895 7886 7862 7833 7797 7764 7741 7730 7721 7713 7709 7704 7696 7684 7675 7662 7648 7630 7612 7590 7569 7543 7516 7477 7438 7394 7350 7316 7306 7340 7430 7575 7712 7865 8048 8236 8414 8548 8610 8571 8290 8019 7739 7462 7216 7033 6896 6801 6771 6794 6827 6864 6910 6960 6999 7020 7021 7018 7003 6979 6950 6929 6890 6807 6703 6618 6554 6509 6492 6472 6413
7307 7324 7374 7443 7514 7583 7647 7692 7720 7728 7723 7711 7696 7679 7671 7667 7666 7665 7663 7664 7656 7649 7639 7628 7614 7601 7582 7565 7544 7517 7485 7447 7401 7350 7297 7250 7219 7218 7266 7365 7532 7679 7837 8011 8174 8305 8372 8323 8040 7820 7609 7391 7183 7006 6873 6808 6807 6848 6899 6965 7047 7128 7198 7242 7253 7242 7215 7185 7163 7144 7097 6951 6796 6684 6603 6533 6476 6433 6381
7282 7274 7298 7346 7401 7460 7517 7565 7597 7615 7626 7624 7620 7615 7614 7615 7617 7618 7622 7620 7617 7609 7603 7596 7584 7570 7559 7542 7521 7497 7463 7420 7370 7316 7255 7200 7153 7119 7113 7158 7272 7461 7616 7757 7901 8019 8088 8040 7801 7637 7481 7326 7164 7008 6908 6878 6902 6958 7035 7143 7274 7400 7501 7570 7598 7588 7552 7504 7456 7402 7308 7106 6910 6776 6670 6576 6498 6438 6387
7300 7270 7274 7301 7342 7390 7443 7487 7522 7548 7563 7568 7564 7561 7563 7567 7570 7571 7574 7579 7576 7574 7572 7568 7559 7549 7537 7523 7501 7476 7440 7398 7346 7286 7224 7160 7102 7051 7016 7019 7080 7198 7325 7459 7624 7723 7794 7730 7585 7495 7400 7280 7154 7045 6987 6983 7017 7090 7206 7370 7563 7747 7891 7988 8028 8019 7966 7867 7730 7584 7431 7227 7038 6886 6753 6642 6553 6491 6443
7339 7299 7288 7300 7325 7364 7410 7448 7481 7504 7517 7522 7516 7511 7513 7519 7525 7528 7532 7532 7537 7535 7538 7538 7537 7529 7521 7508 7489 7458 7424 7378 7322 7259 7192 7127 7063 7007 6961 6936 6938 6980 7044 7125 7257 7396 7452 7427 7413 7433 7413 7310 7195 7117 7086 7094 7142 7245 7413 7647 7884 8088 8257 8374 8432 8426 8363 8257 8056 7838 7643 7418 7203 7018 6859 6728 6645 6616 6579
7370 7322 7305 7315 7336 7361 7394 7429 7456 7471 7472 7470 7466 7466 7468 7471 7477 7483 7487 7493 7496 7502 7509 7514 7516 7515 7509 7498 7479 7450 7412 7363 7302 7237 7169 7105 7040 6980 6926 6885 6855 6848 6856 6892 6964 7061 7142 7206 7287 7361 7352 7323 7221 7160 7144 7177 7267 7423 7652 7901 8166 8417 8617 8748 8811 8796 8714 8585 8398 8160 7956 7695 7409 7160 6972 6826 6764 6788 6721
