FUTURO/Eje_30s/ASC/bio_01.asc
ncols         993
nrows         433
xllcorner     -105.25566776747
yllcorner     17.599810932142
cellsize      0.0083333333
NODATA_value  -9999
[rows 72 to 107 of 433, columns 492 to 573 of 993]
2956 2956 2955 2953 2945 2943 2948 2950 2953 2954 2955 2955 2955 2955 2955 2955 2955 2955 2955 2954 2954 2954 2954 2954 2954 2954 2954 2954 2954 2954 2953 2953 2953 2953 2953 2953 -9999 -9999 -9999 -9999 -9999 -9999 -9999 -9999 -9999 -9999 -9999 -9999 -9999 -9999 -9999 -9999 -9999 -9999 -9999 -9999 -9999 -9999 -9999 -9999 -9999 -9999 -9999 -9999 -9999 -9999 -9999 -9999 -9999 -9999 -9999 -9999 -9999 -9999 -9999 -9999 -9999 -9999 -9999 -9999 -9999 -9999
2956 2956 2956 2955 2953 2954 2955 2955 2955 2955 2955 2955 2955 2955 2955 2955 2955 2955 2955 2954 2955 2954 2954 2954 2954 2954 2954 2954 2954 2954 2954 2954 2954 2953 2953 2953 -9999 -9999 -9999 -9999 -9999 -9999 -9999 -9999 -9999 -9999 -9999 -9999 -9999 -9999 -9999 -9999 -9999 -9999 -9999 -9999 -9999 -9999 -9999 -9999 -9999 -9999 -9999 -9999 -9999 -9999 -9999 -9999 -9999 -9999 -9999 -9999 -9999 -9999 -9999 -9999 -9999 -9999 -9999 -9999 -9999 -9999
2956 2956 2956 2955 2955 2955 2955 2955 2955 2955 2955 2955 2955 2955 2955 2955 2955 2955 2955 2955 2955 2955 2954 2954 2954 2954 2954 2954 2954 2954 2954 2954 2954 2953 2953 -9999 -9999 -9999 -9999 -9999 -9999 -9999 -9999 -9999 -9999 -9999 -9999 -9999 -9999 -9999 -9999 -9999 -9999 -9999 -9999 -9999 -9999 -9999 -9999 -9999 -9999 -9999 -9999 -9999 -9999 -9999 -9999 -9999 -9999 -9999 -9999 -9999 -9999 -9999 -9999 -9999 -9999 -9999 -9999 -9999 -9999 -9999
2956 2956 2956 2955 2955 2955 2955 2955 2955 2955 2955 2955 2955 2955 2955 2955 2955 2955 2955 2955 2954 2954 2954 2954 2954 2954 2954 2954 2954 2954 2954 2954 2954 2954 -9999 -9999 -9999 -9999 -9999 -9999 -9999 -9999 -9999 -9999 -9999 -9999 -9999 -9999 -9999 -9999 -9999 -9999 -9999 -9999 -9999 -9999 -9999 -9999 -9999 -9999 -9999 -9999 -9999 -9999 -9999 -9999 -9999 -9999 -9999 -9999 -9999 -9999 -9999 -9999 -9999 -9999 -9999 -9999 -9999 -9999 -9999 -9999
2956 2956 2956 2956 2955 2955 2955 2955 2955 2955 2955 2955 2955 2955 2955 2955 2955 2955 2955 2955 2955 2954 2954 2954 2954 2954 2954 2954 2954 2954 2954 2954 2954 2954 -9999 -9999 -9999 -9999 -9999 -9999 -9999 -9999 -9999 -9999 -9999 -9999 -9999 -9999 -9999 -9999 -9999 -9999 -9999 -9999 -9999 -9999 -9999 -9999 -9999 -9999 -9999 -9999 -9999 -9999 -9999 -9999 -9999 -9999 -9999 -9999 -9999 -9999 -9999 -9999 -9999 -9999 -9999 -9999 -9999 -9999 -9999 -9999
2956 2956 2956 2956 2956 2955 2955 2955 2955 2955 2955 2955 2955 2955 2955 2955 2955 2955 2955 2955 2954 2954 2954 2954 2954 2954 2954 2954 2954 2954 2954 2954 2954 2954 -9999 -9999 -9999 -9999 -9999 -9999 -9999 -9999 -9999 -9999 -9999 -9999 -9999 -9999 -9999 -9999 -9999 -9999 -9999 -9999 -9999 -9999 -9999 -9999 -9999 -9999 -9999 -9999 -9999 -9999 -9999 -9999 -9999 -9999 -9999 -9999 -9999 -9999 -9999 -9999 -9999 -9999 -9999 -9999 -9999 -9999 -9999 -9999
2956 2955 2955 2955 2955 2955 2955 2955 2955 2955 2955 2955 2955 2955 2955 2955 2955 2954 2955 2954 2954 2954 2954 2954 2954 2954 2954 2954 2954 2954 2954 2954 2954 2954 -9999 -9999 -9999 -9999 -9999 -9999 -9999 -9999 -9999 -9999 -9999 -9999 -9999 -9999 -9999 -9999 -9999 -9999 -9999 -9999 -9999 -9999 -9999 -9999 -9999 -9999 -9999 -9999 -9999 -9999 -9999 -9999 -9999 -9999 -9999 -9999 -9999 -9999 -9999 -9999 -9999 -9999 -9999 -9999 -9999 -9999 -9999 -9999
2956 2955 2955 2955 2955 2955 2955 2955 2955 2955 2955 2955 2955 2955 2955 2955 2955 2954 2955 2954 2954 2954 2954 2954 2954 2954 2954 2954 2954 2954 2954 2954 2954 2954 -9999 -9999 -9999 -9999 -9999 -9999 -9999 -9999 -9999 -9999 -9999 -9999 -9999 -9999 -9999 -9999 -9999 -9999 -9999 -9999 -9999 -9999 -9999 -9999 -9999 -9999 -9999 -9999 -9999 -9999 -9999 -9999 -9999 -9999 -9999 -9999 -9999 -9999 -9999 -9999 -9999 -9999 -9999 -9999 -9999 -9999 -9999 -9999
2955 2955 2955 2955 2955 2955 2955 2955 2955 2955 2955 2955 2955 2955 2955 2955 2955 2955 2954 2954 2954 2954 2954 2954 2954 2954 2954 2954 2954 2954 2954 2954 2954 2954 -9999 -9999 -9999 -9999 -9999 -9999 -9999 -9999 -9999 -9999 -9999 -9999 -9999 -9999 -9999 -9999 -9999 -9999 -9999 -9999 -9999 -9999 -9999 -9999 -9999 -9999 -9999 -9999 -9999 -9999 -9999 -9999 -9999 -9999 -9999 -9999 -9999 -9999 -9999 -9999 -9999 -9999 -9999 -9999 -9999 -9999 -9999 -9999
2955 2955 2955 2955 2955 2955 2955 2955 2955 2955 2955 2955 2955 2955 2955 2955 2955 2955 2954 2954 2954 2954 2954 2954 2954 2954 2954 2954 2954 2954 2954 2954 2954 2954 2954 -9999 -9999 -9999 -9999 -9999 -9999 -9999 -9999 -9999 -9999 -9999 -9999 -9999 -9999 -9999 -9999 -9999 -9999 -9999 -9999 -9999 -9999 -9999 -9999 -9999 -9999 -9999 -9999 -9999 -9999 -9999 -9999 -9999 -9999 -9999 -9999 -9999 -9999 -9999 -9999 -9999 -9999 -9999 -9999 -9999 2944 2943
2950 2953 2955 2955 2955 2955 2955 2955 2955 2955 2955 2955 2955 2955 2955 2955 2955 2954 2954 2954 2954 2954 2954 2954 2954 2954 2954 2954 2954 2954 2954 2954 2954 2954 2954 2954 -9999 -9999 -9999 -9999 -9999 -9999 -9999 -9999 -9999 -9999 -9999 -9999 -9999 -9999 -9999 -9999 -9999 -9999 -9999 -9999 -9999 -9999 -9999 -9999 -9999 -9999 -9999 -9999 -9999 -9999 -9999 -9999 -9999 -9999 -9999 -9999 -9999 -9999 -9999 -9999 -9999 -9999 -9999 2943 2942 2941
2946 2949 2953 2955 2955 2955 2955 2955 2955 2955 2955 2955 2955 2955 2955 2955 2955 2954 2954 2954 2954 2954 2954 2954 2954 2954 2954 2954 2954 2954 2954 2954 2954 2954 2954 2954 -9999 -9999 -9999 -9999 -9999 -9999 -9999 -9999 -9999 -9999 -9999 -9999 -9999 -9999 -9999 -9999 -9999 -9999 -9999 -9999 -9999 -9999 -9999 -9999 -9999 -9999 -9999 -9999 -9999 -9999 -9999 -9999 -9999 -9999 -9999 -9999 -9999 -9999 -9999 -9999 -9999 2944 2944 2943 2941 2939
2952 2948 2951 2955 2955 2955 2955 2955 2955 2955 2955 2955 2955 2955 2955 2955 2955 2955 2954 2954 2954 2954 2954 2954 2954 2954 2954 2954 2954 2954 2954 2954 2954 2954 2954 2954 2954 -9999 -9999 -9999 -9999 -9999 -9999 -9999 -9999 -9999 -9999 -9999 -9999 -9999 -9999 -9999 -9999 -9999 -9999 -9999 -9999 -9999 -9999 -9999 -9999 -9999 -9999 -9999 -9999 -9999 -9999 -9999 -9999 -9999 -9999 -9999 -9999 -9999 -9999 -9999 -9999 2945 2944 2941 2938 2936
2955 2954 2952 2955 2955 2955 2955 2955 2955 2955 2955 2955 2955 2955 2955 2955 2955 2955 2954 2954 2954 2954 2954 2954 2954 2954 2954 2954 2954 2954 2954 2954 2954 2954 2954 2954 2954 2954 -9999 -9999 -9999 -9999 -9999 -9999 -9999 -9999 -9999 -9999 -9999 -9999 -9999 -9999 -9999 -9999 -9999 -9999 -9999 -9999 -9999 -9999 -9999 -9999 -9999 -9999 -9999 -9999 -9999 -9999 -9999 -9999 -9999 -9999 -9999 -9999 -9999 -9999 2945 2944 2943 2940 2937 2934
2955 2955 2955 2955 2955 2955 2955 2955 2955 2955 2955 2955 2955 2955 2955 2955 2955 2955 2954 2954 2954 2954 2954 2954 2954 2954 2954 2954 2954 2954 2954 2953 2953 2954 2954 2954 2954 2954 -9999 -9999 -9999 -9999 -9999 -9999 -9999 -9999 -9999 -9999 -9999 -9999 -9999 -9999 -9999 -9999 -9999 -9999 -9999 -9999 -9999 -9999 -9999 -9999 -9999 -9999 -9999 -9999 -9999 -9999 -9999 -9999 -9999 -9999 -9999 -9999 -9999 2945 2944 2943 2941 2939 2932 2928
2955 2955 2955 2955 2955 2955 2955 2955 2955 2955 2954 2954 2955 2955 2955 2955 2954 2954 2954 2954 2954 2954 2954 2954 2954 2953 2953 2951 2951 2951 2951 2951 2951 2952 2952 2953 2953 2953 2954 -9999 -9999 -9999 -9999 -9999 -9999 -9999 -9999 -9999 -9999 -9999 -9999 -9999 -9999 -9999 -9999 -9999 -9999 -9999 -9999 -9999 -9999 -9999 -9999 -9999 -9999 -9999 -9999 -9999 -9999 -9999 -9999 -9999 -9999 -9999 2945 2945 2943 2941 2939 2937 2933 2925
2955 2955 2955 2955 2955 2955 2955 2955 2955 2953 2951 2952 2954 2955 2954 2954 2954 2954 2954 2954 2954 2954 2954 2954 2953 2951 2949 2946 2944 2947 2948 2947 2948 2949 2950 2951 2950 2951 2953 2953 -9999 -9999 -9999 -9999 -9999 -9999 -9999 -9999 -9999 -9999 -9999 -9999 -9999 -9999 -9999 -9999 -9999 -9999 -9999 -9999 -9999 -9999 -9999 -9999 -9999 -9999 -9999 -9999 -9999 -9999 -9999 -9999 -9999 2943 2943 2941 2937 2937 2936 2934 2932 2926
2955 2955 2955 2955 2955 2955 2955 2955 2955 2953 2951 2953 2954 2954 2954 2954 2954 2954 2954 2954 2954 2954 2954 2954 2953 2951 2946 2940 2939 2943 2943 2943 2943 2945 2946 2947 2947 2947 2950 2951 2952 -9999 -9999 -9999 -9999 -9999 -9999 -9999 -9999 -9999 -9999 -9999 -9999 -9999 2946 2943 2943 2943 2943 2943 -9999 -9999 -9999 -9999 -9999 -9999 -9999 -9999 -9999 -9999 -9999 -9999 2940 2943 2940 2936 2934 2934 2932 2930 2928 2926
2955 2955 2955 2955 2955 2955 2955 2955 2955 2955 2954 2954 2954 2954 2954 2954 2954 2954 2954 2954 2954 2954 2954 2953 2952 2949 2944 2936 2935 2937 2938 2939 2940 2940 2941 2942 2942 2943 2946 2948 2949 -9999 -9999 -9999 -9999 -9999 -9999 -9999 -9999 -9999 -9999 -9999 -9999 2945 2940 2933 2937 2940 2940 2940 2943 2943 -9999 -9999 -9999 -9999 -9999 -9999 -9999 -9999 -9999 -9999 2940 2942 2940 2939 2937 2935 2933 2932 2931 2931
2955 2955 2955 2955 2955 2955 2955 2955 2955 2955 2955 2954 2954 2954 2954 2954 2953 2954 2954 2954 2954 2954 2954 2952 2949 2947 2943 2938 2934 2927 2934 2934 2933 2934 2934 2935 2936 2939 2941 2943 2947 2949 -9999 -9999 -9999 -9999 -9999 -9999 -9999 -9999 -9999 -9999 2939 2937 2935 2927 2933 2934 2932 2933 2937 2938 2935 2934 -9999 -9999 -9999 -9999 -9999 -9999 -9999 2938 2939 2942 2941 2939 2937 2936 2933 2932 2932 2931
2955 2955 2955 2955 2955 2955 2955 2955 2955 2955 2954 2954 2954 2954 2954 2953 2950 2954 2954 2954 2954 2954 2953 2951 2948 2944 2940 2935 2933 2930 2928 2929 2927 2925 2924 2924 2928 2932 2935 2940 2944 2948 -9999 -9999 -9999 -9999 -9999 -9999 -9999 -9999 -9999 2941 2940 2937 2937 2934 2927 2924 2920 2928 2928 2929 2930 2931 2937 2941 2938 2939 2939 2939 2939 2939 2939 2941 2940 2937 2935 2933 2931 2931 2932 2932
2955 2955 2955 2955 2955 2955 2955 2955 2955 2954 2954 2954 2954 2953 2952 2952 2952 2954 2954 2954 2954 2953 2953 2950 2947 2943 2939 2934 2930 2926 2923 2923 2920 2918 2917 2919 2921 2924 2929 2935 2942 2946 2949 -9999 -9999 -9999 -9999 -9999 -9999 -9999 2948 2946 2944 2942 2940 2937 2929 2919 2915 2923 2922 2923 2926 2929 2934 2938 2937 2937 2939 2939 2940 2939 2938 2938 2938 2935 2932 2929 2930 2931 2932 2932
2955 2955 2955 2955 2955 2954 2954 2954 2954 2954 2954 2954 2954 2954 2952 2953 2954 2954 2954 2954 2950 2949 2951 2950 2947 2942 2937 2932 2927 2923 2918 2916 2913 2913 2913 2915 2916 2921 2927 2934 2940 2945 2948 -9999 -9999 -9999 -9999 -9999 -9999 2949 2948 2947 2945 2943 2940 2937 2927 2915 2909 2912 2916 2920 2923 2926 2933 2934 2936 2937 2939 2939 2939 2938 2937 2935 2934 2933 2931 2930 2931 2932 2933 2932
2955 2955 2955 2955 2954 2954 2954 2954 2954 2954 2954 2954 2954 2954 2954 2954 2954 2954 2954 2952 2942 2941 2949 2949 2945 2941 2936 2931 2925 2920 2915 2911 2908 2906 2908 2910 2916 2922 2928 2933 2938 2943 2947 -9999 -9999 -9999 -9999 -9999 2950 2949 2947 2945 2943 2935 2932 2932 2923 2915 2909 2906 2911 2915 2919 2923 2928 2932 2935 2936 2937 2939 2938 2937 2935 2932 2930 2930 2932 2933 2933 2933 2932 2932
2955 2955 2954 2954 2954 2954 2954 2954 2954 2954 2954 2954 2954 2954 2954 2954 2954 2954 2954 2950 2941 2942 2950 2949 2947 2942 2937 2931 2926 2920 2916 2912 2910 2906 2908 2910 2917 2924 2929 2934 2939 2943 2946 2949 -9999 -9999 -9999 2950 2947 2944 2940 2940 2935 2929 2924 2922 2922 2915 2913 2907 2905 2910 2917 2923 2929 2932 2932 2931 2932 2936 2938 2936 2933 2932 2931 2932 2932 2933 2934 2933 2933 2932
2954 2954 2954 2954 2954 2954 2954 2954 2954 2954 2954 2954 2954 2954 2954 2954 2954 2954 2954 2954 2952 2952 2953 2951 2949 2944 2939 2933 2927 2923 2919 2915 2914 2911 2909 2914 2922 2927 2932 2937 2941 2944 2946 2948 -9999 2951 2949 2945 2940 2934 2931 2931 2930 2925 2923 2918 2916 2917 2916 2909 2906 2911 2920 2926 2929 2932 2930 2928 2930 2934 2938 2938 2935 2935 2933 2934 2933 2933 2934 2933 2932 2931
2954 2954 2954 2954 2954 2954 2954 2954 2954 2954 2954 2954 2954 2954 2954 2954 2954 2954 2954 2954 2954 2954 2953 2952 2951 2947 2941 2936 2931 2926 2920 2919 2917 2914 2914 2918 2924 2930 2933 2938 2941 2944 2946 2948 2950 2951 2949 2943 2936 2927 2924 2924 2925 2924 2922 2922 2920 2921 2919 2916 2915 2917 2923 2927 2930 2930 2930 2929 2930 2933 2937 2937 2936 2936 2935 2934 2934 2934 2933 2933 2933 2931
2954 2954 2954 2954 2954 2954 2954 2953 2954 2954 2954 2954 2954 2954 2954 2954 2954 2954 2954 2954 2954 2953 2952 2950 2949 2949 2944 2939 2933 2930 2925 2924 2922 2919 2919 2924 2929 2933 2936 2940 2943 2946 2948 2949 2950 2950 2948 2938 2927 2921 2918 2920 2923 2923 2923 2924 2924 2923 2922 2920 2920 2921 2925 2926 2927 2928 2930 2931 2933 2933 2934 2934 2933 2935 2934 2933 2934 2933 2931 2931 2931 2931
2953 2954 2954 2954 2954 2952 2949 2946 2948 2951 2953 2954 2954 2954 2954 2954 2954 2954 2954 2953 2951 2948 2944 2944 2946 2948 2946 2941 2938 2934 2932 2930 2928 2926 2926 2929 2933 2936 2939 2942 2944 2947 2949 2950 2950 2950 2947 2936 2925 2918 2915 2919 2925 2925 2925 2926 2926 2924 2921 2919 2918 2920 2922 2925 2927 2928 2928 2930 2930 2932 2933 2934 2933 2934 2934 2933 2933 2934 2932 2931 2929 2928
2952 2953 2953 2953 2952 2948 2943 2941 2943 2947 2950 2953 2953 2953 2953 2953 2954 2953 2952 2947 2941 2936 2931 2933 2938 2942 2945 2944 2942 2939 2936 2936 2933 2932 2933 2934 2936 2938 2940 2943 2945 2947 2949 2950 2950 2950 2947 2936 2927 2923 2920 2924 2927 2928 2928 2927 2926 2924 2920 2917 2915 2916 2919 2923 2924 2925 2927 2929 2931 2933 2934 2934 2933 2933 2932 2932 2932 2932 2933 2931 2931 2929
2951 2953 2951 2949 2947 2943 2939 2936 2940 2944 2946 2952 2953 2953 2953 2953 2953 2952 2947 2938 2926 2915 2911 2916 2926 2936 2939 2941 2943 2942 2941 2940 2938 2937 2938 2938 2940 2941 2942 2944 2947 2948 2950 2951 2950 2950 2947 2940 2933 2930 2928 2929 2930 2928 2928 2926 2924 2921 2919 2914 2909 2911 2917 2922 2924 2926 2928 2929 2931 2932 2933 2933 2932 2931 2931 2931 2931 2929 2929 2928 2927 2927
2946 2952 2952 2948 2944 2942 2941 2939 2941 2944 2945 2950 2953 2953 2953 2953 2953 2949 2942 2930 2913 2898 2893 2903 2916 2929 2936 2941 2942 2944 2944 2944 2942 2941 2942 2942 2942 2943 2943 2945 2947 2949 2951 2951 2951 2950 2948 2944 2939 2935 2933 2931 2930 2929 2927 2925 2920 2918 2919 2916 2909 2911 2918 2924 2927 2929 2929 2929 2931 2932 2933 2933 2932 2931 2931 2930 2929 2929 2928 2927 2926 2926
2947 2950 2952 2949 2946 2944 2942 2940 2943 2946 2947 2950 2953 2953 2953 2953 2953 2948 2938 2926 2911 2895 2885 2896 2913 2930 2939 2944 2945 2947 2947 2947 2946 2945 2945 2944 2944 2945 2945 2946 2948 2949 2951 2951 2951 2950 2948 2945 2943 2939 2935 2933 2932 2928 2927 2925 2922 2921 2920 2920 2918 2919 2924 2929 2932 2933 2933 2932 2932 2933 2934 2934 2933 2931 2930 2929 2928 2928 2928 2927 2927 2926
2948 2949 2949 2943 2940 2939 2941 2942 2945 2948 2951 2952 2953 2953 2953 2953 2952 2947 2936 2927 2915 2905 2899 2905 2919 2934 2940 2944 2946 2948 2949 2949 2949 2948 2948 2947 2946 2947 2947 2947 2948 2949 2951 2951 2952 2951 2948 2947 2942 2938 2940 2933 2931 2925 2923 2924 2926 2924 2923 2924 2928 2930 2932 2933 2934 2934 2934 2934 2934 2934 2934 2934 2934 2932 2930 2929 2928 2928 2927 2926 2925 2923
2947 2946 2944 2936 2929 2927 2933 2943 2949 2952 2953 2953 2953 2953 2953 2953 2950 2946 2938 2931 2925 2921 2918 2923 2932 2939 2943 2944 2946 2947 2949 2951 2951 2950 2950 2949 2948 2948 2948 2948 2949 2950 2951 2951 2951 2951 2950 2948 2946 2942 2939 2934 2930 2925 2920 2922 2926 2927 2927 2928 2931 2933 2933 2934 2934 2935 2935 2935 2935 2934 2934 2934 2933 2932 2930 2928 2927 2926 2925 2922 2920 2917
2946 2944 2942 2932 2923 2923 2930 2940 2949 2953 2953 2953 2953 2953 2953 2953 2950 2947 2941 2936 2932 2931 2934 2939 2942 2944 2946 2947 2948 2949 2951 2951 2951 2951 2950 2949 2947 2947 2948 2948 2950 2951 2951 2951 2951 2951 2950 2949 2947 2944 2944 2942 2936 2930 2924 2923 2927 2929 2930 2931 2934 2934 2933 2934 2934 2935 2935 2935 2934 2934 2934 2934 2933 2932 2930 2928 2926 2926 2924 2921 2919 2919
