FUTURO/Eje_30s/ASC/bio_05.asc
ncols         993
nrows         433
xllcorner     -105.25566776747
yllcorner     17.599810932142
cellsize      0.0083333333
NODATA_value  -9999
[rows 216 to 251 of 433, columns 574 to 655 of 993]
-9999 -9999 -9999 -9999 -9999 -9999 -9999 -9999 -9999 -9999 -9999 -9999 -9999 -9999 -9999 -9999 -9999 -9999 -9999 -9999 2993 2992 2983 2981 2974 2967 2965 2957 2947 2945 2947 2951 2959 2967 2972 2976 2978 2979 2979 2976 2978 2979 2980 2980 2980 2980 2980 2981 2980 2980 2978 2977 2975 2971 2968 2966 2965 2966 2968 2969 2970 2968 2965 2965 2968 2971 2971 2971 2972 2972 2971 2971 2971 2972 2971 2971 2972 2971 2971 2972 2973 2972
-9999 -9999 -9999 -9999 -9999 -9999 -9999 -9999 -9999 -9999 -9999 -9999 -9999 -9999 -9999 -9999 -9999 -9999 -9999 2976 2980 2982 2976 2973 2964 2950 2959 2955 2950 2948 2948 2956 2963 2969 2974 2977 2979 2982 2983 2980 2978 2979 2980 2981 2981 2980 2981 2981 2978 2977 2976 2976 2974 2970 2965 2963 2962 2962 2966 2967 2969 2969 2968 2966 2970 2971 2971 2971 2972 2971 2971 2971 2971 2971 2971 2971 2971 2971 2971 2972 2972 2972
-9999 -9999 -9999 -9999 -9999 -9999 -9999 -9999 -9999 -9999 -9999 -9999 -9999 -9999 -9999 -9999 -9999 -9999 2964 2961 2971 2980 2978 2967 2957 2953 2957 2960 2961 2959 2956 2955 2961 2971 2974 2977 2978 2982 2985 2984 2980 2983 2982 2982 2982 2982 2982 2979 2977 2973 2971 2973 2973 2968 2964 2960 2960 2960 2964 2967 2969 2969 2970 2970 2971 2971 2971 2971 2971 2970 2970 2970 2970 2970 2970 2971 2970 2970 2971 2971 2971 2971
-9999 -9999 -9999 -9999 -9999 -9999 -9999 -9999 -9999 -9999 -9999 -9999 -9999 -9999 -9999 -9999 -9999 -9999 2978 2975 2981 2987 2975 2968 2966 2961 2960 2968 2968 2964 2964 2954 2962 2971 2974 2979 2984 2984 2987 2987 2986 2985 2983 2981 2981 2981 2981 2979 2977 2971 2969 2969 2972 2969 2965 2962 2961 2962 2965 2968 2969 2970 2970 2971 2970 2970 2970 2970 2970 2969 2969 2969 2970 2969 2969 2969 2970 2970 2971 2970 2971 2970
-9999 -9999 -9999 -9999 -9999 -9999 -9999 -9999 -9999 -9999 -9999 -9999 -9999 -9999 -9999 -9999 -9999 2999 2992 2994 2995 2991 2985 2981 2981 2973 2965 2973 2974 2973 2970 2965 2970 2977 2972 2980 2987 2988 2989 2988 2986 2982 2980 2976 2976 2978 2979 2979 2978 2975 2972 2969 2971 2971 2968 2965 2963 2964 2966 2969 2970 2970 2971 2970 2970 2969 2969 2968 2969 2968 2968 2968 2968 2969 2968 2969 2969 2970 2970 2970 2970 2970
-9999 -9999 -9999 -9999 -9999 -9999 -9999 -9999 -9999 -9999 -9999 -9999 -9999 -9999 -9999 -9999 3004 3004 3001 3002 2999 2995 2991 2988 2983 2971 2976 2980 2978 2977 2977 2976 2978 2982 2980 2986 2988 2990 2988 2986 2984 2979 2975 2973 2974 2977 2976 2977 2977 2975 2973 2970 2971 2973 2971 2968 2966 2966 2967 2968 2969 2970 2970 2969 2969 2968 2968 2968 2968 2967 2967 2967 2967 2967 2967 2968 2968 2968 2968 2969 2970 2969
-9999 -9999 -9999 -9999 -9999 -9999 -9999 -9999 -9999 -9999 -9999 -9999 -9999 -9999 -9999 -9999 3005 3003 3000 3001 2996 2987 2994 2993 2991 2985 2986 2985 2986 2985 2985 2984 2984 2985 2985 2984 2987 2987 2989 2989 2988 2984 2974 2973 2975 2976 2973 2974 2975 2975 2975 2972 2971 2973 2973 2971 2969 2968 2968 2968 2970 2970 2968 2968 2968 2967 2967 2967 2966 2966 2966 2966 2966 2966 2967 2967 2967 2967 2967 2968 2969 2969
-9999 -9999 -9999 -9999 -9999 -9999 -9999 -9999 -9999 -9999 -9999 -9999 -9999 -9999 -9999 -9999 3006 3000 2994 2997 2997 2998 2998 2996 2997 2994 2988 2991 2993 2991 2992 2991 2988 2987 2984 2985 2985 2982 2988 2991 2990 2985 2981 2975 2971 2972 2973 2973 2974 2975 2976 2975 2975 2975 2973 2970 2969 2969 2968 2968 2969 2968 2966 2966 2966 2966 2966 2966 2965 2964 2964 2964 2965 2965 2965 2965 2965 2966 2967 2967 2968 2966
-9999 -9999 -9999 -9999 -9999 -9999 -9999 -9999 -9999 -9999 -9999 -9999 -9999 -9999 -9999 -9999 3009 3000 2992 2992 2992 3000 3001 3000 3000 2992 2992 2993 2996 2996 2997 2996 2992 2986 2979 2981 2979 2985 2989 2993 2995 2992 2988 2978 2970 2974 2977 2977 2977 2976 2974 2976 2975 2974 2971 2971 2969 2969 2969 2969 2969 2968 2966 2965 2964 2965 2964 2964 2963 2963 2963 2963 2963 2964 2964 2964 2964 2965 2966 2967 2967 2967
-9999 -9999 -9999 -9999 -9999 -9999 -9999 -9999 -9999 -9999 -9999 -9999 -9999 -9999 -9999 -9999 3003 2996 2989 2986 2997 3004 3004 3004 3004 3002 2999 2995 2995 3000 3000 2999 2995 2989 2980 2979 2981 2989 2991 2993 2997 2994 2987 2978 2977 2980 2981 2981 2980 2978 2976 2975 2975 2973 2968 2970 2971 2970 2970 2969 2968 2967 2966 2963 2963 2963 2962 2962 2962 2962 2961 2961 2962 2962 2962 2963 2963 2964 2965 2965 2966 2966
-9999 -9999 -9999 -9999 -9999 -9999 -9999 -9999 -9999 -9999 -9999 -9999 -9999 -9999 -9999 -9999 3000 2993 2991 2991 3001 3007 3007 3007 3008 3008 3009 3001 2998 3004 3004 3001 2998 2995 2987 2982 2989 2994 2996 2996 2997 2993 2987 2980 2982 2983 2983 2982 2979 2977 2977 2976 2976 2975 2970 2968 2971 2971 2970 2969 2967 2965 2964 2962 2960 2959 2961 2961 2961 2961 2959 2960 2960 2960 2960 2961 2962 2962 2964 2964 2965 2964
-9999 -9999 -9999 -9999 -9999 -9999 -9999 -9999 -9999 -9999 -9999 -9999 -9999 -9999 -9999 -9999 3000 2996 2990 2994 3003 3008 3009 3009 3010 3011 3012 3010 3009 3008 3005 3004 3003 3001 2993 2990 2996 2996 2999 3000 2998 2994 2986 2979 2982 2984 2983 2982 2977 2975 2974 2974 2974 2975 2971 2970 2972 2971 2970 2968 2966 2965 2963 2959 2956 2954 2959 2959 2959 2959 2957 2957 2957 2958 2958 2959 2960 2961 2962 2963 2963 2964
-9999 -9999 -9999 -9999 -9999 -9999 -9999 -9999 -9999 -9999 -9999 -9999 -9999 -9999 -9999 -9999 3008 3003 2996 2992 2998 3005 3010 3012 3012 3013 3014 3014 3012 3011 3006 3006 3005 3004 3001 3001 3001 3001 3001 2998 2996 2993 2987 2981 2977 2981 2982 2982 2980 2978 2974 2972 2971 2972 2974 2973 2973 2971 2970 2968 2966 2964 2962 2958 2954 2955 2958 2958 2957 2956 2956 2955 2955 2956 2956 2957 2958 2960 2961 2961 2962 2963
-9999 -9999 -9999 -9999 -9999 -9999 -9999 -9999 -9999 -9999 -9999 -9999 -9999 -9999 -9999 -9999 -9999 3005 2994 2985 2995 3006 3008 3007 3012 3015 3017 3015 3013 3014 3007 3007 3005 3003 3004 3002 3005 3003 2996 2994 2990 2986 2983 2980 2975 2977 2980 2983 2982 2980 2980 2976 2977 2975 2975 2974 2973 2972 2971 2967 2964 2956 2962 2961 2959 2957 2956 2956 2955 2953 2952 2952 2953 2954 2954 2956 2957 2958 2959 2960 2960 2962
-9999 -9999 -9999 -9999 -9999 -9999 -9999 -9999 -9999 -9999 -9999 -9999 -9999 -9999 -9999 -9999 -9999 3002 2985 2983 2993 2998 3006 3010 3014 3018 3020 3020 3017 3016 3009 3007 3003 3002 2999 3000 3004 3000 2993 2991 2989 2986 2984 2981 2978 2981 2981 2983 2983 2981 2979 2976 2976 2979 2979 2977 2976 2974 2971 2965 2958 2956 2955 2960 2959 2957 2955 2952 2951 2950 2949 2949 2950 2951 2952 2954 2956 2957 2958 2958 2959 2961
-9999 -9999 -9999 -9999 -9999 -9999 -9999 -9999 -9999 -9999 -9999 -9999 -9999 -9999 -9999 -9999 -9999 -9999 2996 2987 2998 3003 3013 3016 3020 3019 3027 3022 3017 3013 3012 3007 3007 3006 3003 3002 3006 3000 2995 2990 2987 2987 2986 2984 2983 2984 2982 2983 2983 2982 2980 2976 2974 2976 2981 2982 2979 2977 2971 2963 2954 2950 2952 2961 2960 2956 2955 2951 2947 2947 2946 2946 2947 2948 2947 2952 2954 2955 2957 2956 2958 2960
-9999 -9999 -9999 -9999 -9999 -9999 -9999 -9999 -9999 -9999 -9999 -9999 -9999 -9999 -9999 -9999 -9999 -9999 -9999 3005 3005 3013 3017 3020 3029 3031 3031 3024 3017 3016 3011 3007 3010 3012 3011 3011 3010 3005 2998 2990 2984 2987 2988 2986 2986 2982 2985 2983 2983 2985 2986 2983 2980 2977 2983 2981 2979 2980 2974 2970 2965 2956 2963 2964 2955 2947 2948 2952 2947 2943 2942 2942 2942 2943 2943 2950 2953 2954 2954 2956 2958 2960
-9999 -9999 -9999 -9999 -9999 -9999 -9999 -9999 -9999 -9999 -9999 -9999 -9999 -9999 -9999 -9999 -9999 -9999 -9999 -9999 3012 3022 3019 3026 3033 3034 3029 3026 3017 3011 3007 3011 3015 3016 3015 3015 3013 3007 3003 2997 2993 2995 2996 2993 2991 2991 2991 2992 2988 2990 2989 2986 2987 2987 2987 2985 2981 2979 2977 2974 2972 2968 2964 2960 2958 2954 2947 2948 2947 2943 2938 2936 2934 2939 2944 2948 2950 2951 2953 2955 2957 2958
-9999 -9999 -9999 -9999 -9999 -9999 -9999 -9999 -9999 -9999 -9999 -9999 -9999 -9999 -9999 -9999 -9999 -9999 -9999 -9999 3026 3031 3025 3024 3032 3031 3025 3018 3014 3013 3010 3007 3011 3017 3020 3018 3011 3008 3008 3004 3003 3003 3001 2999 2998 2999 2996 2995 2991 2993 2991 2988 2989 2988 2987 2986 2983 2980 2976 2974 2970 2965 2960 2954 2953 2954 2952 2949 2947 2942 2937 2931 2935 2935 2941 2946 2947 2949 2952 2955 2956 2958
-9999 -9999 -9999 -9999 -9999 -9999 -9999 -9999 -9999 -9999 -9999 -9999 -9999 -9999 -9999 -9999 -9999 -9999 -9999 -9999 -9999 -9999 -9999 3040 3036 3032 3027 3019 3011 3019 3015 3013 3013 3019 3024 3021 3019 3018 3016 3008 3007 3008 3005 3005 3004 3003 3000 2997 2986 2993 2992 2988 2986 2986 2982 2981 2978 2976 2973 2971 2968 2965 2962 2959 2954 2951 2948 2945 2945 2941 2940 2934 2932 2933 2940 2943 2944 2948 2952 2954 2956 2958
-9999 -9999 -9999 -9999 -9999 -9999 -9999 -9999 -9999 -9999 -9999 -9999 -9999 -9999 -9999 -9999 -9999 -9999 -9999 -9999 -9999 -9999 -9999 -9999 -9999 -9999 -9999 3018 3014 3022 3024 3022 3023 3023 3026 3025 3024 3019 3010 3012 3010 3012 3010 3011 3008 3005 3003 2999 2993 2992 2989 2985 2984 2984 2980 2975 2972 2970 2970 2968 2967 2962 2963 2961 2954 2950 2948 2945 2942 2939 2938 2936 2934 2938 2942 2944 2947 2948 2951 2953 2955 2956
-9999 -9999 -9999 -9999 -9999 -9999 -9999 -9999 -9999 -9999 -9999 -9999 -9999 -9999 -9999 -9999 -9999 -9999 -9999 -9999 -9999 -9999 -9999 -9999 -9999 -9999 -9999 -9999 -9999 -9999 3027 3027 3027 3028 3028 3026 3019 3013 3015 3020 3019 3017 3016 3011 3008 3007 3005 3000 2995 2992 2988 2983 2981 2981 2980 2973 2967 2965 2967 2962 2963 2963 2964 2960 2955 2953 2950 2945 2944 2940 2937 2939 2935 2937 2939 2942 2945 2948 2951 2953 2952 2954
-9999 -9999 -9999 -9999 -9999 -9999 -9999 -9999 -9999 -9999 -9999 -9999 -9999 -9999 -9999 -9999 -9999 -9999 -9999 -9999 -9999 -9999 -9999 -9999 -9999 -9999 -9999 -9999 -9999 -9999 -9999 3029 3028 3025 3029 3022 3017 3016 3022 3023 3022 3018 3013 3009 3008 3006 3002 2997 2994 2990 2986 2981 2975 2976 2976 2971 2964 2966 2967 2965 2964 2964 2961 2962 2962 2957 2952 2950 2945 2942 2945 2943 2939 2936 2939 2941 2943 2946 2951 2952 2951 2954
-9999 -9999 -9999 -9999 -9999 -9999 -9999 -9999 -9999 -9999 -9999 -9999 -9999 -9999 -9999 -9999 -9999 -9999 -9999 -9999 -9999 -9999 -9999 -9999 -9999 -9999 -9999 -9999 -9999 -9999 -9999 -9999 -9999 3028 3029 3023 3025 3023 3024 3024 3020 3016 3014 3010 3006 3004 3001 2998 2995 2991 2986 2978 2969 2971 2972 2971 2966 2968 2967 2965 2962 2963 2964 2964 2963 2958 2950 2947 2947 2953 2951 2948 2943 2938 2941 2944 2946 2948 2951 2950 2951 2952
-9999 -9999 -9999 -9999 -9999 -9999 -9999 -9999 -9999 -9999 -9999 -9999 -9999 -9999 -9999 -9999 -9999 -9999 -9999 -9999 -9999 -9999 -9999 -9999 -9999 -9999 -9999 -9999 -9999 -9999 -9999 -9999 -9999 -9999 3024 3024 3026 3025 3025 3023 3022 3020 3017 3011 3009 3008 3005 3000 2996 2992 2988 2983 2976 2971 2970 2970 2968 2968 2965 2961 2959 2960 2960 2961 2961 2956 2949 2943 2945 2957 2955 2949 2943 2940 2940 2945 2948 2950 2950 2950 2950 2950
-9999 -9999 -9999 -9999 -9999 -9999 -9999 -9999 -9999 -9999 -9999 -9999 -9999 -9999 -9999 -9999 -9999 -9999 -9999 -9999 -9999 -9999 -9999 -9999 -9999 -9999 -9999 -9999 -9999 -9999 -9999 -9999 -9999 3027 3017 3018 3026 3026 3025 3024 3022 3020 3013 3007 3007 3008 3006 3001 2997 2994 2990 2984 2977 2971 2973 2971 2969 2968 2962 2959 2956 2956 2953 2960 2963 2960 2954 2946 2950 2961 2957 2954 2947 2946 2946 2946 2946 2944 2947 2948 2949 2949
-9999 -9999 -9999 -9999 -9999 -9999 -9999 -9999 -9999 -9999 -9999 -9999 -9999 -9999 -9999 -9999 -9999 -9999 -9999 -9999 -9999 -9999 -9999 -9999 -9999 -9999 -9999 -9999 -9999 -9999 -9999 -9999 -9999 3029 3023 3022 3023 3026 3026 3025 3024 3022 3015 3004 3008 3010 3008 3002 2999 2996 2991 2984 2979 2979 2978 2971 2964 2968 2960 2959 2957 2952 2949 2960 2963 2959 2955 2953 2957 2965 2960 2953 2953 2953 2948 2945 2940 2937 2939 2943 2946 2946
-9999 -9999 -9999 -9999 -9999 -9999 -9999 -9999 -9999 -9999 -9999 -9999 -9999 -9999 -9999 -9999 -9999 -9999 -9999 -9999 -9999 -9999 -9999 -9999 -9999 -9999 -9999 -9999 -9999 -9999 -9999 -9999 -9999 3028 3026 3025 3025 3027 3025 3025 3024 3024 3019 3008 3009 3011 3008 3004 3001 2997 2995 2989 2987 2984 2980 2977 2971 2972 2973 2970 2965 2961 2957 2960 2960 2960 2959 2958 2964 2968 2960 2958 2958 2956 2950 2946 2941 2938 2937 2941 2942 2945
-9999 -9999 -9999 -9999 -9999 -9999 -9999 -9999 -9999 -9999 -9999 -9999 -9999 -9999 -9999 -9999 -9999 -9999 -9999 -9999 -9999 -9999 -9999 -9999 -9999 -9999 -9999 -9999 -9999 -9999 -9999 -9999 3029 3028 3025 3024 3022 3025 3020 3021 3021 3021 3018 3013 3012 3009 3006 3005 3003 3000 2997 2992 2990 2987 2984 2982 2980 2977 2976 2973 2967 2962 2963 2962 2962 2961 2962 2963 2969 2969 2964 2964 2962 2956 2954 2949 2948 2944 2940 2941 2941 2942
-9999 -9999 -9999 -9999 -9999 -9999 -9999 -9999 -9999 -9999 -9999 -9999 -9999 -9999 -9999 -9999 -9999 -9999 -9999 -9999 -9999 -9999 -9999 -9999 -9999 -9999 -9999 -9999 -9999 -9999 -9999 3033 3022 3025 3022 3023 3019 3020 3020 3017 3018 3017 3015 3014 3010 3008 3007 3004 3003 3001 2999 2997 2994 2990 2987 2984 2982 2979 2975 2973 2963 2960 2963 2963 2964 2964 2968 2969 2973 2968 2966 2966 2962 2958 2956 2954 2951 2948 2946 2942 2939 2939
-9999 -9999 -9999 -9999 -9999 -9999 -9999 -9999 -9999 -9999 -9999 -9999 -9999 -9999 -9999 -9999 -9999 -9999 -9999 -9999 -9999 -9999 -9999 -9999 -9999 -9999 -9999 -9999 -9999 -9999 3029 3019 3016 3018 3018 3017 3011 3011 3014 3014 3016 3015 3015 3012 3010 3008 3005 3003 3002 3001 2999 2996 2993 2992 2987 2982 2984 2979 2977 2973 2962 2966 2967 2965 2968 2973 2972 2973 2974 2969 2969 2963 2961 2961 2958 2954 2951 2948 2945 2943 2937 2934
-9999 -9999 -9999 -9999 -9999 -9999 -9999 -9999 -9999 -9999 -9999 -9999 -9999 -9999 -9999 -9999 -9999 -9999 -9999 -9999 -9999 -9999 -9999 -9999 -9999 -9999 -9999 -9999 -9999 3011 3012 3006 3000 2999 3000 3000 3006 3010 3011 3010 3012 3013 3013 3013 3009 3006 3004 3002 3002 3001 2997 2995 2993 2991 2987 2981 2980 2981 2981 2970 2966 2974 2974 2975 2976 2977 2976 2976 2975 2972 2970 2965 2960 2957 2955 2950 2950 2947 2944 2942 2937 2931
-9999 -9999 -9999 -9999 -9999 -9999 -9999 -9999 -9999 -9999 -9999 -9999 -9999 -9999 -9999 -9999 -9999 -9999 -9999 -9999 -9999 -9999 -9999 -9999 -9999 -9999 -9999 -9999 2992 2994 2994 2995 2995 2994 2994 2998 3002 3007 3008 3009 3009 3009 3008 3007 3007 3003 3002 3000 3001 3002 3000 2999 2996 2992 2988 2983 2981 2982 2982 2971 2974 2982 2983 2980 2980 2979 2976 2972 2972 2972 2966 2961 2959 2956 2953 2946 2945 2945 2942 2940 2937 2931
-9999 -9999 -9999 -9999 -9999 -9999 -9999 -9999 -9999 -9999 -9999 -9999 -9999 -9999 -9999 -9999 -9999 -9999 -9999 -9999 -9999 -9999 -9999 -9999 -9999 -9999 -9999 2993 2991 2996 2995 2993 2996 2993 2994 2996 2996 3000 3006 3004 3004 3003 2999 2997 2999 2996 2998 2998 3000 3001 3001 2999 2997 2991 2987 2986 2986 2987 2985 2974 2977 2983 2985 2984 2982 2979 2972 2971 2970 2967 2965 2962 2959 2956 2950 2943 2941 2943 2941 2937 2934 2932
-9999 -9999 -9999 -9999 -9999 -9999 -9999 -9999 -9999 -9999 -9999 -9999 -9999 -9999 -9999 -9999 -9999 -9999 -9999 -9999 -9999 -9999 -9999 -9999 -9999 -9999 3015 2997 2996 2995 2998 2998 2999 2996 2997 2999 3000 3000 3002 2989 2998 2994 2994 2990 2992 2990 2992 2994 2996 2999 2999 2993 2989 2989 2991 2991 2992 2989 2987 2981 2976 2984 2987 2985 2983 2980 2978 2975 2968 2965 2963 2962 2961 2957 2953 2945 2941 2937 2940 2936 2934 2929
-9999 -9999 -9999 -9999 -9999 -9999 -9999 -9999 -9999 -9999 -9999 -9999 -9999 -9999 -9999 -9999 -9999 -9999 -9999 -9999 -9999 -9999 -9999 -9999 -9999 -9999 3027 3015 3009 3001 3005 3006 2994 2993 2997 2999 3000 3001 3003 2998 2998 2995 2994 2993 2989 2985 2990 2992 2994 2996 2997 2992 2990 2994 2996 2995 2995 2992 2989 2988 2990 2990 2988 2985 2983 2980 2976 2972 2968 2964 2963 2961 2957 2951 2947 2946 2946 2941 2940 2935 2934 2930
