FUTURO/Eje_30s/ASC/bio_05.asc
ncols         993
nrows         433
xllcorner     -105.25566776747
yllcorner     17.599810932142
cellsize      0.0083333333
NODATA_value  -9999
[rows 0 to 35 of 433, columns 164 to 245 of 993]
-9999 -9999 -9999 -9999 -9999 -9999 -9999 -9999 -9999 -9999 -9999 -9999 -9999 -9999 -9999 -9999 -9999 -9999 -9999 -9999 -9999 -9999 -9999 -9999 -9999 -9999 -9999 -9999 -9999 -9999 -9999 -9999 -9999 -9999 -9999 -9999 -9999 -9999 -9999 -9999 -9999 -9999 -9999 -9999 -9999 -9999 -9999 -9999 -9999 -9999 -9999 -9999 -9999 -9999 -9999 -9999 -9999 -9999 -9999 -9999 3088 3095 3098 3097 3098 3092 -9999 -9999 -9999 -9999 -9999 -9999 -9999 -9999 -9999 -9999 -9999 -9999 -9999 -9999 -9999 -9999
-9999 -9999 -9999 -9999 -9999 -9999 -9999 -9999 -9999 -9999 -9999 -9999 -9999 -9999 -9999 -9999 -9999 -9999 -9999 -9999 -9999 -9999 -9999 -9999 -9999 -9999 -9999 -9999 -9999 -9999 -9999 -9999 -9999 -9999 -9999 -9999 -9999 -9999 -9999 -9999 -9999 -9999 -9999 -9999 -9999 -9999 -9999 -9999 -9999 -9999 -9999 -9999 -9999 -9999 -9999 -9999 -9999 -9999 -9999 3088 3096 3099 3100 3098 3096 3091 3086 3081 3071 3061 3049 3041 -9999 -9999 -9999 -9999 -9999 -9999 -9999 -9999 -9999 -9999
-9999 -9999 -9999 -9999 -9999 -9999 -9999 -9999 -9999 -9999 -9999 -9999 -9999 -9999 -9999 -9999 -9999 -9999 -9999 -9999 -9999 -9999 -9999 -9999 -9999 -9999 -9999 -9999 -9999 -9999 -9999 -9999 -9999 -9999 -9999 -9999 -9999 -9999 -9999 -9999 -9999 -9999 -9999 -9999 -9999 -9999 -9999 -9999 -9999 -9999 -9999 -9999 -9999 -9999 -9999 -9999 -9999 3080 3086 3086 3096 3099 3101 3099 3095 3090 3087 3082 3071 3065 3056 3042 3043 3055 3061 3069 -9999 -9999 -9999 -9999 -9999 -9999
-9999 -9999 -9999 -9999 -9999 -9999 -9999 -9999 -9999 -9999 -9999 -9999 -9999 -9999 -9999 -9999 -9999 -9999 -9999 -9999 -9999 -9999 -9999 -9999 -9999 -9999 -9999 -9999 -9999 -9999 -9999 -9999 -9999 -9999 -9999 -9999 -9999 -9999 -9999 -9999 -9999 -9999 -9999 -9999 -9999 -9999 -9999 -9999 -9999 -9999 -9999 -9999 -9999 -9999 -9999 -9999 3077 3086 3091 3095 3100 3101 3102 3099 3095 3090 3083 3076 3072 3064 3052 3043 3048 3053 3059 3069 3077 -9999 -9999 -9999 -9999 -9999
-9999 -9999 -9999 -9999 -9999 -9999 -9999 -9999 -9999 -9999 -9999 -9999 -9999 -9999 -9999 -9999 -9999 -9999 -9999 -9999 -9999 -9999 -9999 -9999 -9999 -9999 -9999 -9999 -9999 -9999 -9999 -9999 -9999 -9999 -9999 -9999 -9999 -9999 -9999 -9999 -9999 -9999 -9999 -9999 -9999 -9999 -9999 -9999 -9999 -9999 -9999 -9999 -9999 -9999 3060 3068 3081 3088 3094 3099 3100 3102 3099 3098 3094 3091 3083 3076 3069 3054 3041 3046 3050 3051 3050 3060 3065 3064 -9999 -9999 -9999 -9999
-9999 -9999 -9999 -9999 -9999 -9999 -9999 -9999 -9999 -9999 -9999 -9999 -9999 -9999 -9999 -9999 -9999 -9999 -9999 -9999 -9999 -9999 -9999 -9999 -9999 -9999 -9999 -9999 -9999 -9999 -9999 -9999 -9999 -9999 -9999 -9999 -9999 -9999 -9999 -9999 -9999 -9999 -9999 -9999 -9999 -9999 -9999 -9999 -9999 -9999 -9999 -9999 -9999 3065 3066 3073 3085 3091 3095 3099 3100 3102 3098 3095 3092 3089 3086 3077 3063 3050 3045 3047 3050 3053 3045 3055 3058 3073 3086 -9999 -9999 -9999
-9999 -9999 -9999 -9999 -9999 -9999 -9999 -9999 -9999 -9999 -9999 -9999 -9999 -9999 -9999 -9999 -9999 -9999 -9999 -9999 -9999 -9999 -9999 -9999 -9999 -9999 -9999 -9999 -9999 -9999 -9999 -9999 -9999 -9999 -9999 -9999 -9999 -9999 -9999 -9999 -9999 -9999 -9999 -9999 -9999 -9999 -9999 -9999 -9999 -9999 -9999 3095 3086 3071 3073 3085 3089 3091 3095 3096 3097 3101 3099 3098 3095 3090 3082 3069 3048 3045 3045 3048 3050 3062 3056 3060 3068 3081 3087 3093 -9999 -9999
-9999 -9999 -9999 -9999 -9999 -9999 -9999 -9999 -9999 -9999 -9999 -9999 -9999 -9999 -9999 -9999 -9999 -9999 -9999 -9999 -9999 -9999 -9999 -9999 -9999 -9999 -9999 -9999 -9999 -9999 -9999 -9999 -9999 -9999 -9999 -9999 -9999 -9999 -9999 -9999 -9999 -9999 -9999 -9999 -9999 -9999 -9999 -9999 -9999 -9999 3105 3104 3097 3084 3083 3086 3087 3092 3093 3095 3098 3102 3100 3097 3094 3087 3073 3059 3054 3046 3047 3049 3060 3075 3076 3076 3081 3089 3089 3085 3091 -9999
-9999 -9999 -9999 -9999 -9999 -9999 -9999 -9999 -9999 -9999 -9999 -9999 -9999 -9999 -9999 -9999 -9999 -9999 -9999 -9999 -9999 -9999 -9999 -9999 -9999 -9999 -9999 -9999 -9999 -9999 -9999 -9999 -9999 -9999 -9999 -9999 -9999 -9999 -9999 -9999 -9999 -9999 -9999 -9999 -9999 -9999 -9999 -9999 3079 3086 3093 3100 3104 3090 3091 3089 3084 3085 3087 3090 3093 3104 3097 3094 3089 3075 3063 3042 3041 3044 3045 3047 3054 3058 3080 3086 3094 3098 3096 3089 3095 3100
-9999 -9999 -9999 -9999 -9999 -9999 -9999 -9999 -9999 -9999 -9999 -9999 -9999 -9999 -9999 -9999 -9999 -9999 -9999 -9999 -9999 -9999 -9999 -9999 -9999 -9999 -9999 -9999 -9999 -9999 -9999 -9999 -9999 -9999 -9999 -9999 -9999 -9999 -9999 -9999 -9999 -9999 -9999 -9999 -9999 -9999 -9999 3069 3078 3076 3082 3096 3108 3101 3099 3094 3091 3084 3080 3084 3093 3103 3096 3089 3081 3067 3060 3045 3034 3040 3042 3046 3037 3052 3071 3077 3091 3094 3101 3103 3097 3083
-9999 -9999 -9999 -9999 -9999 -9999 -9999 -9999 -9999 -9999 -9999 -9999 -9999 -9999 -9999 -9999 -9999 -9999 -9999 -9999 -9999 -9999 -9999 -9999 -9999 -9999 -9999 -9999 -9999 -9999 -9999 -9999 -9999 -9999 -9999 -9999 -9999 -9999 -9999 -9999 -9999 -9999 -9999 -9999 -9999 3060 3066 3070 3080 3092 3095 3096 3111 3108 3105 3097 3094 3087 3081 3081 3089 3103 3093 3089 3081 3064 3059 3042 3036 3040 3039 3037 3042 3059 3063 3077 3098 3107 3102 3103 3090 3078
-9999 -9999 -9999 -9999 -9999 -9999 -9999 -9999 -9999 -9999 -9999 -9999 -9999 -9999 -9999 -9999 -9999 -9999 -9999 -9999 -9999 -9999 -9999 -9999 -9999 -9999 -9999 -9999 -9999 -9999 -9999 -9999 -9999 -9999 -9999 -9999 -9999 -9999 -9999 -9999 -9999 -9999 -9999 -9999 3055 3056 3062 3069 3075 3093 3102 3106 3111 3115 3110 3097 3094 3098 3093 3091 3093 3108 3094 3086 3078 3071 3062 3049 3048 3050 3041 3040 3053 3063 3075 3082 3100 3106 3094 3088 3082 3063
-9999 -9999 -9999 -9999 -9999 -9999 -9999 -9999 -9999 -9999 -9999 -9999 -9999 -9999 -9999 -9999 -9999 -9999 -9999 -9999 -9999 -9999 -9999 -9999 -9999 -9999 -9999 -9999 -9999 -9999 -9999 -9999 -9999 -9999 -9999 -9999 -9999 -9999 -9999 -9999 -9999 -9999 -9999 3050 3053 3055 3065 3072 3086 3091 3092 3099 3107 3114 3117 3101 3099 3099 3104 3106 3107 3102 3093 3086 3082 3077 3070 3064 3053 3044 3035 3044 3063 3066 3079 3093 3106 3103 3088 3078 3066 3066
-9999 -9999 -9999 -9999 -9999 -9999 -9999 -9999 -9999 -9999 -9999 -9999 -9999 -9999 -9999 -9999 -9999 -9999 -9999 -9999 -9999 -9999 -9999 -9999 -9999 -9999 -9999 -9999 -9999 -9999 -9999 -9999 -9999 -9999 -9999 -9999 -9999 -9999 -9999 -9999 -9999 -9999 3057 3053 3056 3062 3066 3070 3073 3085 3094 3102 3109 3115 3119 3104 3103 3105 3107 3111 3100 3093 3092 3084 3080 3074 3067 3062 3051 3046 3046 3045 3050 3048 3074 3093 3106 3092 3076 3076 3080 3089
-9999 -9999 -9999 -9999 -9999 -9999 -9999 -9999 -9999 -9999 -9999 -9999 -9999 -9999 -9999 -9999 -9999 -9999 -9999 -9999 -9999 -9999 -9999 -9999 -9999 -9999 -9999 -9999 -9999 -9999 -9999 -9999 -9999 -9999 -9999 -9999 -9999 -9999 -9999 -9999 -9999 3061 3059 3059 3063 3065 3068 3076 3075 3085 3093 3101 3108 3112 3119 3111 3105 3104 3108 3113 3102 3095 3089 3082 3077 3071 3063 3058 3062 3060 3052 3050 3057 3067 3091 3101 3108 3095 3087 3094 3100 3093
-9999 -9999 -9999 -9999 -9999 -9999 -9999 -9999 -9999 -9999 -9999 -9999 -9999 -9999 -9999 -9999 -9999 -9999 -9999 -9999 -9999 -9999 -9999 -9999 -9999 -9999 -9999 -9999 -9999 -9999 -9999 -9999 -9999 -9999 -9999 -9999 -9999 -9999 -9999 -9999 -9999 3059 3059 3063 3066 3069 3075 3090 3091 3088 3090 3097 3098 3108 3119 3112 3109 3103 3104 3108 3109 3097 3089 3081 3074 3069 3066 3066 3072 3066 3062 3074 3080 3078 3093 3106 3107 3095 3098 3096 3086 3077
-9999 -9999 -9999 -9999 -9999 -9999 -9999 -9999 -9999 -9999 -9999 -9999 -9999 -9999 -9999 -9999 -9999 -9999 -9999 -9999 -9999 -9999 -9999 -9999 -9999 -9999 -9999 -9999 -9999 -9999 -9999 -9999 -9999 -9999 -9999 -9999 -9999 -9999 -9999 -9999 -9999 3062 3068 3084 3085 3091 3096 3098 3097 3099 3101 3101 3091 3105 3119 3118 3113 3108 3107 3106 3108 3107 3092 3084 3087 3087 3085 3079 3072 3067 3083 3101 3093 3092 3088 3101 3103 3097 3083 3078 3079 3068
-9999 -9999 -9999 -9999 -9999 -9999 -9999 -9999 -9999 -9999 -9999 -9999 -9999 -9999 -9999 -9999 -9999 -9999 -9999 -9999 -9999 -9999 -9999 -9999 -9999 -9999 -9999 -9999 -9999 -9999 -9999 -9999 -9999 -9999 -9999 -9999 -9999 -9999 -9999 -9999 -9999 -9999 3078 3094 3097 3096 3099 3102 3103 3104 3108 3103 3093 3099 3114 3121 3115 3114 3111 3110 3106 3111 3110 3103 3092 3085 3082 3084 3087 3091 3102 3110 3108 3098 3098 3106 3090 3086 3091 3087 3082 3077
-9999 -9999 -9999 -9999 -9999 -9999 -9999 -9999 -9999 -9999 -9999 -9999 -9999 -9999 -9999 -9999 -9999 -9999 -9999 -9999 -9999 -9999 -9999 -9999 -9999 -9999 -9999 -9999 -9999 -9999 -9999 -9999 -9999 -9999 -9999 -9999 -9999 -9999 -9999 -9999 -9999 3080 3091 3104 3108 3102 3106 3106 3108 3108 3114 3110 3108 3107 3117 3122 3122 3124 3117 3110 3112 3101 3106 3110 3099 3089 3094 3107 3106 3110 3108 3104 3099 3107 3108 3095 3087 3081 3087 3081 3078 3075
-9999 -9999 -9999 -9999 -9999 -9999 -9999 -9999 -9999 -9999 -9999 -9999 -9999 -9999 -9999 -9999 -9999 -9999 -9999 -9999 -9999 -9999 -9999 -9999 -9999 -9999 -9999 -9999 -9999 -9999 -9999 -9999 -9999 -9999 -9999 -9999 -9999 -9999 -9999 -9999 3100 3101 3100 3106 3116 3114 3119 3118 3116 3119 3121 3123 3120 3121 3122 3124 3117 3118 3114 3115 3101 3093 3099 3099 3110 3111 3108 3100 3091 3103 3095 3096 3091 3094 3091 3093 3079 3074 3083 3076 3075 3073
-9999 -9999 -9999 -9999 -9999 -9999 -9999 -9999 -9999 -9999 -9999 -9999 -9999 -9999 -9999 -9999 -9999 -9999 -9999 -9999 -9999 -9999 -9999 -9999 -9999 -9999 -9999 -9999 -9999 -9999 -9999 -9999 -9999 -9999 -9999 -9999 -9999 -9999 3074 3091 3099 3109 3115 3116 3123 3118 3119 3120 3122 3115 3120 3110 3113 3114 3109 3116 3122 3115 3107 3106 3103 3094 3090 3088 3090 3099 3104 3089 3094 3098 3084 3086 3086 3088 3087 3092 3079 3075 3077 3081 3078 3074
-9999 -9999 -9999 -9999 -9999 -9999 -9999 -9999 -9999 -9999 -9999 -9999 -9999 -9999 -9999 -9999 -9999 -9999 -9999 -9999 -9999 -9999 -9999 -9999 -9999 -9999 -9999 -9999 -9999 -9999 -9999 -9999 -9999 -9999 -9999 -9999 3042 3048 3061 3069 3078 3096 3116 3125 3119 3106 3105 3102 3106 3098 3095 3093 3099 3103 3106 3111 3122 3120 3107 3102 3101 3096 3092 3089 3086 3094 3098 3092 3084 3094 3092 3086 3083 3084 3084 3084 3085 3079 3077 3074 3075 3074
3119 3115 -9999 -9999 3113 -9999 -9999 -9999 -9999 -9999 -9999 -9999 -9999 -9999 -9999 -9999 -9999 -9999 -9999 -9999 -9999 -9999 -9999 -9999 -9999 -9999 -9999 -9999 -9999 -9999 -9999 -9999 -9999 -9999 -9999 3035 3046 3056 3062 3061 3072 3085 3103 3121 3119 3108 3103 3099 3098 3094 3082 3078 3084 3093 3099 3103 3118 3123 3114 3111 3109 3102 3095 3087 3080 3086 3089 3093 3083 3079 3077 3082 3086 3083 3083 3078 3077 3077 3072 3068 3067 3068
3108 3121 3133 3121 3109 3103 -9999 -9999 -9999 -9999 -9999 -9999 -9999 -9999 -9999 -9999 -9999 -9999 -9999 -9999 -9999 -9999 -9999 -9999 -9999 -9999 -9999 -9999 -9999 -9999 -9999 -9999 -9999 -9999 3047 3043 3047 3056 3058 3060 3066 3074 3088 3105 3123 3121 3114 3099 3094 3090 3080 3070 3075 3077 3085 3097 3112 3119 3121 3117 3108 3099 3092 3082 3072 3079 3079 3075 3086 3069 3066 3071 3080 3083 3080 3072 3070 3071 3067 3063 3062 3067
3117 3132 3127 3121 3114 3107 -9999 -9999 -9999 -9999 -9999 -9999 -9999 -9999 -9999 -9999 -9999 -9999 -9999 -9999 -9999 -9999 -9999 -9999 -9999 -9999 -9999 -9999 -9999 -9999 -9999 -9999 -9999 3063 3058 3055 3053 3055 3063 3069 3074 3076 3087 3105 3121 3120 3109 3097 3090 3086 3069 3061 3076 3082 3089 3102 3108 3108 3116 3120 3114 3108 3098 3086 3078 3075 3072 3067 3076 3067 3063 3064 3076 3075 3065 3066 3060 3053 3055 3059 3063 3064
3119 3124 3115 3109 3103 3097 -9999 -9999 -9999 -9999 -9999 -9999 -9999 -9999 -9999 -9999 -9999 -9999 -9999 -9999 -9999 -9999 -9999 -9999 -9999 -9999 -9999 -9999 -9999 -9999 -9999 3072 3073 3071 3070 3066 3062 3066 3069 3084 3094 3079 3085 3118 3115 3104 3092 3087 3078 3079 3069 3061 3078 3086 3084 3091 3098 3100 3108 3119 3111 3103 3097 3095 3087 3075 3067 3064 3071 3071 3065 3062 3061 3060 3059 3057 3053 3049 3055 3060 3063 3065
3124 3130 3125 3123 3114 3093 -9999 -9999 -9999 -9999 -9999 -9999 -9999 -9999 -9999 -9999 -9999 -9999 -9999 -9999 -9999 -9999 -9999 -9999 -9999 -9999 -9999 3074 3075 3076 3078 3074 3078 3080 3078 3074 3071 3070 3066 3076 3096 3104 3105 3124 3108 3091 3075 3075 3074 3066 3061 3061 3074 3076 3077 3080 3083 3093 3103 3117 3114 3102 3090 3085 3091 3075 3063 3063 3067 3072 3063 3055 3048 3044 3045 3051 3046 3051 3058 3060 3062 3065
-9999 3125 3106 3116 3123 3114 3104 3103 -9999 -9999 -9999 -9999 -9999 -9999 -9999 -9999 -9999 -9999 -9999 -9999 -9999 -9999 -9999 -9999 3061 3066 3070 3081 3085 3085 3091 3095 3090 3090 3091 3085 3078 3074 3075 3077 3097 3120 3109 3109 3103 3085 3078 3077 3074 3066 3055 3066 3071 3072 3077 3079 3078 3088 3101 3111 3119 3103 3096 3086 3087 3074 3063 3065 3065 3063 3058 3053 3048 3044 3047 3049 3048 3054 3057 3060 3063 3065
-9999 -9999 -9999 3107 3129 3129 3120 3113 3118 3110 -9999 -9999 -9999 -9999 -9999 -9999 -9999 -9999 -9999 -9999 -9999 3055 3053 3056 3062 3066 3064 3071 3072 3073 3081 3093 3106 3102 3109 3108 3095 3100 3109 3102 3116 3116 3100 3094 3080 3077 3078 3075 3073 3067 3063 3068 3071 3073 3076 3075 3075 3081 3100 3113 3117 3109 3108 3099 3086 3069 3064 3063 3060 3059 3051 3047 3045 3044 3041 3047 3054 3057 3058 3062 3064 3065
-9999 -9999 -9999 -9999 3123 3130 3131 3122 3127 3121 3108 3108 3097 3084 3080 3078 3078 3081 3082 3078 3062 3055 3056 3059 3067 3072 3067 3068 3072 3076 3096 3096 3110 3120 3118 3122 3119 3119 3107 3117 3114 3120 3111 3103 3084 3076 3077 3072 3072 3063 3065 3067 3071 3074 3072 3071 3074 3083 3097 3108 3118 3120 3108 3093 3087 3082 3069 3062 3059 3053 3053 3045 3036 3040 3040 3050 3055 3055 3059 3061 3061 3063
3088 3099 3100 3101 3105 3115 3130 3125 3133 3129 3121 3104 3090 3096 3098 3097 3090 3091 3091 3089 3084 3068 3064 3070 3076 3080 3078 3076 3082 3086 3106 3110 3122 3106 3091 3098 3112 3116 3100 3089 3094 3119 3117 3107 3086 3077 3076 3072 3065 3062 3065 3067 3072 3075 3072 3071 3073 3081 3087 3101 3109 3120 3110 3088 3073 3063 3060 3059 3059 3051 3052 3041 3028 3041 3043 3052 3049 3049 3057 3059 3061 3061
3097 3100 3099 3100 3101 3114 3128 3131 3122 3129 3120 3110 3110 3113 3112 3107 3099 3102 3103 3098 3096 3081 3074 3074 3072 3076 3082 3085 3090 3102 3112 3125 3121 3099 3085 3092 3109 3107 3100 3095 3092 3105 3095 3099 3085 3078 3072 3072 3069 3066 3068 3072 3072 3077 3075 3075 3079 3082 3092 3107 3110 3114 3112 3095 3088 3069 3065 3069 3059 3052 3051 3041 3036 3045 3051 3054 3043 3046 3056 3057 3060 3059
3097 3099 3098 3097 3098 3108 3120 3119 3113 3120 3131 3124 3129 3127 3123 3110 3112 3118 3113 3110 3106 3095 3084 3087 3083 3073 3073 3087 3097 3116 3120 3127 3117 3101 3094 3102 3111 3106 3099 3095 3092 3097 3091 3088 3085 3086 3080 3074 3071 3070 3072 3075 3077 3079 3080 3081 3082 3084 3088 3094 3097 3105 3116 3102 3092 3086 3078 3082 3070 3057 3053 3039 3042 3047 3052 3047 3043 3054 3057 3058 3060 3058
3097 3097 3097 3096 3097 3098 3104 3100 3108 3116 3126 3129 3124 3132 3130 3121 3126 3124 3119 3124 3116 3111 3102 3106 3092 3072 3072 3095 3114 3124 3129 3121 3097 3094 3092 3098 3102 3101 3095 3089 3088 3090 3083 3082 3080 3074 3073 3069 3067 3063 3069 3075 3075 3079 3081 3080 3074 3078 3079 3078 3089 3094 3111 3111 3104 3096 3094 3094 3072 3057 3049 3045 3051 3044 3048 3044 3043 3054 3058 3058 3059 3057
3096 3096 3095 3095 3095 3098 3098 3098 3104 3116 3125 3116 3115 3124 3127 3131 3129 3131 3132 3132 3128 3123 3112 3116 3100 3083 3095 3107 3122 3127 3123 3111 3101 3104 3091 3090 3101 3100 3091 3088 3089 3087 3081 3076 3074 3069 3068 3057 3059 3065 3070 3071 3074 3078 3081 3073 3069 3071 3075 3073 3076 3082 3093 3111 3113 3109 3102 3091 3074 3067 3061 3056 3058 3053 3054 3055 3053 3055 3057 3057 3059 3058
3094 3094 3093 3092 3092 3096 3097 3102 3113 3120 3119 3110 3114 3118 3115 3113 3117 3125 3121 3118 3125 3131 3127 3126 3116 3103 3107 3119 3127 3122 3120 3122 3120 3104 3095 3092 3093 3094 3089 3086 3088 3083 3081 3073 3071 3067 3065 3054 3059 3057 3062 3072 3075 3077 3078 3072 3063 3066 3073 3071 3076 3082 3088 3102 3116 3111 3102 3090 3080 3080 3068 3065 3061 3052 3056 3053 3050 3058 3059 3059 3060 3061
