FUTURO/Eje_30s/ASC/bio_19.asc
ncols         993
nrows         433
xllcorner     -105.25566776747
yllcorner     17.599810932142
cellsize      0.0083333333
NODATA_value  -9999
[rows 78 to 116 of 433, columns 88 to 175 of 993]
593 572 550 532 516 497 478 461 458 465 468 477 486 495 497 501 509 507 504 498 493 489 485 481 480 482 488 495 505 515 522 525 520 511 495 486 471 454 440 429 419 411 402 392 387 380 376 373 370 368 366 367 367 368 370 371 373 375 378 380 381 386 388 390 393 397 399 403 404 406 408 408 409 409 407 406 404 403 403 400 399 399 402 403 405 409 415 423
591 571 549 529 511 495 472 458 455 459 463 469 477 486 486 491 498 499 497 492 486 478 474 467 465 466 474 481 490 501 510 516 518 510 502 494 480 466 452 441 431 424 416 410 404 396 388 382 378 376 373 372 371 370 371 372 375 376 379 381 382 385 386 389 390 393 394 396 398 398 400 401 401 401 402 402 403 400 400 399 399 399 399 400 403 404 410 418
589 568 546 525 506 485 466 453 451 452 456 462 472 478 480 483 488 493 495 488 480 472 466 459 457 459 462 467 475 487 498 507 512 509 509 499 489 475 463 451 440 433 430 426 420 413 403 395 389 385 382 380 377 378 378 379 380 382 383 386 388 389 390 390 392 393 393 393 396 396 398 398 397 399 399 401 401 400 400 399 399 399 399 399 400 403 408 414
590 564 540 518 497 475 460 451 446 446 448 456 467 474 478 482 485 488 489 487 483 476 467 461 456 453 455 457 465 475 487 497 506 510 508 503 493 483 468 455 446 442 445 439 435 430 420 411 405 400 396 392 390 389 388 389 389 390 393 395 396 396 397 397 396 396 396 396 397 397 396 397 397 399 400 401 401 401 400 399 401 399 399 398 398 403 408 414
593 564 535 510 488 472 457 450 450 449 449 455 466 475 483 489 491 495 498 500 497 487 475 465 458 453 452 453 457 466 479 488 499 505 508 505 496 485 472 462 456 457 458 454 451 446 436 427 421 416 411 406 405 403 401 401 402 404 405 406 406 407 405 405 404 403 401 400 399 398 399 399 399 401 401 402 403 403 403 403 402 400 399 398 399 404 408 415
594 565 534 509 486 470 459 456 454 454 456 459 469 482 493 499 508 512 515 515 513 504 491 477 466 457 452 451 454 462 471 482 493 501 506 505 500 491 481 476 470 472 475 472 468 464 454 446 440 433 429 424 420 417 415 415 417 419 419 418 418 416 415 414 412 409 407 406 405 404 402 403 403 403 404 405 404 406 405 405 403 401 401 399 400 403 407 412
596 567 538 511 489 473 464 461 457 458 462 469 479 489 501 510 519 526 530 531 528 523 510 493 479 468 458 455 456 460 468 479 489 498 504 507 504 501 497 494 492 491 494 494 491 486 479 470 462 454 447 442 438 435 432 431 430 430 432 431 432 428 426 424 421 418 415 413 410 409 407 407 406 407 408 408 408 409 408 406 404 403 402 400 400 401 403 407
604 576 546 517 496 479 470 466 462 463 468 476 487 499 510 520 532 541 546 550 549 542 531 514 495 481 467 460 461 463 470 478 487 498 505 509 510 509 508 508 509 510 513 515 515 511 504 495 485 475 466 460 455 451 447 445 443 443 443 443 441 438 437 433 430 427 422 420 416 413 412 411 411 411 412 412 411 409 409 408 405 404 403 400 399 399 401 407
612 584 558 529 503 485 474 471 468 469 474 484 494 506 521 532 543 555 563 567 565 563 552 535 514 499 483 474 472 471 474 483 491 501 510 514 517 518 519 523 526 531 536 539 539 536 528 520 508 497 486 478 471 465 461 456 454 455 455 453 451 448 447 442 439 435 430 427 424 420 418 416 415 415 417 414 412 410 412 410 408 405 403 401 400 400 402 408
614 588 562 539 513 492 481 475 473 475 481 489 502 515 529 541 554 565 575 580 582 579 569 555 536 519 504 494 489 485 488 492 502 508 516 520 525 529 532 537 544 551 556 561 562 559 552 542 531 518 506 498 487 480 471 467 466 465 464 462 459 457 453 451 446 443 438 434 430 425 422 420 417 417 415 416 415 413 412 410 408 405 403 401 401 401 405 411
618 592 566 543 521 498 484 480 477 479 485 495 506 520 535 548 561 574 585 593 595 594 587 575 560 543 526 517 507 504 503 508 512 518 523 528 532 538 543 550 558 567 574 580 582 579 573 564 552 538 526 514 503 492 484 479 477 477 473 471 468 465 463 459 455 450 445 441 437 432 428 425 422 421 418 417 415 413 411 410 408 406 403 401 400 402 406 412
621 595 569 545 523 504 489 483 481 481 488 498 509 523 537 550 566 578 590 600 605 607 602 593 580 567 551 539 531 526 525 524 525 525 528 532 537 542 549 559 568 579 590 596 599 597 591 584 571 557 544 530 517 505 496 492 490 487 485 480 478 475 473 468 465 460 454 448 442 436 433 429 425 423 421 418 417 414 412 411 408 405 402 401 400 401 404 411
623 596 568 541 520 500 487 482 482 482 489 500 511 524 537 551 565 580 594 606 613 619 617 611 601 589 575 564 554 549 545 540 535 532 531 531 535 541 550 560 573 586 597 606 610 611 608 601 590 575 561 546 534 520 510 505 503 499 495 491 489 486 483 479 475 470 464 455 449 444 440 434 430 426 422 419 417 414 412 409 408 404 403 402 399 399 401 405
623 593 561 535 513 495 484 479 479 483 489 500 510 524 536 551 563 578 594 608 619 625 628 626 618 607 597 589 577 568 561 552 543 534 528 527 530 534 545 558 572 587 601 609 618 621 621 616 605 593 579 563 548 535 525 520 516 512 508 505 504 502 500 494 489 482 475 464 458 452 445 439 434 429 426 421 418 414 413 410 408 405 403 401 398 397 399 400
623 589 555 530 509 491 481 476 477 482 488 499 510 523 535 549 562 577 593 610 622 632 636 636 632 626 616 608 598 587 576 563 550 537 525 520 520 524 536 549 567 583 599 612 621 629 630 626 619 609 595 580 565 552 541 534 531 527 526 523 523 521 518 512 505 497 486 475 466 459 451 443 437 432 427 422 419 415 412 410 407 405 403 401 399 397 397 397
617 584 553 527 505 490 480 476 478 483 489 499 509 522 533 546 561 576 594 611 624 635 642 643 640 635 628 621 611 600 587 572 552 531 518 511 510 515 525 540 558 576 595 611 624 631 635 636 631 623 612 599 587 571 559 552 548 545 543 542 541 539 536 528 519 510 498 486 476 467 458 449 442 434 429 424 420 416 412 410 408 405 404 401 400 397 396 396
612 578 550 524 504 489 481 476 477 485 492 500 510 520 534 546 561 578 596 613 628 638 645 645 643 639 633 626 618 604 589 572 550 527 510 501 499 503 513 529 548 568 586 605 619 631 638 639 640 636 627 617 605 594 579 569 565 564 564 561 560 558 552 541 533 523 508 495 486 478 465 455 446 440 432 427 421 417 413 411 409 406 404 402 400 397 396 395
604 573 545 522 505 492 486 484 482 487 493 503 511 522 535 550 565 583 599 616 631 640 644 644 639 635 628 620 612 600 585 568 546 522 502 493 491 494 504 519 537 556 577 596 612 625 635 641 643 643 639 633 622 610 598 588 581 581 580 578 577 573 563 553 544 530 515 503 493 484 472 462 453 443 437 430 424 419 418 414 410 408 405 403 401 400 398 396
595 567 541 520 505 500 492 489 490 492 497 506 514 526 538 553 570 587 606 622 634 641 642 639 632 626 617 608 599 587 573 555 535 516 494 483 482 486 496 510 529 546 567 586 603 619 630 641 646 648 646 644 636 625 615 604 595 593 592 588 586 580 572 562 550 535 520 508 497 487 474 467 458 450 439 433 427 424 419 417 414 411 409 407 405 401 400 398
586 560 538 521 509 505 496 494 497 500 503 510 518 530 544 561 578 597 615 629 639 643 641 635 624 612 601 592 580 568 555 538 522 506 488 475 474 481 489 502 520 539 559 579 597 614 627 637 646 650 652 651 645 638 630 617 610 604 600 595 590 584 576 565 553 539 526 512 501 491 482 475 464 456 446 440 433 429 424 421 418 415 414 411 408 405 403 403
576 553 535 520 512 509 507 503 505 511 514 521 527 539 553 569 586 606 624 639 646 646 640 628 614 599 586 575 562 550 536 522 508 498 484 472 469 475 485 498 514 532 553 571 591 610 623 634 644 650 654 655 652 646 640 628 624 616 609 601 596 590 581 573 562 548 535 522 510 501 493 483 473 463 454 447 441 436 432 429 426 422 420 417 415 411 409 408
568 550 534 523 516 513 512 515 517 522 527 534 540 550 565 579 596 617 636 649 654 651 640 624 604 588 574 561 547 534 521 509 499 493 484 473 467 473 483 496 511 526 548 567 586 604 619 631 641 648 652 655 655 650 646 639 633 626 620 612 606 600 595 584 576 563 549 533 522 514 503 494 483 473 465 458 452 446 442 440 436 433 430 428 425 421 418 417
560 546 535 526 522 523 521 524 530 535 541 547 555 565 579 594 609 629 647 659 664 656 642 622 600 580 563 548 535 522 511 502 492 490 483 476 472 475 486 499 512 527 547 565 583 601 616 628 637 645 652 655 656 655 651 647 641 636 632 625 618 613 608 599 590 579 565 549 540 529 518 507 497 487 479 473 467 461 457 455 451 448 443 441 436 433 429 427
557 544 535 531 531 532 535 540 547 552 558 565 573 585 596 608 626 645 658 669 672 662 644 620 596 575 558 543 529 518 508 500 492 490 488 481 481 487 498 511 525 536 551 569 586 599 613 624 634 643 650 654 657 657 657 652 649 645 641 635 631 626 620 615 607 595 581 569 562 551 538 526 514 506 498 491 487 481 477 473 471 465 459 454 449 445 442 438
551 544 537 535 535 536 545 550 558 568 578 586 596 605 615 625 643 660 670 679 679 667 647 618 592 572 555 541 532 521 513 502 493 491 489 490 498 503 513 524 536 548 561 576 588 600 611 623 631 643 649 654 658 660 659 658 656 651 648 644 643 639 635 629 622 611 601 590 581 571 561 549 536 527 519 513 510 505 501 499 495 487 480 473 467 460 455 452
549 541 533 535 538 543 555 562 572 583 595 604 613 621 626 642 659 673 679 682 681 671 649 619 595 573 554 541 532 525 519 509 502 497 497 507 512 518 526 539 549 561 571 580 592 602 613 623 632 640 648 655 659 662 661 663 661 660 656 654 653 651 648 645 639 628 619 612 601 594 582 574 563 554 547 541 537 535 530 527 523 515 507 497 487 478 469 466
545 538 534 533 540 550 561 569 582 591 607 622 628 633 644 659 673 682 683 685 682 669 650 625 603 579 562 551 543 535 530 525 515 510 513 519 523 529 537 552 562 572 579 587 596 605 613 624 633 642 649 654 661 665 666 665 665 664 662 661 661 660 659 656 651 642 636 629 619 613 606 598 590 582 575 569 565 562 559 556 550 544 537 523 512 500 488 480
541 535 531 532 538 549 562 576 587 597 615 632 639 647 654 670 683 688 689 689 682 669 651 626 602 582 568 557 550 546 542 538 532 528 526 527 531 538 547 558 569 576 585 591 598 607 615 623 633 643 650 656 661 665 668 667 668 668 667 668 666 667 665 664 663 656 650 641 637 631 627 619 611 607 600 594 591 590 589 582 577 572 563 549 538 524 510 498
537 528 525 528 537 547 557 569 585 600 616 632 639 652 663 679 692 693 695 693 683 669 648 623 602 584 571 563 558 553 550 546 542 538 535 535 537 544 552 561 572 581 586 593 599 607 615 624 633 642 650 657 662 666 668 670 669 670 670 671 671 673 671 670 670 667 659 653 649 647 640 636 630 625 620 617 614 613 612 609 602 597 585 573 562 548 535 524
535 527 523 526 532 537 550 566 584 600 616 631 636 648 668 685 697 700 701 699 685 667 644 622 600 585 575 566 560 558 555 551 546 542 538 538 540 544 553 562 571 579 585 591 599 605 613 621 631 639 648 656 662 666 668 668 670 670 669 669 672 675 673 673 673 670 663 656 654 652 646 643 639 637 635 633 632 634 632 629 623 619 609 598 585 573 560 547
541 528 523 525 525 531 544 561 580 599 615 630 636 652 669 684 694 706 709 700 685 664 641 621 599 584 572 565 560 557 555 552 546 539 532 532 535 543 548 556 565 574 581 588 595 604 614 622 630 638 649 656 660 664 666 668 667 666 665 666 667 670 669 668 667 661 656 651 649 647 644 642 641 642 640 640 642 645 646 646 642 638 630 619 608 595 581 566
545 534 526 526 527 531 541 558 577 593 610 622 633 650 666 684 691 701 709 700 684 663 643 615 597 582 571 562 556 553 549 547 542 535 529 526 527 532 538 548 559 567 575 583 592 603 611 622 630 639 645 652 660 662 663 661 661 659 658 659 662 662 661 657 652 646 640 635 632 633 633 633 635 636 638 640 646 649 651 654 654 654 647 640 629 617 603 586
553 540 534 528 532 537 545 558 569 584 605 616 631 648 664 682 694 702 707 697 683 662 643 617 596 580 565 557 549 546 543 542 539 531 524 522 521 525 529 540 550 561 570 582 592 602 612 620 629 636 644 650 653 654 653 651 650 647 646 647 648 647 643 639 633 627 617 611 610 611 615 616 621 624 628 633 638 645 649 653 658 662 659 652 644 638 624 608
563 553 543 538 536 539 549 558 563 580 597 613 629 647 666 680 695 706 710 702 687 668 647 623 600 579 561 548 545 539 537 534 531 524 519 519 520 523 527 537 547 554 567 577 589 599 610 618 629 636 640 644 647 644 640 636 633 628 626 623 625 626 620 616 608 598 588 583 583 589 594 599 605 610 615 621 627 638 644 652 659 665 667 662 657 653 642 628
578 566 557 550 549 552 557 566 573 586 600 613 631 648 665 681 695 704 705 699 692 678 651 627 603 580 558 542 535 534 532 528 523 517 514 513 516 520 527 533 540 551 563 574 586 597 607 615 626 632 631 634 634 630 623 618 611 605 600 597 596 596 591 588 579 569 565 564 566 568 572 578 586 594 601 608 617 627 636 645 656 662 669 671 668 665 657 646
592 580 572 564 562 563 566 573 585 591 599 610 628 645 661 677 689 702 703 697 694 684 661 635 609 580 557 539 528 526 527 525 522 515 514 514 516 519 524 530 538 548 560 571 583 594 605 615 625 626 625 627 622 616 606 596 588 579 573 565 563 565 560 555 548 542 543 547 548 549 554 561 569 578 585 594 604 615 625 637 648 656 666 669 670 671 667 656
605 596 587 579 575 574 576 584 594 601 605 614 630 643 656 673 691 704 706 703 696 682 664 640 610 582 558 539 528 522 523 523 522 521 522 524 526 526 526 530 536 548 557 569 581 595 606 618 624 623 614 615 611 602 585 573 558 549 542 532 528 529 531 525 524 522 520 525 527 532 537 542 550 561 570 580 589 601 613 628 638 647 657 663 669 670 670 667
617 609 600 597 592 591 598 602 608 614 614 621 630 646 655 669 687 702 708 708 702 685 665 642 613 585 563 545 533 529 529 530 532 536 539 542 541 535 533 534 540 549 558 568 582 593 606 621 623 622 611 603 596 586 568 550 535 524 514 506 500 499 499 500 501 499 502 507 512 515 520 525 535 548 558 567 577 589 605 617 628 636 646 657 661 664 665 662
631 625 619 612 609 611 616 624 625 627 625 629 635 644 654 670 685 700 706 705 702 683 665 642 613 585 564 548 542 541 544 548 552 558 561 560 555 549 543 541 543 552 557 568 579 590 604 617 623 621 618 608 590 572 553 533 516 501 490 483 480 476 476 480 481 480 486 491 496 498 502 513 528 537 547 553 562 576 592 605 617 626 633 643 648 652 653 655
