FUTURO/Eje_30s/ASC/bio_05.asc
ncols         993
nrows         433
xllcorner     -105.25566776747
yllcorner     17.599810932142
cellsize      0.0083333333
NODATA_value  -9999
[rows 180 to 215 of 433, columns 656 to 737 of 993]
2976 2974 2973 2971 2970 2971 2971 2970 2972 2973 2974 2974 2975 2979 2978 2977 2976 2975 2974 2974 2974 2974 2972 2970 2968 2969 2970 2970 2971 2970 2972 2974 2976 2977 2977 2979 2978 2981 2981 2981 2983 2984 2985 2985 2986 2986 2987 2989 2990 2991 2991 2992 2993 2994 2995 2995 2996 2998 2999 2999 3000 2999 3000 3003 3003 3004 3005 3006 3006 3007 3007 3008 3008 3009 3010 3010 3011 3010 3009 3008 3009 3011
2977 2976 2975 2974 2974 2973 2972 2971 2973 2974 2976 2977 2978 2978 2978 2976 2975 2974 2974 2972 2972 2970 2971 2971 2970 2969 2969 2970 2970 2970 2972 2973 2976 2975 2976 2978 2979 2979 2980 2981 2983 2983 2985 2984 2985 2985 2986 2987 2989 2989 2991 2992 2993 2994 2995 2997 2997 2998 2999 3000 3001 3001 3002 3003 3004 3005 3005 3005 3006 3007 3007 3008 3008 3009 3009 3010 3010 3010 3009 3009 3010 3011
2977 2977 2976 2975 2975 2975 2974 2973 2975 2975 2976 2979 2979 2978 2978 2977 2976 2975 2972 2972 2970 2969 2968 2968 2968 2968 2968 2967 2968 2969 2972 2974 2974 2974 2975 2976 2977 2977 2978 2981 2981 2982 2983 2984 2983 2984 2986 2987 2988 2989 2990 2991 2993 2994 2995 2995 2996 2997 2998 2999 3000 3002 3002 3003 3003 3004 3005 3005 3006 3006 3007 3007 3008 3008 3009 3009 3010 3010 3010 3011 3012 3012
2978 2978 2977 2977 2976 2976 2976 2976 2977 2977 2978 2979 2978 2978 2978 2978 2977 2976 2975 2974 2972 2970 2968 2966 2967 2967 2967 2966 2967 2968 2971 2971 2972 2972 2973 2974 2974 2976 2978 2980 2981 2983 2982 2984 2981 2983 2984 2986 2987 2988 2989 2991 2992 2993 2993 2994 2996 2997 2998 2999 3000 3001 3002 3002 3002 3003 3004 3004 3005 3006 3006 3007 3007 3008 3009 3009 3010 3010 3010 3011 3011 3012
2978 2978 2978 2978 2977 2978 2977 2978 2978 2978 2979 2978 2978 2978 2978 2977 2977 2976 2974 2973 2971 2971 2967 2967 2965 2965 2966 2966 2967 2967 2969 2970 2970 2971 2972 2972 2974 2976 2978 2980 2980 2981 2983 2982 2981 2981 2984 2984 2985 2987 2988 2989 2991 2992 2994 2995 2996 2997 2998 2998 3000 3000 3001 3002 3002 3003 3003 3004 3005 3005 3006 3006 3007 3008 3008 3009 3009 3010 3010 3011 3011 3012
2978 2978 2978 2978 2978 2978 2978 2978 2978 2978 2979 2978 2979 2979 2979 2978 2978 2977 2977 2975 2974 2971 2967 2964 2965 2964 2964 2964 2964 2965 2967 2967 2968 2969 2971 2971 2974 2977 2978 2977 2978 2980 2981 2981 2979 2982 2983 2983 2984 2986 2988 2989 2990 2991 2993 2994 2995 2995 2997 2998 2999 3000 3000 3000 3001 3002 3003 3004 3004 3005 3005 3006 3007 3007 3008 3008 3009 3009 3010 3010 3011 3011
2977 2977 2978 2978 2978 2978 2978 2978 2978 2978 2979 2979 2978 2979 2979 2978 2978 2978 2977 2976 2976 2974 2971 2967 2963 2962 2962 2961 2961 2962 2965 2965 2966 2968 2968 2970 2974 2976 2975 2976 2978 2977 2978 2979 2980 2981 2980 2982 2984 2985 2986 2988 2989 2991 2992 2993 2994 2995 2996 2997 2998 2998 2998 3000 3000 3001 3003 3003 3004 3004 3005 3006 3006 3007 3008 3008 3008 3009 3010 3010 3011 3011
2978 2978 2978 2978 2978 2978 2978 2978 2978 2979 2979 2978 2978 2978 2978 2978 2978 2978 2977 2977 2976 2975 2973 2969 2965 2959 2957 2958 2956 2959 2963 2961 2964 2966 2965 2969 2971 2973 2973 2976 2977 2976 2977 2979 2981 2980 2980 2982 2983 2984 2985 2987 2988 2989 2991 2992 2993 2995 2996 2995 2997 2997 2997 2999 3000 3001 3002 3003 3003 3004 3004 3005 3006 3006 3007 3008 3008 3009 3009 3010 3010 3011
2978 2978 2978 2978 2978 2978 2978 2978 2978 2979 2979 2978 2978 2978 2978 2978 2978 2978 2977 2975 2974 2973 2971 2966 2963 2960 2954 2956 2951 2955 2960 2961 2964 2960 2962 2967 2970 2971 2968 2972 2975 2975 2975 2978 2979 2979 2981 2983 2985 2987 2988 2990 2990 2990 2990 2991 2993 2994 2995 2997 2998 2999 2998 2999 3000 3001 3001 3001 3002 3003 3003 3005 3006 3006 3007 3007 3008 3008 3009 3009 3010 3010
2978 2978 2978 2978 2978 2978 2978 2978 2978 2978 2978 2978 2978 2978 2978 2978 2978 2978 2978 2977 2975 2974 2971 2968 2963 2959 2954 2953 2949 2952 2957 2959 2960 2955 2955 2959 2964 2967 2966 2971 2972 2973 2975 2976 2978 2977 2980 2981 2983 2985 2988 2989 2990 2992 2993 2993 2994 2995 2995 2996 2997 2998 2999 2999 3000 2999 2999 3000 3001 3003 3004 3005 3005 3006 3006 3007 3008 3008 3008 3008 3008 3009
2978 2978 2978 2978 2978 2978 2978 2978 2978 2978 2978 2978 2978 2978 2978 2978 2977 2976 2978 2977 2975 2973 2971 2967 2963 2957 2956 2953 2948 2949 2954 2955 2955 2952 2953 2956 2960 2964 2966 2969 2970 2972 2974 2976 2976 2977 2978 2980 2983 2985 2985 2987 2989 2990 2992 2993 2994 2995 2996 2996 2997 2998 2997 2998 2999 2999 2999 3000 3001 3002 3003 3004 3005 3006 3006 3006 3007 3007 3006 3005 3003 3006
2978 2978 2978 2978 2978 2978 2978 2978 2978 2978 2978 2978 2978 2978 2978 2978 2978 2978 2978 2977 2976 2973 2969 2967 2964 2958 2959 2953 2950 2947 2950 2951 2949 2951 2952 2955 2957 2963 2965 2967 2969 2971 2974 2976 2975 2977 2979 2980 2983 2984 2986 2987 2988 2990 2991 2992 2993 2994 2995 2995 2996 2995 2996 2997 2997 2998 2999 3000 3001 3000 3002 3004 3004 3005 3004 3005 3006 3005 3002 3002 3000 3001
2978 2978 2978 2978 2978 2978 2978 2978 2978 2978 2978 2978 2978 2978 2978 2978 2978 2978 2978 2978 2977 2974 2969 2963 2963 2962 2961 2957 2953 2947 2946 2948 2945 2949 2952 2954 2958 2962 2964 2967 2969 2972 2972 2973 2974 2976 2979 2980 2982 2983 2985 2986 2988 2989 2991 2992 2993 2993 2993 2995 2995 2995 2995 2995 2997 2998 2999 3000 3001 3000 2999 3001 3004 3003 3003 3004 3005 3003 3000 2994 2995 2993
2978 2978 2978 2978 2977 2978 2978 2978 2978 2978 2978 2978 2978 2978 2978 2978 2978 2978 2978 2977 2975 2971 2969 2967 2964 2960 2956 2955 2951 2947 2947 2943 2945 2946 2947 2949 2953 2956 2963 2967 2970 2973 2975 2976 2976 2976 2978 2980 2981 2983 2985 2986 2988 2988 2989 2990 2992 2991 2992 2994 2994 2994 2994 2995 2996 2996 2997 2998 2999 2999 2999 3001 3003 3003 3003 3004 3003 2999 2992 2988 2986 2984
2978 2978 2977 2977 2977 2977 2978 2978 2978 2978 2978 2978 2978 2978 2978 2978 2977 2977 2977 2976 2974 2972 2970 2966 2963 2959 2954 2951 2946 2944 2947 2945 2944 2944 2944 2948 2950 2954 2963 2967 2969 2971 2973 2976 2978 2980 2981 2982 2983 2983 2985 2987 2987 2987 2989 2990 2989 2991 2992 2992 2993 2994 2995 2995 2995 2997 2997 2998 2998 2997 2999 3000 3003 3003 3002 3002 3001 2999 2995 2993 2989 2987
2977 2977 2977 2977 2977 2977 2977 2977 2977 2977 2977 2977 2977 2977 2977 2978 2978 2978 2977 2976 2973 2972 2970 2967 2963 2960 2954 2949 2946 2945 2947 2946 2945 2946 2946 2948 2953 2957 2963 2966 2966 2970 2970 2972 2973 2975 2977 2980 2982 2984 2985 2985 2984 2985 2988 2988 2990 2990 2990 2991 2992 2993 2994 2996 2996 2997 2998 2999 2999 3000 3000 3001 3000 2999 3000 3000 2996 2995 2993 2998 2993 2990
2977 2977 2977 2977 2977 2977 2977 2977 2977 2977 2976 2975 2975 2977 2977 2977 2978 2977 2976 2976 2975 2973 2970 2967 2964 2959 2954 2948 2950 2947 2950 2948 2947 2946 2946 2950 2955 2959 2960 2960 2964 2969 2968 2971 2970 2975 2977 2980 2982 2981 2982 2982 2984 2986 2987 2988 2987 2988 2989 2990 2991 2989 2992 2995 2997 2997 2998 2999 3000 2999 3001 3001 3000 2995 2997 2999 2995 2992 2997 3001 2997 -9999
2977 2977 2977 2977 2977 2977 2977 2977 2976 2975 2971 2966 2971 2976 2977 2977 2977 2976 2975 2974 2973 2972 2970 2968 2966 2960 2955 2955 2954 2953 2952 2946 2942 2943 2940 2948 2952 2958 2955 2958 2965 2966 2967 2967 2970 2974 2977 2979 2980 2980 2980 2982 2984 2985 2986 2984 2986 2988 2989 2989 2987 2988 2993 2996 2997 2998 2998 2997 2999 2999 3000 3001 3000 2999 2999 2994 2992 2998 3002 3003 -9999 -9999
2977 2977 2977 2977 2976 2976 2976 2976 2975 2975 2970 2965 2969 2974 2976 2977 2976 2975 2975 2975 2974 2972 2970 2965 2963 2962 2957 2958 2955 2956 2952 2945 2938 2943 2943 2948 2952 2953 2952 2957 2963 2963 2964 2967 2971 2975 2976 2978 2979 2980 2981 2983 2983 2985 2983 2981 2985 2986 2987 2987 2986 2988 2994 2995 2995 2997 2998 2994 2997 2999 3000 3001 3002 3002 3002 2998 2998 3003 3003 -9999 -9999 -9999
2976 2977 2976 2976 2976 2975 2974 2974 2972 2971 2969 2967 2971 2973 2975 2976 2976 2976 2975 2974 2973 2973 2971 2967 2966 2963 2958 2959 2957 2958 2954 2949 2944 2944 2944 2947 2947 2949 2948 2957 2960 2959 2962 2964 2968 2973 2976 2976 2977 2978 2981 2982 2983 2981 2981 2982 2983 2985 2986 2988 2988 2990 2991 2992 2992 2994 2997 2997 2998 2999 3000 3001 3001 3002 3002 3000 3002 3003 3003 3000 -9999 -9999
2974 2976 2976 2975 2975 2976 2974 2973 2971 2969 2965 2968 2971 2974 2975 2976 2976 2975 2975 2975 2974 2973 2972 2970 2968 2963 2962 2960 2959 2958 2956 2955 2952 2945 2941 2946 2946 2947 2948 2954 2957 2957 2962 2964 2969 2971 2972 2975 2976 2978 2979 2980 2982 2979 2977 2978 2981 2985 2988 2990 2991 2991 2991 2991 2994 2994 2997 2998 2998 2999 2999 3000 3001 3001 3002 2999 3003 3003 3001 2992 -9999 -9999
2974 2975 2976 2975 2974 2975 2974 2973 2970 2966 2965 2970 2972 2974 2975 2976 2975 2975 2974 2974 2973 2971 2970 2969 2968 2964 2963 2962 2961 2959 2959 2957 2953 2948 2945 2945 2947 2950 2952 2952 2954 2958 2959 2963 2965 2967 2970 2973 2975 2977 2979 2981 2980 2978 2976 2974 2978 2985 2987 2989 2989 2991 2992 2992 2994 2996 2996 2997 2998 2998 2998 3000 3000 3001 3001 3002 3003 3003 3001 2993 -9999 -9999
2974 2974 2975 2975 2974 2974 2975 2973 2972 2970 2969 2970 2971 2972 2974 2974 2973 2971 2970 2969 2969 2968 2968 2966 2965 2965 2963 2963 2963 2961 2960 2958 2951 2947 2944 2946 2945 2946 2950 2949 2951 2953 2957 2962 2965 2968 2971 2973 2975 2976 2978 2978 2978 2979 2980 2980 2983 2986 2987 2987 2989 2989 2990 2993 2994 2994 2995 2996 2996 2997 2999 2999 3000 3001 3001 3002 3002 3003 3002 3002 3004 -9999
2974 2974 2976 2975 2974 2974 2974 2974 2973 2972 2972 2972 2972 2972 2973 2974 2973 2972 2971 2970 2969 2968 2968 2968 2966 2964 2964 2964 2963 2962 2959 2956 2952 2949 2951 2951 2947 2947 2949 2950 2950 2951 2954 2956 2962 2966 2967 2969 2970 2972 2971 2973 2973 2976 2980 2983 2984 2985 2985 2987 2987 2988 2989 2991 2992 2993 2995 2996 2997 2998 2998 2999 3000 3000 3001 3001 3002 3002 3003 3003 3002 -9999
2975 2975 2976 2975 2975 2975 2974 2974 2974 2973 2973 2973 2973 2973 2974 2973 2972 2972 2972 2971 2970 2970 2970 2969 2967 2966 2967 2966 2963 2964 2962 2958 2954 2954 2954 2950 2945 2946 2951 2948 2947 2945 2948 2952 2960 2965 2961 2962 2964 2967 2965 2968 2973 2979 2981 2982 2982 2983 2985 2986 2988 2991 2991 2992 2992 2993 2994 2996 2997 2997 2998 2998 2999 3000 3000 3001 3001 3002 3002 3004 3004 3003
2974 2974 2975 2975 2975 2975 2975 2975 2974 2974 2974 2974 2974 2974 2974 2973 2973 2973 2972 2971 2970 2971 2971 2969 2968 2968 2967 2966 2964 2966 2962 2957 2957 2956 2951 2946 2944 2948 2951 2948 2951 2948 2947 2953 2957 2959 2958 2963 2968 2971 2972 2976 2977 2979 2980 2980 2982 2984 2986 2988 2990 2991 2991 2993 2994 2994 2995 2996 2996 2997 2997 2998 2999 2999 3000 3000 3001 3002 3003 3004 3004 3004
2974 2975 2975 2974 2975 2975 2975 2975 2975 2975 2974 2974 2974 2974 2974 2974 2974 2973 2972 2972 2972 2972 2971 2970 2970 2969 2968 2967 2967 2964 2958 2959 2960 2955 2956 2952 2950 2954 2950 2949 2954 2952 2951 2948 2950 2950 2954 2961 2968 2971 2970 2970 2974 2977 2979 2981 2982 2983 2986 2987 2989 2988 2988 2992 2993 2994 2995 2995 2996 2996 2997 2997 2998 2999 2999 3000 3001 3001 3003 3003 3004 3004
2974 2975 2975 2975 2975 2974 2974 2975 2975 2975 2974 2975 2975 2975 2975 2974 2974 2974 2973 2973 2973 2973 2971 2972 2970 2970 2968 2968 2968 2967 2965 2964 2965 2964 2957 2952 2953 2957 2956 2953 2957 2954 2949 2946 2948 2952 2955 2960 2961 2966 2964 2962 2967 2974 2979 2978 2979 2983 2985 2987 2988 2986 2986 2990 2992 2992 2994 2995 2995 2996 2996 2997 2998 2998 2999 2999 3000 3001 3002 3003 3003 3004
2974 2975 2975 2974 2974 2974 2975 2974 2975 2975 2974 2975 2975 2975 2975 2975 2975 2974 2974 2975 2974 2974 2974 2972 2972 2970 2970 2970 2971 2969 2970 2969 2968 2964 2958 2957 2956 2962 2961 2960 2957 2951 2949 2949 2948 2952 2956 2958 2956 2963 2960 2959 2963 2970 2975 2974 2978 2981 2983 2984 2986 2988 2989 2990 2991 2992 2993 2994 2994 2995 2996 2996 2997 2998 2998 2999 2999 3001 3001 3002 3003 3003
2975 2975 2975 2975 2975 2974 2974 2974 2974 2975 2975 2975 2975 2975 2975 2975 2975 2975 2975 2975 2975 2974 2974 2973 2972 2972 2972 2971 2972 2972 2972 2970 2970 2966 2964 2965 2963 2965 2964 2959 2958 2957 2953 2955 2949 2949 2954 2953 2954 2961 2957 2958 2963 2968 2969 2975 2979 2981 2982 2983 2984 2985 2987 2990 2990 2991 2992 2993 2993 2994 2995 2996 2996 2997 2998 2998 2999 3000 3001 3001 3002 3002
2975 2975 2974 2974 2974 2974 2974 2973 2974 2974 2974 2974 2974 2975 2975 2975 2975 2975 2975 2975 2974 2974 2973 2973 2973 2973 2972 2973 2973 2973 2972 2972 2971 2970 2970 2969 2968 2967 2966 2964 2962 2962 2961 2959 2953 2948 2950 2949 2952 2959 2954 2956 2962 2965 2970 2976 2979 2981 2983 2984 2985 2986 2988 2989 2990 2991 2991 2991 2992 2993 2994 2995 2996 2996 2997 2997 2999 3000 3000 3001 3001 3002
2974 2974 2974 2973 2974 2974 2973 2973 2973 2974 2974 2974 2974 2974 2974 2974 2975 2975 2974 2974 2974 2974 2973 2973 2973 2973 2973 2974 2974 2974 2974 2974 2973 2972 2971 2970 2969 2969 2966 2965 2966 2965 2962 2959 2957 2952 2949 2948 2951 2956 2951 2955 2961 2966 2970 2973 2975 2978 2981 2983 2985 2987 2987 2987 2989 2990 2990 2990 2992 2992 2993 2994 2995 2995 2996 2997 2998 2999 2999 3000 3000 3001
2973 2973 2974 2973 2974 2973 2973 2973 2973 2973 2973 2973 2973 2973 2974 2974 2974 2974 2974 2974 2974 2974 2974 2973 2973 2974 2974 2974 2974 2974 2974 2974 2973 2972 2972 2972 2971 2969 2969 2968 2964 2962 2960 2958 2957 2954 2952 2951 2953 2952 2951 2956 2959 2966 2970 2974 2976 2978 2980 2983 2984 2984 2985 2987 2988 2988 2988 2989 2990 2991 2993 2993 2994 2995 2995 2996 2998 2998 2999 2999 3000 3000
2973 2973 2973 2973 2973 2973 2972 2972 2972 2973 2973 2973 2973 2973 2973 2973 2973 2974 2974 2974 2974 2974 2973 2973 2974 2974 2974 2974 2974 2974 2974 2974 2974 2974 2973 2972 2971 2971 2970 2968 2966 2962 2960 2958 2957 2956 2955 2957 2955 2950 2953 2959 2962 2965 2968 2973 2977 2979 2981 2981 2982 2984 2985 2986 2985 2986 2988 2989 2989 2991 2992 2993 2993 2994 2995 2995 2997 2997 2998 2998 2999 2999
2972 2973 2973 2972 2972 2972 2972 2972 2972 2972 2972 2972 2972 2972 2973 2973 2973 2973 2973 2974 2974 2973 2973 2974 2974 2974 2974 2974 2974 2974 2974 2974 2974 2973 2973 2972 2970 2970 2969 2967 2965 2963 2960 2956 2954 2958 2957 2958 2956 2954 2957 2959 2964 2969 2972 2973 2976 2978 2980 2981 2982 2984 2984 2984 2985 2986 2986 2987 2988 2989 2990 2991 2993 2993 2994 2994 2996 2997 2997 2998 2998 2999
2972 2973 2973 2972 2972 2972 2972 2972 2971 2972 2972 2972 2972 2972 2972 2972 2972 2973 2973 2973 2973 2973 2973 2974 2973 2974 2974 2974 2974 2974 2974 2974 2974 2974 2974 2974 2973 2973 2971 2968 2965 2960 2957 2954 2953 2952 2955 2955 2955 2955 2957 2959 2961 2962 2969 2974 2976 2978 2979 2980 2981 2982 2982 2982 2983 2984 2985 2986 2986 2988 2989 2990 2992 2993 2993 2994 2995 2996 2996 2997 2997 2998
