FUTURO/Eje_30s/ASC/bio_01.asc
ncols         993
nrows         433
xllcorner     -105.25566776747
yllcorner     17.599810932142
cellsize      0.0083333333
NODATA_value  -9999
[rows 180 to 215 of 433, columns 902 to 983 of 993]
2872 2869 2878 2885 2896 2909 2913 2909 2903 2899 2894 2894 2893 2881 2879 2880 2884 2879 2874 2876 2876 2873 2867 2865 2860 2857 2853 2853 2860 2863 2862 2861 2858 2856 2856 2855 2854 2851 2849 2849 2851 2852 2854 2856 2860 2861 2863 2864 2864 2867 2870 2872 2876 2881 2883 2886 2887 2888 2887 2887 2881 2883 2885 2877 2876 2879 2892 2907 2913 2909 2904 2926 2937 -9999 -9999 -9999 -9999 -9999 -9999 -9999 -9999 -9999
2889 2880 2875 2887 2900 2911 2911 2908 2900 2899 2893 2893 2890 2882 2879 2876 2876 2877 2877 2878 2876 2873 2867 2863 2860 2859 2855 2852 2858 2864 2862 2863 2863 2862 2861 2858 2853 2853 2852 2855 2853 2853 2850 2853 2857 2860 2862 2863 2863 2865 2868 2871 2874 2881 2884 2885 2886 2886 2885 2883 2879 2879 2881 2874 2871 2870 2883 2901 2907 2910 2928 2937 2933 2916 -9999 -9999 -9999 -9999 -9999 -9999 -9999 -9999
2888 2896 2886 2896 2910 2913 2909 2909 2905 2897 2894 2889 2885 2885 2879 2876 2875 2878 2879 2879 2879 2876 2872 2866 2862 2861 2862 2861 2862 2865 2864 2864 2864 2863 2861 2860 2856 2854 2856 2858 2856 2854 2851 2852 2857 2860 2862 2863 2863 2865 2868 2871 2874 2880 2882 2883 2884 2885 2884 2881 2879 2877 2875 2873 2872 2874 2884 2889 2904 2920 2921 2931 2905 2892 2890 -9999 -9999 -9999 -9999 -9999 -9999 -9999
2900 2903 2898 2905 2913 2910 2901 2904 2907 2904 2900 2892 2884 2879 2874 2878 2878 2879 2880 2880 2880 2878 2874 2868 2865 2865 2865 2866 2861 2865 2865 2865 2865 2864 2861 2861 2856 2857 2859 2861 2857 2856 2853 2854 2856 2860 2861 2863 2864 2868 2871 2873 2876 2879 2882 2883 2884 2884 2883 2882 2877 2873 2874 2876 2876 2877 2876 2888 2907 2909 2919 2926 2918 2901 2888 2902 -9999 -9999 -9999 -9999 -9999 -9999
2892 2905 2911 2911 2911 2909 2896 2896 2899 2904 2901 2894 2887 2877 2875 2879 2880 2880 2880 2881 2881 2880 2877 2873 2870 2869 2869 2868 2862 2866 2866 2864 2864 2864 2862 2860 2859 2859 2861 2862 2856 2857 2856 2854 2856 2859 2861 2862 2864 2869 2873 2875 2878 2881 2882 2883 2883 2883 2883 2882 2878 2873 2876 2878 2878 2878 2878 2882 2893 2902 2916 2917 2917 2903 2886 2897 -9999 -9999 -9999 -9999 -9999 -9999
2898 2909 2910 2902 2904 2903 2894 2892 2894 2896 2902 2898 2892 2882 2873 2878 2880 2881 2881 2882 2882 2882 2880 2878 2874 2873 2873 2872 2869 2867 2865 2862 2861 2860 2862 2859 2859 2859 2861 2861 2857 2858 2857 2856 2858 2861 2862 2864 2868 2870 2874 2878 2881 2883 2883 2883 2883 2883 2883 2882 2879 2877 2879 2880 2880 2880 2881 2881 2883 2894 2895 2911 2913 2907 2888 2878 2873 -9999 -9999 -9999 -9999 -9999
2909 2910 2901 2891 2896 2898 2888 2883 2889 2891 2893 2891 2890 2882 2870 2876 2880 2882 2882 2882 2882 2882 2882 2880 2878 2876 2876 2874 2872 2869 2866 2862 2860 2856 2861 2860 2857 2858 2859 2860 2858 2858 2858 2859 2861 2862 2862 2865 2870 2873 2877 2881 2883 2883 2884 2884 2883 2883 2883 2882 2881 2880 2880 2881 2881 2882 2882 2881 2881 2881 2881 2897 2891 2894 2890 2876 2872 -9999 -9999 -9999 -9999 -9999
2910 2902 2895 2880 2888 2890 2891 2882 2882 2889 2890 2884 2884 2874 2872 2880 2882 2883 2883 2883 2883 2883 2882 2881 2880 2878 2877 2875 2873 2870 2866 2864 2860 2857 2860 2860 2858 2856 2858 2859 2858 2857 2858 2859 2861 2866 2868 2869 2872 2877 2881 2883 2884 2884 2884 2884 2884 2884 2884 2883 2882 2882 2882 2882 2882 2883 2882 2881 2881 2879 2879 2878 2875 2875 2876 2875 2874 -9999 -9999 -9999 -9999 -9999
2907 2900 2888 2875 2878 2881 2885 2880 2882 2881 2883 2881 2878 2868 2871 2880 2883 2884 2884 2884 2884 2884 2883 2882 2881 2880 2878 2877 2875 2874 2869 2865 2862 2857 2859 2858 2860 2857 2855 2857 2859 2860 2858 2857 2861 2868 2872 2874 2875 2879 2883 2884 2885 2885 2885 2885 2885 2885 2885 2884 2884 2884 2884 2883 2883 2883 2882 2881 2880 2878 2878 2873 2872 2873 2873 2874 2873 -9999 -9999 -9999 -9999 -9999
2902 2890 2884 2874 2871 2871 2879 2880 2886 2882 2880 2878 2883 2871 2871 2881 2884 2884 2884 2885 2885 2884 2884 2883 2882 2881 2880 2878 2877 2877 2876 2872 2868 2862 2861 2860 2859 2855 2854 2857 2860 2860 2858 2862 2868 2872 2874 2875 2878 2880 2882 2885 2886 2886 2885 2886 2886 2886 2885 2885 2885 2885 2884 2884 2883 2883 2882 2880 2879 2877 2875 2872 2870 2870 2871 2870 2870 -9999 -9999 -9999 -9999 -9999
2899 2893 2884 2881 2879 2879 2885 2887 2888 2888 2887 2887 2886 2884 2877 2883 2886 2886 2886 2886 2886 2885 2885 2884 2883 2883 2882 2881 2880 2879 2878 2876 2874 2870 2866 2865 2861 2857 2856 2856 2858 2861 2867 2871 2876 2877 2878 2878 2881 2881 2882 2884 2887 2887 2887 2887 2887 2887 2886 2886 2886 2885 2885 2884 2884 2883 2882 2879 2876 2874 2874 2871 2867 2866 2867 2868 2868 -9999 -9999 -9999 -9999 -9999
2892 2885 2883 2885 2886 2887 2887 2887 2888 2890 2890 2890 2890 2889 2886 2886 2887 2888 2888 2887 2887 2886 2886 2885 2885 2884 2883 2882 2881 2880 2879 2877 2876 2875 2870 2869 2867 2862 2860 2862 2866 2871 2875 2877 2881 2881 2882 2883 2884 2884 2885 2887 2888 2888 2888 2888 2887 2887 2887 2887 2886 2886 2885 2884 2884 2882 2881 2877 2872 2871 2871 2868 2865 2864 2865 2863 2859 -9999 -9999 -9999 -9999 -9999
2891 2887 2883 2885 2881 2885 2884 2885 2884 2889 2890 2891 2891 2891 2889 2889 2889 2889 2889 2889 2888 2887 2886 2886 2886 2885 2884 2883 2883 2882 2880 2879 2878 2877 2875 2875 2874 2871 2869 2870 2873 2877 2880 2881 2884 2885 2885 2886 2887 2887 2888 2888 2889 2889 2888 2888 2887 2888 2888 2887 2887 2886 2885 2884 2883 2882 2879 2875 2870 2864 2864 2865 2861 2859 2859 2856 2847 -9999 -9999 -9999 -9999 -9999
2885 2880 2878 2881 2877 2879 2877 2878 2880 2884 2890 2891 2891 2892 2891 2890 2890 2890 2890 2889 2889 2888 2886 2887 2887 2886 2886 2885 2884 2884 2882 2881 2879 2879 2878 2878 2877 2877 2876 2877 2878 2880 2883 2883 2885 2886 2888 2888 2889 2889 2889 2889 2890 2889 2889 2889 2889 2888 2888 2888 2887 2886 2885 2884 2883 2881 2879 2874 2869 2863 2861 2862 2858 2856 2857 2857 2844 -9999 -9999 -9999 -9999 -9999
2882 2875 2875 2878 2872 2871 2866 2873 2876 2883 2888 2891 2891 2892 2892 2891 2891 2891 2891 2890 2889 2889 2888 2888 2887 2887 2887 2886 2885 2884 2883 2881 2881 2881 2880 2880 2880 2881 2881 2881 2882 2884 2886 2885 2886 2888 2889 2890 2890 2890 2890 2890 2890 2890 2890 2890 2889 2889 2888 2888 2888 2887 2885 2883 2880 2879 2876 2872 2865 2862 2859 2860 2854 2853 2850 2848 2849 -9999 -9999 -9999 -9999 -9999
2876 2867 2866 2868 2867 2863 2861 2873 2881 2887 2890 2891 2892 2892 2893 2892 2892 2892 2892 2891 2891 2890 2889 2889 2888 2888 2888 2887 2887 2885 2884 2882 2883 2882 2882 2882 2883 2883 2883 2883 2885 2887 2888 2887 2888 2889 2890 2891 2891 2891 2891 2891 2891 2891 2890 2890 2889 2889 2888 2888 2888 2887 2886 2883 2879 2875 2873 2869 2863 2861 2859 2857 2851 2849 2843 2839 2843 -9999 -9999 -9999 -9999 -9999
2875 2866 2857 2857 2863 2869 2867 2869 2874 2882 2890 2892 2892 2892 2893 2893 2892 2891 2893 2893 2892 2891 2890 2890 2890 2890 2889 2888 2887 2887 2884 2883 2884 2884 2884 2884 2885 2885 2885 2886 2887 2889 2889 2889 2889 2890 2891 2891 2892 2892 2891 2891 2891 2891 2891 2890 2890 2889 2889 2888 2887 2886 2884 2880 2876 2870 2868 2865 2859 2857 2856 2852 2848 2848 2846 2840 2837 -9999 -9999 -9999 -9999 -9999
2874 2867 2858 2856 2868 2873 2876 2877 2885 2888 2892 2892 2892 2893 2893 2894 2893 2889 2893 2893 2893 2892 2892 2892 2891 2891 2890 2885 2886 2887 2885 2884 2885 2886 2887 2887 2887 2887 2886 2886 2888 2890 2890 2891 2890 2890 2891 2892 2892 2892 2892 2892 2892 2892 2891 2891 2890 2890 2889 2888 2887 2885 2880 2874 2870 2864 2862 2861 2856 2854 2850 2848 2845 2844 2843 2843 -9999 -9999 -9999 -9999 -9999 -9999
2876 2870 2859 2858 2869 2876 2878 2878 2885 2891 2892 2892 2893 2893 2891 2890 2894 2892 2894 2894 2894 2893 2893 2893 2893 2892 2890 2880 2881 2887 2885 2885 2886 2888 2888 2888 2889 2889 2888 2888 2889 2890 2890 2890 2891 2892 2891 2892 2893 2893 2893 2892 2892 2892 2891 2891 2890 2890 2889 2887 2887 2884 2878 2869 2864 2860 2857 2857 2852 2848 2846 2844 2843 2841 2841 2843 -9999 -9999 -9999 -9999 -9999 -9999
2870 2866 2856 2856 2868 2875 2881 2882 2885 2889 2892 2894 2894 2893 2889 2886 2894 2895 2895 2895 2895 2894 2894 2894 2894 2893 2893 2888 2887 2889 2888 2887 2888 2889 2889 2889 2890 2890 2889 2889 2890 2890 2890 2891 2891 2892 2892 2893 2893 2894 2893 2893 2892 2892 2892 2891 2890 2889 2888 2886 2884 2880 2875 2869 2859 2855 2854 2852 2846 2841 2842 2838 2837 2837 2839 -9999 -9999 -9999 -9999 -9999 -9999 -9999
2866 2860 2859 2860 2864 2875 2882 2884 2883 2882 2885 2891 2894 2892 2885 2888 2894 2896 2896 2896 2896 2895 2895 2895 2894 2894 2894 2893 2892 2891 2890 2889 2890 2891 2891 2891 2891 2891 2891 2891 2891 2891 2891 2892 2892 2893 2893 2893 2893 2894 2894 2894 2893 2892 2891 2890 2889 2889 2887 2885 2882 2879 2872 2866 2859 2854 2851 2848 2841 2836 2837 2834 2831 2834 2838 -9999 -9999 -9999 -9999 -9999 -9999 -9999
2868 2864 2865 2865 2871 2883 2889 2891 2885 2885 2890 2893 2894 2890 2893 2894 2896 2896 2896 2896 2896 2896 2896 2895 2895 2895 2894 2894 2893 2892 2891 2890 2891 2892 2892 2892 2892 2892 2892 2892 2893 2893 2893 2894 2894 2894 2894 2894 2894 2894 2894 2894 2892 2891 2891 2890 2889 2888 2886 2882 2879 2873 2866 2859 2855 2854 2849 2842 2833 2830 2831 2829 2827 2833 -9999 -9999 -9999 -9999 -9999 -9999 -9999 -9999
2876 2867 2870 2868 2872 2876 2884 2892 2894 2894 2893 2895 2895 2895 2895 2896 2896 2896 2896 2897 2896 2896 2896 2896 2896 2895 2894 2894 2894 2892 2892 2891 2892 2893 2892 2891 2888 2890 2892 2893 2894 2894 2894 2895 2895 2895 2895 2894 2894 2894 2894 2894 2892 2891 2890 2889 2888 2887 2886 2880 2873 2867 2859 2855 2850 2851 2846 2836 2825 2821 2821 2820 2824 2830 -9999 -9999 -9999 -9999 -9999 -9999 -9999 -9999
2879 2870 2871 2877 2878 2871 2881 2888 2892 2896 2896 2896 2896 2896 2896 2897 2897 2897 2897 2897 2897 2896 2897 2896 2896 2895 2895 2893 2894 2895 2893 2893 2893 2894 2892 2886 2873 2879 2890 2894 2895 2895 2894 2895 2895 2895 2895 2895 2895 2895 2894 2894 2892 2891 2890 2888 2887 2886 2885 2881 2875 2869 2862 2858 2854 2851 2842 2831 2821 2811 2810 2811 2812 -9999 -9999 -9999 -9999 -9999 -9999 -9999 -9999 -9999
2885 2877 2875 2882 2879 2878 2884 2893 2895 2896 2896 2897 2897 2897 2897 2897 2897 2897 2897 2897 2897 2897 2897 2897 2897 2896 2895 2894 2894 2895 2895 2896 2896 2896 2894 2886 2876 2882 2892 2896 2897 2896 2895 2896 2896 2896 2895 2895 2895 2895 2894 2894 2893 2889 2889 2888 2887 2885 2883 2880 2875 2870 2867 2862 2857 2848 2835 2822 2813 2806 2800 2800 -9999 -9999 -9999 -9999 -9999 -9999 -9999 -9999 -9999 -9999
2886 2886 2886 2888 2888 2890 2892 2894 2896 2897 2897 2897 2897 2897 2897 2898 2898 2898 2898 2898 2898 2898 2898 2897 2895 2894 2893 2896 2895 2893 2897 2898 2898 2898 2897 2893 2892 2893 2895 2897 2898 2897 2897 2897 2897 2897 2896 2896 2896 2895 2895 2895 2894 2892 2888 2888 2886 2885 2883 2879 2875 2871 2868 2864 2857 2845 2831 2813 2803 2802 2796 2789 -9999 -9999 -9999 -9999 -9999 -9999 -9999 -9999 -9999 -9999
2882 2887 2890 2890 2892 2894 2895 2896 2896 2897 2897 2897 2898 2898 2898 2898 2898 2898 2898 2898 2898 2898 2897 2894 2887 2887 2892 2896 2898 2899 2899 2899 2899 2899 2898 2897 2897 2897 2898 2898 2898 2898 2898 2897 2897 2897 2896 2895 2896 2895 2895 2895 2894 2893 2889 2886 2886 2884 2883 2880 2876 2871 2867 2862 2854 2843 2830 2814 2802 2793 2790 -9999 -9999 -9999 -9999 -9999 -9999 -9999 -9999 -9999 -9999 -9999
2874 2881 2889 2892 2892 2893 2895 2896 2897 2897 2897 2898 2898 2898 2898 2898 2898 2898 2898 2898 2898 2898 2895 2890 2890 2894 2898 2899 2899 2899 2899 2899 2899 2899 2899 2898 2898 2898 2898 2898 2898 2898 2898 2898 2897 2894 2893 2895 2896 2896 2895 2894 2893 2892 2890 2882 2883 2883 2882 2879 2875 2871 2867 2861 2854 2847 2835 2817 2804 2799 2793 -9999 -9999 -9999 -9999 -9999 -9999 -9999 -9999 -9999 -9999 -9999
2868 2878 2885 2889 2894 2894 2896 2897 2897 2897 2898 2898 2898 2898 2898 2898 2899 2899 2898 2899 2898 2897 2893 2895 2896 2898 2899 2899 2899 2899 2899 2899 2899 2899 2899 2899 2899 2898 2898 2898 2898 2898 2898 2898 2896 2891 2890 2894 2895 2895 2894 2893 2892 2890 2885 2875 2875 2881 2881 2879 2876 2872 2867 2862 2856 2850 2840 2823 2811 2809 -9999 -9999 -9999 -9999 -9999 -9999 -9999 -9999 -9999 -9999 -9999 -9999
2865 2877 2885 2890 2893 2895 2896 2897 2897 2898 2898 2898 2898 2898 2898 2899 2899 2899 2899 2898 2896 2891 2893 2898 2899 2899 2899 2899 2899 2899 2899 2899 2899 2899 2899 2899 2899 2899 2898 2898 2898 2898 2898 2896 2889 2889 2893 2894 2895 2895 2894 2893 2891 2884 2881 2876 2866 2876 2877 2877 2877 2872 2868 2862 2856 2850 2842 2833 2822 2813 -9999 -9999 -9999 -9999 -9999 -9999 -9999 -9999 -9999 -9999 -9999 -9999
2867 2877 2884 2889 2893 2894 2896 2897 2898 2898 2898 2898 2898 2898 2899 2899 2899 2899 2899 2898 2897 2896 2898 2899 2899 2899 2900 2900 2900 2899 2899 2899 2899 2899 2899 2899 2899 2899 2899 2898 2898 2898 2898 2897 2890 2891 2893 2892 2893 2894 2893 2892 2891 2888 2878 2874 2870 2876 2876 2875 2875 2873 2870 2863 2860 2855 2848 2840 2832 -9999 -9999 -9999 -9999 -9999 -9999 -9999 -9999 -9999 -9999 -9999 -9999 -9999
2869 2875 2884 2890 2893 2895 2896 2897 2898 2898 2898 2898 2898 2899 2899 2899 2899 2898 2899 2899 2899 2899 2899 2899 2900 2900 2900 2900 2900 2900 2900 2900 2899 2899 2899 2899 2899 2899 2899 2898 2898 2898 2898 2898 2892 2892 2890 2891 2892 2893 2891 2890 2888 2885 2883 2876 2881 2881 2876 2874 2873 2871 2870 2867 2863 2858 2851 2843 2838 -9999 -9999 -9999 -9999 -9999 -9999 -9999 -9999 -9999 -9999 -9999 -9999 -9999
2877 2873 2883 2890 2893 2895 2896 2897 2898 2898 2898 2898 2899 2899 2899 2898 2898 2896 2899 2899 2899 2900 2899 2900 2900 2900 2900 2899 2900 2900 2900 2900 2900 2899 2899 2899 2899 2899 2899 2898 2898 2898 2898 2898 2894 2890 2888 2891 2887 2891 2891 2889 2886 2882 2882 2883 2886 2884 2875 2871 2872 2871 2869 2866 2862 2857 2852 2848 -9999 -9999 -9999 -9999 -9999 -9999 -9999 -9999 -9999 -9999 -9999 -9999 -9999 -9999
2883 2879 2882 2889 2892 2895 2896 2897 2897 2898 2898 2899 2899 2899 2899 2898 2899 2899 2899 2899 2899 2899 2899 2899 2899 2899 2899 2899 2899 2900 2900 2900 2900 2900 2899 2899 2899 2899 2898 2898 2898 2898 2897 2897 2896 2890 2891 2890 2886 2890 2892 2890 2888 2886 2887 2888 2887 2886 2874 2867 2872 2871 2869 2865 2861 2858 2856 2854 2853 2854 2858 2863 2868 2873 2881 -9999 -9999 -9999 -9999 -9999 -9999 -9999
2885 2883 2878 2880 2891 2894 2896 2895 2896 2897 2898 2898 2899 2899 2899 2899 2899 2900 2900 2900 2899 2899 2898 2898 2899 2899 2898 2897 2897 2899 2899 2899 2899 2899 2900 2899 2899 2898 2896 2896 2898 2898 2897 2897 2897 2895 2894 2888 2885 2885 2892 2892 2890 2890 2890 2889 2888 2887 2882 2870 2870 2870 2869 2865 2863 2861 2859 2857 2857 2858 2861 2865 2870 2875 2881 2889 2897 -9999 -9999 -9999 -9999 -9999
2888 2884 2881 2884 2891 2894 2895 2893 2894 2895 2896 2896 2899 2899 2900 2900 2900 2900 2900 2899 2898 2898 2897 2897 2897 2898 2897 2897 2897 2897 2898 2898 2899 2899 2900 2900 2899 2898 2896 2896 2899 2898 2898 2898 2897 2897 2896 2894 2890 2889 2893 2893 2892 2891 2891 2889 2888 2887 2883 2873 2869 2868 2867 2863 2861 2861 2860 2859 2858 2859 2861 2867 2871 2874 2881 2890 2898 2905 2913 2918 -9999 -9999
