FUTURO/Eje_30s/ASC/bio_01.asc
ncols         993
nrows         433
xllcorner     -105.25566776747
yllcorner     17.599810932142
cellsize      0.0083333333
NODATA_value  -9999
[rows 72 to 107 of 433, columns 164 to 245 of 993]
2965 2966 2966 2967 2966 2967 2967 2967 2967 2967 2968 2968 2967 2967 2967 2967 2967 2967 2967 2967 2966 2965 2965 2964 2964 2964 2961 2961 2957 2953 2954 2952 2948 2932 2917 2923 2934 2934 2934 2932 2927 2921 2918 2920 2925 2927 2932 2935 2934 2931 2930 2938 2945 2948 2950 2951 2952 2952 2952 2953 2952 2950 2945 2943 2949 2954 2956 2957 2957 2955 2955 2955 2955 2956 2958 2959 2959 2959 2959 2959 2958 2958
2964 2965 2965 2966 2966 2967 2967 2966 2967 2967 2967 2967 2967 2967 2967 2967 2967 2967 2967 2967 2966 2960 2963 2960 2958 2963 2961 2958 2957 2956 2955 2952 2947 2939 2927 2931 2936 2935 2935 2934 2925 2912 2909 2910 2916 2923 2931 2929 2924 2923 2923 2935 2941 2949 2950 2951 2952 2953 2953 2954 2954 2952 2946 2943 2949 2955 2957 2958 2959 2959 2959 2959 2959 2959 2960 2960 2960 2960 2960 2960 2959 2956
2965 2966 2966 2966 2967 2967 2966 2966 2966 2966 2967 2967 2965 2966 2966 2967 2967 2967 2965 2964 2966 2963 2965 2964 2959 2959 2962 2958 2954 2953 2954 2952 2948 2943 2933 2934 2935 2936 2939 2931 2920 2914 2911 2914 2922 2928 2933 2931 2928 2928 2927 2935 2945 2949 2951 2952 2952 2953 2954 2955 2955 2955 2952 2952 2954 2957 2958 2959 2959 2959 2959 2959 2960 2960 2960 2959 2960 2961 2960 2960 2960 2956
2967 2967 2967 2967 2967 2966 2965 2965 2965 2965 2965 2964 2961 2963 2964 2964 2964 2964 2961 2960 2964 2965 2964 2964 2961 2960 2962 2958 2954 2953 2953 2952 2951 2948 2939 2939 2939 2940 2941 2931 2926 2922 2924 2921 2931 2934 2936 2940 2940 2938 2939 2939 2948 2950 2951 2952 2953 2953 2954 2955 2956 2956 2956 2956 2957 2958 2959 2959 2959 2958 2957 2958 2959 2959 2958 2957 2959 2960 2959 2960 2960 2955
2968 2968 2968 2967 2967 2967 2965 2961 2963 2963 2963 2962 2962 2963 2962 2958 2958 2957 2955 2956 2960 2963 2964 2963 2960 2957 2958 2957 2954 2954 2954 2953 2952 2950 2948 2947 2947 2945 2944 2939 2938 2937 2933 2929 2932 2937 2940 2944 2945 2947 2947 2949 2950 2951 2952 2952 2953 2954 2955 2955 2956 2957 2957 2957 2958 2958 2959 2959 2958 2957 2957 2959 2959 2958 2955 2955 2957 2958 2959 2960 2961 2959
2967 2968 2968 2968 2968 2968 2966 2965 2965 2964 2963 2962 2962 2957 2957 2955 2955 2954 2952 2953 2956 2954 2959 2963 2961 2954 2953 2955 2956 2955 2954 2952 2952 2951 2950 2949 2948 2948 2947 2946 2943 2941 2940 2936 2939 2940 2939 2943 2946 2948 2949 2950 2951 2952 2952 2953 2954 2954 2955 2956 2957 2957 2957 2958 2958 2959 2959 2959 2959 2958 2959 2960 2960 2958 2956 2955 2957 2958 2959 2960 2960 2960
2967 2968 2968 2968 2968 2968 2968 2967 2967 2966 2965 2962 2961 2953 2948 2950 2949 2949 2953 2951 2948 2948 2951 2959 2959 2956 2954 2952 2955 2954 2954 2953 2953 2952 2952 2952 2950 2950 2949 2947 2946 2942 2943 2943 2942 2941 2940 2945 2948 2949 2950 2951 2952 2952 2953 2954 2954 2955 2955 2956 2957 2957 2958 2958 2958 2959 2959 2959 2959 2958 2959 2960 2960 2960 2959 2959 2960 2958 2958 2960 2959 2957
2967 2967 2968 2968 2968 2968 2968 2968 2968 2967 2967 2966 2962 2953 2938 2943 2943 2943 2945 2949 2940 2941 2947 2954 2955 2957 2957 2956 2955 2951 2951 2954 2953 2954 2953 2953 2952 2952 2951 2950 2947 2944 2945 2944 2944 2943 2946 2949 2949 2950 2951 2952 2953 2953 2954 2954 2955 2955 2956 2956 2957 2957 2958 2958 2958 2959 2959 2959 2960 2960 2960 2960 2961 2961 2961 2961 2961 2960 2957 2957 2955 2955
2967 2967 2967 2968 2968 2968 2968 2968 2968 2967 2967 2966 2964 2959 2948 2939 2933 2932 2936 2942 2942 2942 2944 2946 2951 2956 2957 2956 2954 2951 2950 2954 2955 2955 2954 2954 2953 2953 2952 2952 2950 2948 2947 2945 2944 2945 2946 2948 2950 2950 2951 2951 2951 2953 2954 2954 2955 2955 2956 2956 2957 2957 2958 2958 2958 2959 2959 2959 2960 2960 2960 2960 2961 2961 2961 2961 2961 2960 2958 2955 2952 2955
2966 2967 2967 2968 2968 2968 2968 2968 2968 2968 2967 2965 2962 2960 2953 2939 2925 2927 2932 2937 2944 2945 2947 2949 2951 2955 2956 2953 2953 2954 2955 2956 2956 2955 2955 2955 2954 2954 2954 2953 2952 2951 2950 2947 2943 2944 2947 2948 2950 2950 2951 2950 2948 2951 2953 2954 2955 2955 2956 2956 2957 2957 2958 2958 2958 2959 2959 2959 2959 2960 2960 2960 2961 2961 2961 2961 2961 2960 2957 2952 2950 2955
2966 2966 2967 2968 2968 2968 2968 2968 2968 2966 2963 2962 2961 2959 2956 2945 2927 2927 2933 2936 2942 2946 2946 2949 2951 2953 2955 2954 2954 2955 2956 2956 2956 2956 2955 2956 2956 2955 2955 2953 2952 2951 2948 2945 2942 2939 2944 2948 2950 2945 2947 2949 2947 2948 2950 2953 2954 2955 2955 2956 2956 2956 2957 2958 2958 2958 2959 2959 2959 2959 2960 2960 2960 2961 2961 2961 2961 2960 2958 2955 2953 2956
2966 2966 2966 2967 2967 2968 2968 2968 2968 2966 2963 2963 2961 2960 2958 2951 2934 2929 2932 2936 2942 2947 2947 2949 2950 2949 2952 2954 2955 2955 2956 2956 2956 2955 2956 2956 2956 2955 2955 2954 2953 2950 2941 2933 2936 2937 2941 2947 2951 2946 2947 2944 2938 2942 2938 2949 2953 2954 2954 2955 2956 2957 2957 2958 2958 2958 2957 2958 2959 2959 2959 2960 2960 2960 2961 2961 2961 2961 2960 2959 2958 2959
2966 2966 2966 2967 2967 2968 2968 2968 2968 2967 2967 2966 2964 2964 2963 2957 2941 2933 2934 2935 2944 2947 2947 2949 2951 2951 2954 2956 2956 2956 2956 2955 2949 2941 2945 2954 2956 2955 2955 2955 2954 2948 2937 2927 2929 2939 2944 2950 2952 2951 2946 2935 2928 2932 2932 2943 2951 2953 2953 2956 2957 2957 2958 2958 2958 2957 2957 2958 2959 2959 2959 2960 2960 2960 2960 2961 2961 2961 2961 2961 2961 2962
2966 2966 2966 2966 2967 2967 2968 2968 2968 2967 2967 2966 2964 2962 2962 2960 2948 2942 2937 2939 2947 2949 2949 2950 2951 2953 2955 2956 2957 2956 2956 2954 2949 2938 2945 2952 2954 2954 2955 2955 2955 2951 2941 2937 2939 2947 2949 2953 2953 2951 2945 2939 2942 2943 2933 2940 2948 2951 2954 2956 2955 2956 2957 2957 2957 2956 2957 2957 2958 2959 2959 2959 2959 2960 2960 2961 2961 2962 2962 2962 2962 2962
2966 2966 2966 2966 2967 2967 2967 2967 2967 2967 2967 2965 2963 2961 2960 2962 2958 2951 2943 2944 2948 2947 2950 2950 2951 2954 2956 2957 2957 2957 2956 2954 2951 2951 2951 2951 2946 2947 2955 2955 2955 2954 2952 2949 2950 2954 2955 2955 2954 2954 2951 2947 2949 2948 2939 2941 2945 2951 2955 2955 2954 2953 2955 2955 2956 2955 2956 2956 2957 2958 2958 2959 2959 2960 2960 2961 2961 2961 2961 2961 2962 2962
2966 2966 2966 2966 2966 2966 2967 2967 2966 2966 2965 2962 2958 2960 2959 2960 2960 2958 2951 2947 2946 2946 2949 2950 2951 2953 2955 2956 2957 2956 2954 2953 2952 2952 2951 2950 2947 2949 2955 2955 2955 2956 2955 2955 2956 2956 2956 2955 2955 2954 2947 2942 2950 2951 2950 2947 2949 2951 2954 2954 2954 2952 2951 2952 2952 2951 2953 2955 2956 2956 2957 2958 2959 2960 2960 2960 2960 2960 2961 2961 2962 2962
2965 2965 2966 2966 2966 2966 2967 2967 2967 2966 2964 2960 2957 2954 2952 2955 2958 2958 2956 2949 2945 2945 2949 2950 2950 2952 2955 2956 2956 2956 2952 2951 2949 2948 2949 2950 2945 2948 2950 2952 2955 2955 2956 2956 2956 2956 2956 2956 2956 2955 2947 2937 2948 2952 2952 2949 2952 2953 2954 2954 2954 2952 2951 2950 2950 2951 2953 2953 2954 2955 2956 2956 2957 2958 2959 2960 2961 2961 2961 2962 2962 2962
2965 2965 2966 2965 2966 2966 2967 2967 2967 2967 2965 2962 2957 2950 2951 2953 2958 2957 2958 2956 2949 2946 2947 2949 2950 2950 2953 2956 2956 2955 2953 2952 2952 2953 2954 2952 2949 2951 2952 2951 2953 2954 2955 2955 2956 2956 2956 2956 2956 2956 2953 2948 2950 2953 2953 2954 2953 2953 2954 2954 2955 2955 2954 2950 2950 2949 2950 2950 2951 2953 2954 2956 2958 2960 2960 2960 2961 2961 2961 2961 2961 2962
2965 2965 2966 2965 2966 2966 2966 2966 2966 2967 2966 2965 2962 2960 2958 2959 2961 2959 2958 2957 2948 2946 2951 2955 2954 2953 2952 2954 2955 2957 2955 2957 2956 2959 2955 2953 2953 2950 2951 2946 2949 2950 2952 2955 2955 2956 2956 2956 2956 2956 2956 2954 2951 2953 2954 2954 2954 2954 2954 2955 2955 2955 2955 2955 2953 2951 2950 2946 2949 2954 2956 2959 2959 2960 2960 2960 2960 2960 2960 2960 2961 2961
2964 2965 2965 2965 2965 2966 2966 2966 2966 2967 2966 2966 2965 2964 2964 2964 2963 2961 2958 2958 2957 2955 2957 2960 2962 2960 2952 2948 2954 2957 2961 2961 2960 2960 2957 2956 2956 2950 2950 2948 2949 2945 2947 2954 2955 2955 2955 2956 2956 2956 2955 2952 2940 2945 2953 2954 2954 2955 2955 2955 2955 2955 2956 2956 2955 2954 2953 2951 2952 2956 2958 2958 2958 2958 2958 2958 2959 2959 2960 2960 2960 2961
2964 2965 2965 2965 2965 2965 2965 2966 2966 2966 2967 2966 2966 2965 2964 2963 2963 2960 2955 2956 2959 2959 2958 2961 2963 2963 2952 2954 2957 2958 2960 2962 2962 2962 2961 2958 2957 2956 2951 2949 2948 2948 2949 2951 2954 2954 2954 2955 2955 2955 2954 2950 2943 2942 2951 2953 2954 2955 2955 2955 2956 2955 2952 2955 2956 2956 2956 2956 2956 2957 2956 2956 2955 2954 2955 2953 2956 2958 2959 2960 2960 2961
2964 2964 2965 2965 2965 2965 2965 2966 2966 2966 2967 2967 2966 2965 2962 2963 2963 2960 2960 2961 2961 2962 2960 2959 2963 2963 2962 2958 2959 2960 2961 2963 2963 2963 2963 2961 2960 2957 2955 2952 2949 2947 2948 2948 2948 2951 2953 2953 2953 2953 2948 2944 2942 2944 2948 2950 2952 2954 2955 2955 2956 2955 2949 2954 2957 2957 2957 2957 2957 2957 2956 2955 2953 2950 2950 2947 2954 2957 2959 2960 2960 2961
2963 2964 2964 2964 2964 2965 2965 2965 2966 2966 2966 2967 2967 2965 2961 2963 2964 2959 2956 2960 2961 2958 2955 2953 2962 2963 2963 2962 2960 2962 2962 2963 2963 2964 2964 2964 2963 2958 2953 2952 2951 2945 2941 2940 2939 2943 2946 2948 2948 2945 2947 2948 2946 2947 2944 2937 2936 2942 2951 2954 2955 2956 2955 2956 2956 2957 2957 2957 2958 2958 2958 2957 2956 2950 2946 2946 2954 2958 2960 2960 2960 2961
2963 2963 2964 2964 2964 2964 2965 2965 2965 2966 2966 2967 2967 2966 2964 2964 2964 2963 2959 2956 2959 2950 2947 2952 2959 2963 2963 2963 2961 2963 2963 2964 2964 2964 2964 2964 2963 2961 2957 2952 2951 2949 2942 2936 2934 2934 2935 2938 2939 2935 2938 2938 2934 2937 2936 2931 2931 2938 2947 2952 2952 2954 2955 2955 2956 2956 2957 2957 2958 2958 2958 2958 2958 2954 2949 2952 2958 2959 2959 2960 2960 2960
2962 2963 2963 2963 2964 2964 2964 2965 2965 2965 2966 2966 2966 2967 2966 2965 2965 2963 2963 2959 2960 2951 2951 2956 2962 2963 2964 2964 2964 2963 2963 2964 2964 2964 2964 2964 2964 2962 2960 2957 2951 2947 2944 2937 2935 2930 2924 2925 2924 2924 2927 2926 2926 2926 2930 2930 2931 2936 2941 2944 2947 2949 2952 2953 2954 2955 2957 2957 2957 2957 2958 2958 2958 2957 2957 2958 2958 2958 2959 2959 2960 2960
2962 2963 2963 2963 2963 2963 2964 2964 2965 2965 2965 2966 2966 2966 2966 2965 2963 2961 2961 2961 2959 2956 2957 2958 2958 2960 2964 2964 2964 2963 2964 2964 2964 2964 2964 2964 2964 2964 2961 2958 2956 2951 2945 2944 2945 2939 2933 2934 2923 2913 2915 2915 2917 2918 2922 2923 2925 2927 2934 2939 2942 2943 2946 2949 2948 2951 2951 2954 2955 2955 2955 2956 2957 2957 2957 2958 2957 2955 2957 2959 2959 2960
2962 2962 2962 2962 2963 2963 2963 2962 2963 2965 2963 2964 2964 2963 2961 2961 2962 2964 2962 2961 2961 2960 2957 2956 2957 2958 2963 2964 2964 2964 2964 2964 2964 2964 2964 2964 2964 2964 2956 2948 2950 2948 2949 2951 2951 2951 2951 2951 2944 2927 2907 2904 2907 2908 2909 2913 2911 2915 2925 2933 2935 2938 2941 2944 2942 2943 2945 2948 2950 2950 2950 2950 2952 2952 2952 2952 2954 2955 2955 2958 2958 2958
2960 2961 2961 2961 2961 2962 2962 2961 2961 2962 2963 2963 2961 2956 2955 2958 2957 2962 2961 2960 2962 2961 2959 2959 2958 2957 2961 2961 2964 2964 2964 2964 2964 2964 2964 2964 2964 2964 2963 2946 2934 2936 2942 2950 2952 2952 2952 2952 2950 2940 2922 2904 2893 2892 2894 2899 2896 2896 2908 2916 2924 2929 2931 2932 2931 2930 2933 2934 2939 2938 2940 2940 2941 2941 2945 2951 2954 2955 2956 2957 2958 2956
2958 2960 2961 2960 2959 2961 2962 2961 2961 2959 2960 2961 2960 2955 2950 2952 2958 2961 2962 2961 2962 2962 2960 2959 2959 2957 2959 2962 2964 2964 2964 2964 2964 2964 2964 2964 2964 2965 2965 2961 2941 2924 2936 2947 2951 2952 2952 2952 2950 2945 2931 2911 2900 2887 2876 2883 2878 2883 2895 2902 2910 2913 2916 2919 2916 2920 2924 2931 2936 2942 2946 2945 2947 2949 2950 2950 2951 2953 2955 2956 2955 2955
2956 2958 2958 2958 2958 2958 2961 2961 2961 2960 2959 2959 2958 2953 2950 2950 2955 2960 2961 2961 2961 2961 2962 2960 2961 2959 2960 2964 2964 2964 2964 2964 2964 2964 2964 2964 2964 2965 2964 2960 2953 2931 2936 2948 2951 2951 2952 2952 2950 2947 2937 2924 2909 2893 2875 2872 2875 2877 2883 2893 2902 2909 2911 2911 2918 2933 2938 2943 2944 2944 2941 2941 2944 2946 2946 2946 2949 2950 2951 2953 2954 2955
2955 2955 2957 2955 2955 2958 2959 2959 2959 2960 2959 2957 2955 2954 2952 2953 2954 2958 2961 2961 2961 2961 2962 2962 2962 2962 2963 2964 2964 2964 2964 2964 2964 2964 2964 2964 2964 2965 2964 2965 2963 2948 2933 2943 2951 2951 2951 2951 2950 2948 2943 2931 2919 2906 2893 2891 2894 2891 2896 2911 2919 2923 2924 2929 2936 2940 2940 2937 2937 2937 2933 2929 2931 2932 2935 2939 2942 2943 2945 2947 2950 2953
2952 2948 2952 2947 2949 2956 2954 2958 2957 2959 2959 2955 2951 2952 2955 2956 2957 2959 2960 2960 2960 2960 2961 2962 2962 2962 2963 2963 2964 2964 2964 2964 2964 2964 2964 2964 2964 2965 2965 2965 2965 2959 2935 2941 2950 2951 2951 2951 2950 2949 2946 2940 2930 2922 2915 2907 2910 2910 2911 2917 2927 2933 2935 2938 2940 2941 2940 2936 2930 2924 2917 2911 2911 2915 2928 2927 2927 2924 2927 2934 2938 2946
2946 2939 2938 2939 2945 2948 2947 2955 2953 2954 2958 2956 2953 2955 2956 2957 2958 2958 2959 2959 2959 2958 2960 2961 2961 2963 2963 2963 2963 2964 2964 2964 2964 2964 2964 2964 2964 2964 2965 2965 2965 2965 2953 2945 2949 2951 2951 2951 2951 2950 2947 2943 2937 2929 2926 2924 2922 2922 2925 2929 2934 2936 2938 2939 2941 2941 2940 2938 2936 2932 2924 2916 2913 2920 2925 2922 2916 2907 2912 2917 2923 2933
2944 2938 2932 2936 2944 2941 2946 2954 2952 2951 2956 2956 2956 2956 2957 2957 2957 2957 2957 2958 2959 2960 2960 2960 2960 2961 2963 2963 2963 2964 2964 2964 2964 2964 2964 2964 2964 2964 2965 2965 2965 2965 2965 2955 2942 2945 2950 2951 2951 2950 2949 2947 2943 2938 2935 2932 2931 2931 2929 2932 2934 2937 2938 2939 2940 2939 2937 2935 2933 2928 2921 2914 2909 2909 2913 2918 2917 2913 2920 2930 2934 2942
2937 2935 2931 2932 2944 2938 2949 2950 2950 2952 2952 2950 2953 2956 2956 2956 2956 2956 2956 2954 2956 2958 2959 2959 2959 2961 2961 2963 2963 2963 2964 2964 2964 2964 2964 2964 2964 2965 2965 2965 2965 2965 2965 2960 2943 2935 2946 2950 2950 2950 2950 2949 2947 2944 2941 2940 2938 2935 2928 2927 2930 2932 2934 2935 2935 2933 2931 2928 2925 2918 2914 2922 2918 2916 2920 2923 2926 2928 2929 2939 2944 2948
2929 2922 2920 2927 2934 2932 2944 2944 2947 2949 2945 2942 2952 2955 2955 2955 2954 2955 2955 2954 2953 2954 2956 2956 2958 2960 2961 2962 2963 2963 2963 2964 2964 2964 2965 2964 2965 2965 2965 2965 2965 2965 2965 2963 2948 2930 2939 2945 2949 2950 2950 2949 2948 2946 2944 2943 2941 2937 2929 2925 2924 2924 2926 2926 2921 2915 2914 2915 2916 2925 2933 2937 2941 2940 2937 2939 2940 2939 2941 2944 2949 2951
