FUTURO/Eje_30s/ASC/bio_19.asc
ncols         993
nrows         433
xllcorner     -105.25566776747
yllcorner     17.599810932142
cellsize      0.0083333333
NODATA_value  -9999
[rows 195 to 233 of 433, columns 704 to 791 of 993]
383 376 369 365 358 353 346 341 334 330 325 323 316 311 305 299 295 290 283 277 273 270 266 261 262 262 260 260 294 271 278 307 289 327 -9999 -9999 -9999 -9999 -9999 -9999 -9999 -9999 -9999 -9999 -9999 -9999 -9999 -9999 -9999 -9999 -9999 -9999 -9999 -9999 -9999 -9999 -9999 223 221 221 224 230 232 230 227 227 229 231 232 233 236 241 245 250 253 254 258 263 269 277 283 289 297 304 305 302 299 271
387 383 374 368 361 354 348 342 338 334 329 324 320 317 308 299 289 285 279 273 270 266 260 258 261 263 263 260 266 274 273 276 311 -9999 -9999 -9999 -9999 -9999 -9999 -9999 -9999 -9999 -9999 -9999 -9999 -9999 -9999 -9999 -9999 -9999 -9999 -9999 -9999 -9999 223 222 222 223 223 223 224 224 225 225 227 227 229 229 231 235 240 243 245 249 255 258 262 267 271 279 288 293 306 306 306 303 299 271
394 387 379 371 362 356 351 348 340 335 330 326 324 318 308 297 289 282 280 278 271 266 258 256 258 259 259 263 268 265 266 268 -9999 -9999 -9999 -9999 -9999 -9999 -9999 -9999 -9999 -9999 -9999 -9999 -9999 -9999 -9999 -9999 -9999 -9999 -9999 -9999 225 225 224 224 223 225 224 224 224 224 224 225 227 228 230 231 235 238 242 245 248 253 259 263 267 271 276 285 293 299 310 310 311 308 302 273
402 393 383 373 365 358 356 352 343 338 334 330 325 319 308 300 294 286 282 283 273 263 258 253 251 250 254 259 260 257 257 -9999 -9999 -9999 -9999 -9999 -9999 -9999 -9999 -9999 -9999 -9999 -9999 -9999 -9999 -9999 -9999 -9999 -9999 -9999 -9999 -9999 205 226 206 226 226 226 207 225 225 225 226 227 229 230 233 235 239 242 246 251 255 259 265 269 275 278 281 288 299 309 316 318 316 312 309 277
410 399 387 376 369 364 360 354 347 340 335 328 324 316 310 305 300 292 282 278 270 261 256 252 249 246 246 251 250 248 255 263 -9999 -9999 -9999 -9999 -9999 -9999 -9999 -9999 -9999 -9999 -9999 -9999 -9999 -9999 -9999 -9999 -9999 -9999 -9999 207 229 229 207 227 207 227 209 227 210 211 229 213 215 232 235 238 244 249 254 259 262 266 272 276 277 282 288 295 307 318 330 327 321 290 287 283
420 405 395 383 374 371 366 360 352 341 335 327 321 316 310 305 297 292 280 273 267 262 257 252 249 245 244 248 243 245 255 264 -9999 -9999 -9999 -9999 -9999 -9999 -9999 -9999 -9999 -9999 -9999 -9999 -9999 -9999 -9999 -9999 -9999 -9999 -9999 209 230 230 210 229 208 229 209 210 211 213 231 233 218 220 223 229 256 259 248 268 270 274 280 286 289 290 297 306 312 323 331 302 329 326 325 320
432 414 401 388 379 374 371 366 356 342 335 327 322 316 307 303 295 286 279 274 268 263 259 254 248 244 242 241 240 241 249 258 -9999 -9999 -9999 -9999 -9999 -9999 -9999 -9999 -9999 -9999 -9999 -9999 -9999 -9999 -9999 -9999 -9999 -9999 -9999 210 232 210 231 231 210 230 230 212 231 215 216 236 238 225 228 252 247 270 272 274 265 269 288 292 297 302 309 317 323 332 336 338 308 336 304 296
442 425 410 398 388 377 368 361 351 342 335 329 322 316 309 303 295 288 282 276 271 265 259 254 248 244 241 239 238 238 241 246 244 -9999 -9999 -9999 -9999 -9999 -9999 -9999 -9999 -9999 -9999 -9999 -9999 -9999 -9999 -9999 -9999 -9999 -9999 234 234 211 232 231 231 232 232 214 233 235 220 223 226 231 253 244 251 258 265 269 273 279 282 285 289 318 325 331 338 343 345 347 317 346 313 339
458 441 427 412 400 386 370 359 350 344 338 329 324 317 309 303 298 292 284 276 270 264 259 253 249 246 241 239 236 236 235 236 243 -9999 -9999 -9999 -9999 -9999 -9999 -9999 -9999 -9999 -9999 -9999 -9999 -9999 -9999 -9999 -9999 -9999 -9999 235 212 211 233 212 212 213 233 215 219 238 225 229 233 239 245 268 259 266 291 296 298 303 290 295 304 337 345 347 354 359 361 360 325 358 357 318
479 457 446 426 409 388 372 363 355 346 337 329 321 312 306 299 294 289 282 274 267 264 258 253 249 246 243 241 238 234 233 233 238 241 -9999 -9999 -9999 -9999 -9999 -9999 -9999 -9999 -9999 -9999 -9999 -9999 -9999 -9999 -9999 -9999 -9999 236 214 235 234 213 234 214 234 218 220 242 247 234 259 249 272 262 268 276 284 303 293 297 301 306 337 329 337 338 341 373 372 372 370 333 368 329
479 458 443 424 408 393 382 369 357 348 337 326 316 308 305 295 288 283 276 271 266 263 259 254 251 246 244 241 238 235 233 232 233 238 -9999 -9999 -9999 -9999 -9999 -9999 -9999 -9999 -9999 -9999 -9999 -9999 -9999 -9999 -9999 -9999 -9999 216 214 236 214 213 235 217 237 239 223 227 234 242 250 258 266 273 280 289 292 298 303 307 331 321 330 367 353 353 355 353 353 351 350 342 378 343
485 467 455 441 422 406 389 373 362 350 339 327 316 315 310 298 288 281 276 270 266 263 260 256 251 248 246 242 240 237 234 233 232 233 -9999 -9999 -9999 -9999 -9999 -9999 -9999 -9999 -9999 -9999 -9999 -9999 -9999 -9999 -9999 -9999 217 217 237 237 216 237 217 239 220 224 245 231 240 266 275 284 275 299 305 299 303 308 314 319 346 356 345 380 389 398 399 362 363 362 365 390 391 390
500 481 473 464 442 418 397 385 370 354 342 331 321 317 312 301 291 286 278 272 268 264 261 256 253 249 246 243 240 237 236 234 232 232 231 -9999 -9999 -9999 -9999 -9999 -9999 -9999 -9999 -9999 -9999 -9999 -9999 -9999 -9999 -9999 240 240 240 217 217 238 218 240 223 225 230 236 243 252 280 290 282 292 300 306 311 316 322 349 340 349 356 388 369 408 409 373 373 370 374 369 371 402
512 492 489 478 460 433 412 399 377 361 348 336 325 315 309 302 294 287 280 274 270 266 262 258 255 251 248 245 243 239 237 235 235 232 232 -9999 -9999 -9999 -9999 -9999 -9999 -9999 -9999 -9999 -9999 -9999 -9999 -9999 -9999 -9999 243 241 220 241 241 219 219 221 224 228 232 240 248 258 268 280 305 299 308 316 321 327 332 342 350 359 368 371 376 415 392 390 387 378 380 381 379 375
516 498 499 488 468 445 429 403 383 365 352 339 329 321 311 301 294 287 282 278 273 269 264 260 256 253 250 246 245 241 239 237 236 234 233 233 232 -9999 -9999 -9999 -9999 -9999 -9999 -9999 -9999 -9999 -9999 -9999 -9999 243 243 221 221 243 222 222 243 224 226 250 236 244 271 263 273 284 294 305 315 322 331 337 343 352 363 369 373 380 386 423 433 403 397 390 386 389 386 379
519 504 509 496 476 457 434 408 387 368 354 340 329 319 310 301 294 289 284 281 275 271 266 263 258 255 251 249 246 243 241 238 237 237 235 234 233 233 231 230 -9999 -9999 -9999 -9999 -9999 -9999 -9999 -9999 224 223 223 245 245 223 223 245 225 247 230 234 239 249 256 267 295 288 299 310 321 328 337 346 356 362 369 379 385 417 397 400 435 407 404 402 393 399 398 392
517 508 514 500 481 458 438 417 397 374 356 342 328 316 309 303 297 291 289 284 277 272 268 263 260 257 252 250 247 244 242 241 239 239 238 235 235 235 233 232 231 230 -9999 -9999 -9999 226 226 226 226 247 247 226 226 226 248 227 228 230 234 237 261 250 258 269 281 292 303 314 325 334 343 353 364 373 380 385 393 428 433 408 410 413 410 407 403 406 410 395
510 513 515 499 485 462 439 416 397 376 359 342 330 320 312 304 299 297 293 286 281 274 270 265 262 258 255 252 249 246 244 243 242 240 239 237 237 236 235 234 233 232 230 229 228 249 249 247 248 227 227 249 248 229 229 229 231 254 236 241 245 252 260 290 283 296 307 318 328 337 352 363 376 388 389 392 399 435 413 416 418 420 417 415 414 416 409 400
503 515 509 493 480 462 443 416 396 375 358 345 334 321 313 307 306 302 295 289 284 278 272 268 264 259 257 254 251 248 247 244 244 242 241 240 239 238 236 236 234 233 232 252 252 229 229 227 227 228 251 251 232 232 232 253 234 236 257 242 247 253 262 276 288 299 311 322 332 341 354 369 385 422 409 409 404 411 420 423 426 426 424 415 414 410 406 399
501 507 498 490 475 455 437 416 395 376 359 344 333 322 316 313 308 301 298 293 288 281 276 271 265 261 259 255 252 249 249 246 245 245 242 242 240 240 239 236 236 255 234 232 232 252 251 251 250 251 234 239 240 236 255 235 257 239 242 245 249 255 266 277 286 298 310 322 334 345 356 371 382 396 412 411 413 417 422 426 432 435 427 428 423 416 411 408
501 502 496 487 477 463 438 411 393 374 359 346 335 327 320 316 310 306 301 296 290 285 281 274 267 262 260 256 254 251 249 248 247 247 244 244 243 241 241 238 238 236 235 256 233 233 232 231 230 233 262 267 245 242 259 259 240 261 246 248 253 258 269 280 290 298 310 323 337 346 358 371 381 391 403 409 414 419 423 428 436 441 435 427 426 425 420 410
503 502 497 494 482 465 431 407 391 372 358 348 339 332 323 318 314 309 303 298 293 289 283 276 269 264 261 258 256 253 251 249 249 247 246 245 245 243 242 241 239 239 237 236 235 254 254 253 253 255 242 247 247 267 242 241 264 246 251 254 258 262 270 281 291 302 313 327 338 350 362 374 382 392 397 403 412 415 418 424 431 433 433 428 422 420 416 411
496 498 496 485 472 452 428 404 388 371 363 350 343 335 328 324 318 313 307 302 295 290 284 279 272 266 264 259 257 254 253 251 249 249 247 247 246 246 244 243 241 240 239 258 236 235 235 233 233 234 261 245 272 248 244 245 250 256 261 262 263 268 275 283 294 304 315 327 339 351 364 376 386 396 406 408 413 423 420 420 427 431 432 426 423 423 417 410
492 482 480 480 465 446 425 404 393 378 365 356 347 340 334 328 321 316 310 304 297 292 287 281 274 268 265 261 259 255 254 253 251 250 249 248 248 248 247 244 244 242 241 240 238 257 257 255 255 256 257 240 244 245 245 252 262 270 275 275 275 279 286 292 300 310 319 332 344 356 367 377 386 396 404 415 418 424 427 429 428 431 433 433 432 425 418 407
496 488 473 464 454 437 421 406 394 379 370 361 353 346 339 331 326 318 311 305 301 293 287 280 274 271 266 264 262 257 256 253 252 252 250 250 250 249 249 247 246 245 243 244 241 239 238 238 237 237 237 237 258 243 270 261 269 276 285 287 293 298 298 302 307 316 325 337 346 358 370 381 390 398 407 413 419 427 430 433 440 441 437 433 431 423 419 411
495 488 479 465 453 434 421 409 398 388 375 368 360 352 344 335 328 322 316 309 304 297 290 282 277 272 268 265 262 258 257 255 254 253 251 250 251 251 250 250 247 247 246 265 244 242 262 261 261 260 259 240 240 246 258 267 274 285 291 298 308 310 311 308 314 322 329 340 349 360 370 382 393 401 411 419 426 428 434 440 451 449 440 434 426 425 416 404
495 484 471 460 447 436 425 415 406 392 385 377 368 358 349 340 332 325 319 312 305 299 291 285 278 274 269 266 264 260 258 256 255 254 254 255 254 253 252 252 251 249 248 246 267 267 247 248 246 246 245 244 266 273 284 274 281 291 301 310 313 313 312 311 316 327 334 343 351 361 374 386 394 405 416 424 432 434 437 443 450 450 443 439 432 422 417 405
493 483 473 467 455 445 436 425 414 403 396 386 376 364 353 344 336 329 321 314 306 300 292 284 279 275 270 266 265 261 259 257 257 255 257 261 262 257 254 253 253 251 250 250 270 272 275 257 256 255 254 252 273 263 271 279 308 298 309 315 316 313 311 312 317 326 336 344 352 363 374 388 395 404 415 421 427 433 439 439 449 449 443 442 436 423 413 407
500 495 487 476 467 460 447 440 429 418 408 395 382 372 362 351 342 332 324 317 308 301 294 286 280 276 272 267 264 262 259 258 257 257 262 264 264 262 258 255 254 254 252 252 256 261 267 289 270 269 290 263 278 286 293 302 294 319 308 314 316 315 311 313 317 326 336 347 355 366 375 385 397 412 422 428 435 439 447 443 446 448 444 442 438 429 421 411
512 503 501 486 485 474 464 454 442 434 420 406 396 381 371 357 346 336 327 318 310 302 295 287 281 277 273 269 265 263 260 258 257 257 264 266 265 263 258 256 256 256 275 258 283 289 294 298 279 297 296 268 263 266 275 280 289 296 302 310 314 311 310 311 317 327 337 349 356 367 378 389 401 416 423 429 438 443 450 448 445 449 448 445 441 436 429 425
514 517 508 498 500 491 480 469 458 450 435 424 411 395 382 366 354 340 331 319 310 302 296 290 283 279 275 271 268 265 261 259 258 258 261 264 263 260 258 258 258 277 261 266 288 296 301 305 283 301 297 287 262 283 290 293 282 288 294 301 301 302 305 309 315 324 336 349 357 367 379 390 398 409 417 426 435 441 448 451 451 457 457 453 451 446 437 433
514 520 513 517 517 505 495 484 476 467 453 442 427 414 395 378 363 346 333 323 312 305 299 293 287 281 277 275 271 265 262 259 258 256 256 257 258 258 258 259 259 259 264 269 270 277 282 304 283 280 272 285 261 261 263 268 275 279 281 286 290 295 300 305 310 321 332 344 355 366 376 388 399 408 419 425 433 439 446 452 458 463 466 467 467 461 453 445
517 523 524 533 531 520 508 503 497 482 471 465 446 431 409 388 371 354 337 326 316 308 302 295 289 284 280 276 270 265 262 259 257 256 255 255 255 255 256 258 260 278 261 265 268 290 294 297 298 294 267 282 280 277 258 261 265 269 271 276 282 289 295 302 310 320 335 347 356 367 378 389 399 410 420 426 435 442 450 456 462 467 475 477 473 467 460 451
522 526 531 539 542 529 524 519 510 498 495 484 468 448 422 400 379 360 343 331 321 313 305 298 290 283 279 274 269 264 262 260 257 255 254 253 253 253 254 254 256 256 256 258 260 283 266 289 289 264 281 280 277 257 256 258 262 267 268 271 277 284 290 300 310 322 334 345 355 367 378 389 400 410 419 426 434 444 453 463 469 474 481 485 475 470 462 454
532 538 539 543 543 543 542 534 521 517 516 505 486 465 438 412 387 370 352 339 328 319 311 300 292 284 280 275 269 265 262 260 258 255 254 253 253 252 252 253 252 253 253 272 273 275 278 279 259 258 257 256 255 255 255 255 260 267 266 268 273 279 287 297 307 319 332 343 351 365 377 386 397 409 418 426 435 446 457 470 474 480 483 484 480 475 469 460
541 548 549 556 554 554 554 546 536 529 530 514 495 474 446 424 401 379 362 348 336 327 318 307 298 289 281 276 271 267 263 261 257 256 254 252 252 251 250 250 251 270 251 250 270 271 272 253 253 253 253 253 254 254 254 274 257 262 264 266 271 277 284 292 302 311 325 338 348 360 370 381 391 404 414 425 436 445 457 472 479 485 486 488 489 483 477 469
551 553 556 563 565 566 561 555 553 540 538 524 499 480 462 442 416 389 372 358 345 334 325 315 304 295 287 281 276 271 266 262 257 257 254 252 252 250 250 248 248 248 248 249 249 271 272 251 251 252 252 251 252 274 276 255 257 259 262 264 268 274 282 289 298 308 319 331 343 354 365 377 389 402 414 426 437 449 459 472 482 488 492 496 498 494 482 482
553 560 564 567 572 569 570 562 564 553 548 530 510 498 482 453 427 405 388 371 357 345 334 323 312 301 293 286 280 276 270 263 260 258 255 253 251 250 249 249 249 270 249 248 249 271 272 274 250 251 251 251 274 277 259 258 257 259 261 263 288 274 280 288 296 305 314 326 338 349 361 375 387 398 411 423 438 452 462 474 481 496 499 504 504 496 492 489
551 560 567 574 578 580 575 569 565 557 547 535 527 513 491 466 444 422 403 386 371 357 343 331 319 309 301 292 287 279 275 267 262 259 256 254 252 251 250 273 250 273 274 275 251 275 276 276 275 251 251 252 277 259 261 280 258 258 260 285 288 272 300 286 294 303 311 322 333 345 356 370 383 396 410 425 441 456 469 483 494 494 507 505 509 498 498 495
