FUTURO/Eje_30s/ASC/bio_19.asc
ncols         993
nrows         433
xllcorner     -105.25566776747
yllcorner     17.599810932142
cellsize      0.0083333333
NODATA_value  -9999
[rows 156 to 194 of 433, columns 440 to 527 of 993]
327 329 332 337 341 343 348 350 353 356 359 361 362 366 369 374 379 385 392 399 407 411 414 414 411 400 392 379 370 362 353 346 340 338 339 340 345 349 351 351 350 349 348 347 346 343 341 340 338 338 339 340 346 354 356 360 360 357 354 353 355 343 337 335 329 333 323 320 319 320 321 324 336 338 333 336 338 341 352 344 348 350 352 357 360 362 368 373
328 327 330 335 337 338 336 337 340 343 344 348 353 355 359 362 367 373 379 386 394 399 402 402 395 386 377 369 361 353 348 345 343 343 347 356 361 364 367 370 370 367 364 362 358 355 351 349 349 349 351 354 361 363 366 369 372 372 372 370 367 360 356 343 338 333 336 324 322 323 324 326 339 332 335 338 341 353 345 348 351 354 359 365 369 373 383 387
332 330 329 332 332 331 330 331 331 334 336 342 342 344 347 351 355 362 368 377 384 389 393 390 382 376 370 363 358 354 352 352 352 354 360 370 374 381 385 388 389 390 387 381 376 369 366 363 363 367 368 369 371 372 375 376 380 380 381 379 375 368 357 349 344 347 331 326 325 325 326 339 332 335 338 342 357 359 349 352 356 361 365 370 373 380 386 392
335 333 332 329 328 327 328 328 331 333 335 336 336 334 335 340 347 353 361 369 378 384 386 382 376 372 369 365 364 366 368 369 371 374 379 386 392 397 403 405 407 408 405 403 393 387 383 383 382 379 378 378 378 378 379 380 381 383 382 382 376 370 357 349 344 338 333 329 328 327 328 343 333 336 355 347 364 352 353 355 359 360 361 365 371 379 384 390
343 339 336 334 332 329 328 330 333 333 332 329 326 325 325 333 342 348 357 367 375 383 385 381 378 376 377 377 376 376 377 380 384 389 396 402 409 413 419 421 424 423 421 418 412 405 403 398 394 391 388 385 384 381 381 380 380 381 378 378 375 379 355 359 343 339 335 333 329 330 344 346 335 339 344 364 350 351 353 354 355 358 358 361 364 372 380 386
352 347 343 339 338 336 336 336 335 333 330 326 323 323 324 328 338 347 356 367 378 386 391 389 389 389 387 385 384 385 387 392 397 403 411 417 423 428 434 437 437 437 434 430 424 418 413 407 401 397 395 390 388 380 377 378 376 376 373 370 364 357 350 346 342 350 335 333 331 331 347 349 337 341 343 361 348 349 352 370 355 356 357 359 361 364 370 376
363 357 354 350 349 347 348 347 344 339 335 332 328 328 329 333 341 350 360 373 383 392 398 400 400 399 396 394 391 393 395 401 406 415 423 430 436 441 444 446 447 445 442 436 431 425 420 414 408 402 398 393 388 378 371 370 371 366 363 360 353 348 343 354 352 334 333 331 331 348 351 352 339 341 343 365 347 350 352 372 354 356 355 358 360 362 364 369
377 370 369 365 363 361 360 359 355 350 345 341 339 337 337 340 346 355 365 378 392 401 408 411 410 407 404 402 400 401 405 410 418 427 433 441 446 450 452 451 450 448 444 439 432 427 421 414 410 404 399 393 384 376 368 361 359 357 352 347 343 341 337 351 335 332 331 331 348 352 355 338 340 343 345 367 351 351 354 354 355 357 357 358 360 361 362 366
393 385 381 377 374 373 372 372 369 365 361 357 356 351 349 352 357 365 376 388 400 412 419 422 420 418 414 411 409 411 413 419 426 433 441 447 452 454 455 453 450 447 442 437 430 425 418 411 407 401 395 389 381 373 365 356 349 344 341 337 335 334 349 349 332 331 331 332 353 356 339 341 344 346 370 374 352 354 355 356 357 358 357 360 361 362 364 367
403 397 392 387 385 385 385 386 384 384 381 377 374 370 365 367 369 373 383 396 409 419 426 430 430 429 425 421 418 419 421 427 432 436 443 449 452 454 453 449 445 441 435 431 423 417 411 404 401 394 389 383 379 368 359 349 342 338 334 333 331 331 348 331 331 333 355 356 357 361 344 370 373 376 376 379 356 358 383 358 360 360 361 362 364 366 367 370
412 405 399 395 395 395 397 399 400 399 397 394 392 388 381 382 381 384 392 403 414 425 433 436 436 435 433 430 428 427 429 432 436 440 444 448 450 450 448 444 439 434 428 422 414 407 403 397 390 386 380 376 372 361 353 344 355 351 349 348 347 349 350 352 355 359 362 365 369 345 375 356 386 386 358 360 362 363 391 364 364 393 367 369 371 373 375 377
413 407 405 403 401 405 409 412 415 417 417 417 412 405 397 397 394 394 398 408 419 427 435 438 441 440 437 435 433 433 435 435 437 442 444 447 448 447 444 440 435 428 420 412 407 400 394 386 380 376 373 368 362 354 346 340 336 332 349 349 350 351 354 357 362 367 372 378 382 381 385 393 396 399 398 368 369 400 371 370 372 373 376 379 382 385 388 392
411 408 407 408 410 415 421 429 434 436 437 438 433 424 414 410 405 402 404 409 418 424 430 436 438 439 437 437 437 435 436 437 440 442 444 445 446 446 443 438 430 423 415 408 401 393 386 376 367 363 359 355 349 345 341 337 334 332 332 353 355 358 364 367 373 380 388 391 394 391 393 399 406 411 412 414 415 414 416 382 419 387 391 397 401 405 410 418
410 414 415 418 421 427 434 445 452 456 459 459 451 441 431 425 420 413 408 411 414 420 425 429 433 435 434 435 434 434 435 438 440 442 445 448 448 448 444 437 429 420 411 402 394 387 377 368 358 352 348 345 341 340 338 336 335 335 335 337 365 371 378 385 389 393 398 400 402 400 401 406 414 421 427 430 433 432 435 435 440 446 454 460 465 427 433 441
416 420 423 427 433 442 453 462 472 479 483 481 473 464 451 440 433 425 415 412 413 416 420 423 426 430 430 430 430 429 432 434 438 442 446 450 451 451 449 445 439 429 416 403 391 379 369 359 352 346 342 340 338 338 339 337 338 340 367 375 381 385 391 395 398 402 405 402 402 403 409 418 425 433 442 448 452 454 458 462 469 476 482 489 495 451 505 463
420 428 434 440 451 462 472 484 494 501 503 501 492 485 472 460 448 439 429 421 419 419 418 418 421 423 422 424 425 425 425 430 437 442 447 454 457 459 458 455 449 441 431 413 396 381 370 360 352 349 344 342 340 340 342 343 346 350 381 387 389 394 396 400 403 404 402 401 406 416 424 435 443 451 461 469 474 479 484 492 499 506 511 519 525 477 532 539
427 437 448 458 470 482 492 504 516 522 521 518 515 505 491 478 466 452 441 433 427 423 420 418 417 419 418 418 418 416 417 426 432 440 449 456 464 468 470 469 464 454 441 427 404 389 377 368 362 356 354 348 346 348 351 354 358 360 391 363 397 399 399 399 400 399 402 406 413 428 435 446 459 470 479 489 497 506 512 520 526 535 541 549 555 502 503 567
438 451 464 477 488 502 511 522 533 540 539 537 533 522 509 493 480 465 455 444 435 429 422 418 416 416 414 414 414 412 412 422 429 439 449 460 469 478 480 481 477 466 451 435 416 400 387 377 368 362 358 356 354 356 360 362 364 394 368 402 404 405 401 400 403 402 405 410 419 431 441 455 469 483 498 509 522 531 540 550 556 563 571 578 586 589 594 596
448 464 478 494 509 520 529 539 547 550 552 552 547 536 523 509 494 478 467 455 445 436 427 421 417 414 414 410 410 410 410 417 426 437 449 460 473 479 486 487 484 472 456 441 423 404 387 377 367 363 360 360 359 361 364 366 369 399 369 408 409 404 403 406 409 407 408 414 422 432 446 460 477 494 511 526 541 554 566 576 584 592 600 607 615 620 552 624
461 476 494 508 522 534 542 550 557 559 561 560 556 549 536 522 508 492 479 467 454 444 435 426 419 415 412 410 408 407 409 415 424 434 448 461 473 481 486 488 482 471 458 441 423 403 388 374 364 360 359 361 362 362 364 366 399 401 402 406 408 406 407 410 414 414 414 415 421 434 448 466 484 502 523 540 556 573 586 600 610 618 628 634 640 646 651 575
476 492 507 521 532 543 551 556 561 563 564 564 562 556 546 533 519 505 490 478 466 454 443 432 424 417 414 410 406 406 407 411 418 429 443 455 467 477 480 480 475 466 452 438 417 399 386 375 364 361 359 360 362 362 362 366 402 405 370 410 412 414 417 417 418 421 422 420 423 435 448 465 487 508 528 548 568 587 601 616 631 641 651 655 663 671 675 676
486 501 517 527 539 546 551 557 563 570 570 566 565 561 553 542 531 515 503 491 477 463 450 438 429 421 415 410 405 400 402 407 412 422 433 444 455 462 467 466 462 454 442 426 409 393 382 372 363 361 358 359 360 361 402 408 413 378 420 382 427 430 432 431 428 431 430 428 428 435 447 462 481 504 527 549 574 595 612 627 641 654 667 672 679 688 694 693
492 504 518 528 537 544 549 554 559 564 568 567 569 564 558 549 538 526 516 502 489 473 459 446 434 423 415 411 404 399 396 400 405 412 421 430 440 445 447 448 444 437 427 412 397 386 377 367 362 360 358 359 360 366 374 420 385 431 436 439 442 445 444 446 440 440 436 434 431 436 446 457 475 497 521 547 573 598 618 637 651 661 675 684 690 696 702 703
493 504 515 525 531 538 544 546 550 556 559 564 566 564 561 555 546 538 529 513 498 482 467 452 439 427 418 411 403 397 394 394 397 401 406 413 419 424 426 426 423 418 407 395 386 376 369 364 360 359 360 361 366 374 381 427 391 441 399 450 452 454 456 453 447 449 445 441 433 436 444 453 470 490 514 541 569 598 621 639 654 665 677 683 690 696 701 704
489 497 508 515 521 528 533 536 540 544 550 559 561 564 561 557 552 548 538 524 506 489 474 459 444 431 420 412 401 395 393 392 390 390 393 396 398 401 403 403 399 394 385 378 371 368 363 359 358 358 361 363 371 379 385 393 397 402 451 459 462 463 464 460 456 455 453 445 440 438 444 454 467 484 507 533 561 591 614 635 650 663 672 677 686 691 697 701
480 487 496 504 510 515 517 521 527 534 539 546 554 557 561 561 559 554 547 533 517 493 476 467 450 435 423 412 401 395 392 388 384 382 379 380 381 378 377 374 373 370 366 364 360 358 356 356 355 358 360 363 370 381 388 440 400 453 409 465 471 471 471 469 465 460 460 457 455 451 453 458 468 482 502 525 552 578 606 624 641 654 663 666 671 680 684 688
471 477 485 490 495 499 502 507 512 519 527 537 545 555 560 564 564 562 556 542 526 505 485 473 458 442 428 416 408 399 393 386 378 371 367 365 362 360 357 356 355 354 353 352 350 352 353 356 359 360 365 368 376 385 392 399 404 409 414 474 478 480 480 479 476 475 474 473 470 465 464 465 472 482 498 519 544 568 593 612 630 641 647 650 655 658 663 668
460 465 473 479 482 484 487 491 497 505 516 525 538 551 560 564 569 569 562 550 535 518 496 477 460 445 433 424 419 409 397 388 378 371 363 358 353 349 346 347 345 345 344 345 348 350 356 363 369 373 379 384 388 395 448 456 411 469 477 486 490 495 498 497 499 496 494 492 488 482 477 475 478 484 497 514 535 555 577 599 612 622 626 627 629 631 637 644
453 456 462 464 465 468 470 474 482 494 503 515 527 541 552 562 569 571 567 558 543 527 507 488 475 462 452 440 433 423 412 400 388 377 369 361 354 349 344 342 340 340 341 344 349 355 364 372 378 384 391 396 400 404 408 412 417 422 486 494 501 507 512 517 519 518 515 511 507 500 492 489 486 489 494 508 523 542 561 576 587 597 599 600 602 605 608 613
454 456 457 459 459 457 461 463 472 485 494 507 518 533 546 559 566 571 569 560 548 535 520 507 495 484 474 462 454 445 433 417 403 390 378 368 359 352 345 343 341 341 343 347 355 363 373 382 390 396 402 409 411 414 417 421 424 428 433 504 513 520 528 532 536 535 533 528 522 515 505 498 493 491 494 502 513 528 543 554 561 569 572 574 576 578 582 588
460 461 461 461 460 458 458 461 469 481 490 501 513 527 540 552 563 568 570 563 553 542 532 522 511 504 496 488 478 469 455 440 421 404 391 377 365 357 352 346 345 347 352 359 365 375 385 395 402 410 417 421 425 426 426 489 491 434 504 446 523 531 541 544 548 547 544 540 532 526 513 503 494 491 489 494 499 511 522 531 536 544 547 550 553 555 562 569
474 474 472 471 469 468 464 464 471 481 488 499 509 523 534 547 558 566 569 563 556 546 539 532 526 522 517 512 504 493 481 465 443 423 404 387 376 365 358 357 355 358 364 371 379 388 399 408 418 426 432 435 438 438 438 438 502 509 514 523 532 538 549 552 554 552 550 543 535 526 513 503 490 483 479 481 486 492 500 509 512 517 525 530 534 540 546 553
496 492 490 490 490 486 478 474 480 486 491 500 509 520 530 542 551 560 564 559 554 548 543 539 539 538 535 533 525 515 503 486 465 445 425 403 389 380 372 368 369 373 377 384 393 404 414 425 435 441 448 452 452 453 451 450 450 452 524 531 538 545 550 553 551 547 544 537 527 516 503 491 477 471 467 468 471 477 483 489 488 492 504 512 515 525 534 543
521 517 516 517 512 506 501 493 494 495 497 501 509 520 528 537 546 551 553 553 549 545 542 542 545 546 547 547 541 532 520 504 482 461 439 421 404 392 385 379 379 381 388 396 407 418 429 442 452 459 466 467 467 465 534 462 530 531 534 539 542 544 543 540 535 527 524 516 505 494 481 470 459 451 449 453 458 465 469 472 470 474 486 491 501 515 522 532
539 541 539 536 530 523 516 511 505 504 503 506 513 517 525 533 539 544 542 542 540 537 538 540 544 546 550 553 546 542 533 515 494 470 448 430 413 398 390 384 384 388 395 405 417 432 445 456 467 472 479 483 481 479 477 550 470 467 542 544 541 536 530 521 512 502 493 482 475 465 455 443 436 432 430 438 449 457 463 466 464 463 469 476 492 506 511 520
548 551 550 545 540 532 526 517 512 508 506 507 511 514 521 526 529 531 532 530 528 527 528 530 533 538 543 547 544 542 533 517 497 474 454 434 416 399 391 388 391 395 403 413 427 441 454 465 476 486 491 494 496 493 489 485 480 475 551 545 536 525 514 498 481 469 457 450 444 437 428 422 416 414 415 426 440 450 459 464 466 458 460 468 484 493 497 505
548 551 551 547 541 534 526 517 512 506 504 504 506 509 513 516 517 516 515 512 511 512 512 515 521 525 529 535 535 531 526 513 494 475 454 435 417 402 394 393 393 397 405 417 431 446 459 472 482 492 499 504 505 504 503 581 571 564 552 462 528 512 495 474 455 440 428 418 418 414 408 403 399 399 404 416 432 444 454 461 461 455 455 464 478 484 486 492
541 543 541 538 532 526 519 510 504 498 497 496 497 499 502 504 503 501 498 496 494 492 493 497 502 508 514 520 521 519 513 501 486 466 447 430 414 402 398 394 395 398 406 418 432 446 460 472 485 494 502 509 512 512 510 505 495 484 471 457 439 497 474 454 433 417 408 401 401 399 395 392 389 391 395 410 426 438 449 454 453 448 454 465 478 481 481 484
529 530 527 523 515 505 503 500 494 486 486 487 488 490 491 492 489 486 483 479 476 472 474 478 482 488 495 500 503 502 497 488 472 452 437 423 411 403 397 393 395 400 406 417 430 444 459 472 486 496 505 511 516 518 516 511 502 488 558 538 511 483 459 440 422 410 401 391 390 392 389 386 384 386 392 405 420 435 445 448 447 446 456 469 476 479 480 481
