FUTURO/Eje_30s/ASC/bio_19.asc
ncols         993
nrows         433
xllcorner     -105.25566776747
yllcorner     17.599810932142
cellsize      0.0083333333
NODATA_value  -9999
[rows 195 to 233 of 433, columns 176 to 263 of 993]
711 727 742 751 760 764 769 767 770 772 772 775 774 772 770 771 772 774 781 792 803 809 803 794 785 781 775 770 763 754 744 730 718 703 688 673 657 640 623 607 591 578 567 556 549 545 540 532 521 514 505 499 491 486 482 481 478 475 471 470 472 476 481 483 486 488 488 487 484 475 466 461 458 459 463 471 476 486 495 507 517 525 530 528 524 516 510 506
707 724 739 749 760 764 765 768 772 775 778 779 780 776 772 770 768 771 779 790 805 811 812 802 792 787 782 777 772 765 753 739 725 711 696 680 663 648 630 614 596 582 570 562 556 551 548 541 532 521 511 504 498 498 496 496 492 486 481 477 476 475 480 485 487 489 489 489 485 479 471 466 467 468 470 475 480 488 496 507 517 523 526 524 519 511 503 497
702 721 736 748 753 758 766 771 774 777 779 781 780 778 774 770 768 767 774 786 799 811 812 804 797 794 789 784 777 768 759 745 731 718 701 686 670 651 634 615 599 583 570 560 556 552 549 543 535 524 514 507 505 508 505 504 501 496 488 484 482 479 480 483 488 489 489 490 488 480 476 474 475 479 480 482 485 491 498 506 515 520 521 516 511 503 494 488
697 716 733 742 750 760 767 773 777 780 782 781 779 776 771 765 761 761 765 773 785 797 800 800 799 797 796 791 784 774 762 750 737 723 707 690 674 655 635 618 598 580 566 555 551 547 543 538 531 521 514 507 506 510 507 507 505 500 497 496 493 488 484 482 483 486 490 491 489 485 481 483 486 486 485 488 491 496 501 506 512 514 512 506 500 489 482 480
690 709 723 736 749 758 766 774 778 782 782 782 778 775 767 759 753 749 748 754 768 781 789 791 795 798 799 797 790 781 768 754 739 726 711 694 676 655 636 614 595 576 559 547 541 537 531 528 520 516 510 505 503 505 508 507 508 506 505 505 503 500 491 485 482 484 486 491 491 492 489 492 491 491 493 494 497 500 501 505 507 507 502 495 484 475 471 475
682 699 716 733 746 758 767 775 780 783 784 784 777 771 763 754 743 734 735 740 752 764 775 785 792 797 800 799 795 785 772 760 745 728 712 693 675 656 636 612 592 570 553 539 532 525 522 518 513 509 505 503 500 499 503 506 507 507 508 507 506 503 496 489 484 485 485 491 493 494 495 496 497 498 500 500 502 504 502 503 502 498 491 482 472 465 463 469
672 690 710 727 743 756 766 773 780 783 783 779 775 767 757 747 735 728 726 728 738 753 767 776 787 797 803 804 796 788 777 762 748 729 712 694 675 655 635 612 589 566 547 533 525 521 516 512 510 507 506 505 502 498 498 501 506 505 507 506 506 504 498 494 491 489 489 495 496 498 498 500 501 502 503 504 504 505 502 499 496 491 483 472 463 457 458 465
661 685 705 722 738 753 764 773 779 781 780 778 771 761 752 740 729 720 715 718 732 746 761 774 785 798 802 800 796 786 772 758 743 726 708 689 671 650 631 609 586 562 544 535 524 518 514 511 510 508 512 514 510 502 497 498 499 501 502 503 504 503 502 501 497 496 495 500 501 503 503 503 504 504 506 506 505 502 499 495 490 483 474 464 453 452 455 461
653 675 695 714 733 748 761 769 776 778 777 772 763 754 743 731 716 711 706 711 728 745 756 769 781 792 797 797 792 782 767 751 735 718 700 681 662 643 622 603 579 559 547 542 530 520 516 515 514 516 522 520 516 509 499 495 494 495 495 498 501 500 501 503 504 505 505 504 506 507 506 506 507 505 505 503 503 500 494 489 482 472 463 453 445 445 452 457
645 664 685 706 724 740 754 765 772 774 770 764 757 746 732 719 708 700 697 703 715 731 745 760 773 785 790 790 783 771 756 741 721 705 686 669 649 630 610 591 570 552 545 544 535 527 524 523 523 524 528 526 522 515 503 497 494 491 490 492 495 497 500 502 506 508 510 512 512 512 511 509 507 505 503 501 495 491 486 479 471 461 450 441 434 435 443 451
-9999 -9999 673 693 713 730 747 757 763 765 763 758 748 736 722 709 700 692 689 693 702 716 734 749 764 775 780 778 771 758 744 726 707 687 669 651 632 614 595 575 557 545 546 545 542 534 533 534 533 533 534 535 530 521 508 500 496 491 490 489 490 491 498 502 506 512 515 517 517 517 514 511 507 503 499 493 488 482 475 466 457 448 438 428 425 428 435 445
-9999 -9999 -9999 679 700 720 736 750 757 759 755 747 736 726 714 702 692 683 680 684 691 704 720 738 752 763 768 766 758 747 728 710 689 669 651 632 613 596 576 557 544 539 544 545 548 547 545 545 546 545 542 542 538 531 516 506 500 496 490 488 487 487 495 502 508 514 518 521 522 522 518 513 508 502 496 488 480 472 461 453 445 437 425 418 415 420 428 438
-9999 -9999 651 671 693 713 730 740 749 748 744 738 727 717 706 694 683 675 675 676 681 693 708 724 738 748 753 751 745 729 713 693 672 653 631 613 594 578 557 540 530 530 538 546 552 559 561 562 561 559 553 551 549 541 528 515 506 500 495 492 489 490 495 504 512 518 523 526 528 526 522 515 508 501 491 483 473 464 453 443 434 426 418 411 408 411 420 429
-9999 623 643 665 685 705 721 733 738 738 733 726 718 707 697 687 675 668 666 667 673 681 694 710 722 733 737 737 730 717 699 679 657 636 614 596 577 557 542 525 519 521 530 540 554 566 575 580 581 575 569 561 557 550 539 526 517 507 502 498 495 496 500 510 516 523 530 534 533 532 526 517 508 500 489 479 470 458 448 438 429 419 412 407 405 405 412 419
-9999 619 635 656 675 695 710 722 727 726 724 718 711 701 691 680 670 663 659 662 663 672 682 695 706 717 723 723 716 706 689 669 647 624 602 580 561 544 526 514 511 -9999 523 537 553 567 578 586 590 589 583 576 565 559 549 538 528 517 510 505 505 506 510 516 524 532 539 542 542 538 531 519 509 498 488 476 467 455 446 435 427 416 409 406 403 401 406 411
-9999 610 626 645 665 682 697 710 715 715 716 712 703 696 685 674 663 656 651 653 656 662 668 680 691 701 707 709 704 693 680 663 641 619 595 572 550 534 518 507 -9999 -9999 522 535 550 564 575 583 588 589 589 587 578 567 559 551 541 530 520 514 515 519 521 528 537 545 552 554 551 546 537 524 510 498 486 475 464 453 442 431 420 412 406 403 402 399 400 402
-9999 604 618 634 652 667 683 697 705 709 710 707 699 691 679 670 660 652 646 645 646 651 658 666 676 686 692 694 693 685 672 656 636 614 592 567 546 525 510 502 -9999 -9999 517 529 542 555 566 572 580 585 588 586 583 580 576 568 556 545 534 527 526 531 536 544 553 561 567 569 563 555 544 528 513 498 485 472 462 451 440 428 417 410 406 406 404 400 -9999 -9999
-9999 -9999 609 622 641 660 676 690 697 702 703 701 696 688 677 669 657 648 643 638 636 641 645 653 661 669 678 682 682 675 666 650 634 612 589 566 543 522 509 -9999 -9999 -9999 512 523 532 542 554 560 568 574 579 584 584 584 583 579 570 560 551 545 544 548 554 562 570 579 583 583 574 565 549 532 514 498 485 472 458 447 436 427 418 413 413 414 412 408 -9999 -9999
-9999 -9999 603 618 636 651 666 677 687 693 697 696 692 684 676 667 655 645 637 630 629 630 633 640 646 655 664 667 668 663 654 642 624 607 586 562 538 517 -9999 -9999 -9999 -9999 506 514 521 529 537 542 549 563 572 575 581 584 587 586 582 577 573 569 568 570 574 581 590 598 600 597 587 573 555 536 517 497 482 468 456 447 437 429 423 420 422 423 423 420 -9999 -9999
-9999 -9999 -9999 614 630 643 659 669 680 685 686 686 684 679 671 661 649 641 633 624 621 621 624 627 633 641 647 651 651 649 643 631 616 598 577 556 533 514 -9999 -9999 -9999 492 496 504 510 -9999 -9999 -9999 539 551 561 569 576 583 587 590 591 591 588 587 588 591 596 604 612 618 618 610 596 581 562 540 519 498 484 472 460 452 443 437 431 430 433 435 436 433 435 434
-9999 -9999 -9999 -9999 621 635 647 661 669 674 677 677 676 672 664 655 644 634 626 619 615 615 616 617 622 627 631 635 635 633 629 618 604 589 569 550 528 -9999 -9999 -9999 -9999 -9999 -9999 -9999 -9999 -9999 -9999 -9999 -9999 544 553 561 571 579 587 593 597 598 599 601 602 608 615 623 631 634 635 619 604 584 566 544 523 506 494 485 473 464 457 450 447 446 447 451 451 451 450 446
-9999 -9999 -9999 -9999 -9999 624 636 646 653 660 663 665 664 661 656 647 639 629 621 614 609 606 606 607 610 612 617 619 619 616 611 603 592 576 560 540 -9999 -9999 -9999 -9999 -9999 -9999 -9999 -9999 -9999 -9999 -9999 -9999 529 539 549 557 568 578 587 594 601 603 606 608 614 619 629 640 647 650 648 632 617 596 575 553 536 520 511 502 489 480 473 470 471 470 468 468 468 467 464 460
-9999 -9999 -9999 -9999 -9999 -9999 623 633 639 645 650 652 653 651 646 640 630 623 616 606 602 598 598 597 599 601 603 604 603 600 595 587 577 563 549 531 -9999 -9999 -9999 -9999 -9999 -9999 -9999 -9999 -9999 -9999 510 516 523 534 545 555 567 577 588 595 601 604 608 614 620 629 639 649 657 659 657 648 632 616 588 569 557 540 527 518 509 498 495 494 491 490 488 486 485 480 477 469
-9999 -9999 -9999 -9999 -9999 -9999 -9999 -9999 625 631 635 638 640 640 635 629 622 615 606 600 594 590 589 587 589 589 590 589 587 584 578 572 563 550 536 -9999 -9999 -9999 -9999 -9999 -9999 -9999 -9999 -9999 -9999 -9999 -9999 -9999 521 530 541 554 565 576 587 595 602 606 609 615 622 632 643 653 661 666 665 658 644 627 603 590 571 557 544 535 525 521 516 514 510 507 504 502 496 492 485 475
-9999 -9999 -9999 -9999 -9999 -9999 -9999 -9999 -9999 -9999 622 626 627 627 625 618 613 605 598 591 587 582 578 576 575 575 576 575 574 569 566 557 548 538 -9999 -9999 -9999 -9999 -9999 -9999 -9999 -9999 -9999 -9999 -9999 -9999 -9999 -9999 -9999 -9999 -9999 553 566 578 589 596 602 605 610 616 623 633 643 651 661 665 667 663 651 635 614 601 586 572 558 550 542 538 535 530 526 522 518 512 505 496 487 472
-9999 -9999 -9999 -9999 -9999 -9999 -9999 -9999 -9999 -9999 -9999 -9999 615 616 611 608 601 595 588 582 576 571 568 566 565 564 563 562 560 558 553 546 536 -9999 -9999 -9999 -9999 -9999 -9999 -9999 -9999 -9999 -9999 -9999 -9999 -9999 -9999 -9999 -9999 -9999 -9999 -9999 -9999 579 590 599 605 608 610 614 620 628 638 648 657 663 668 666 654 642 621 610 594 583 572 563 557 552 549 542 538 533 526 519 510 498 483 470
-9999 -9999 -9999 -9999 -9999 -9999 -9999 -9999 -9999 -9999 -9999 -9999 -9999 -9999 599 595 590 584 577 571 566 561 558 555 552 553 552 551 548 545 541 534 -9999 -9999 -9999 -9999 -9999 -9999 -9999 -9999 -9999 -9999 -9999 -9999 -9999 -9999 -9999 -9999 -9999 -9999 -9999 -9999 -9999 581 593 601 606 609 612 615 617 624 630 640 651 661 667 664 658 646 630 617 602 590 582 574 568 564 559 553 547 540 532 522 509 495 480 467
-9999 -9999 -9999 -9999 -9999 -9999 -9999 -9999 -9999 -9999 -9999 -9999 -9999 -9999 -9999 -9999 -9999 -9999 566 560 557 552 549 543 542 541 541 540 539 537 531 -9999 -9999 -9999 -9999 -9999 -9999 -9999 -9999 -9999 -9999 -9999 -9999 -9999 -9999 -9999 -9999 -9999 -9999 -9999 -9999 -9999 -9999 -9999 597 606 610 614 614 616 617 620 626 635 647 657 663 665 659 648 637 623 608 596 589 583 577 573 568 562 553 544 534 521 506 491 477 -9999
-9999 -9999 -9999 -9999 -9999 -9999 -9999 -9999 -9999 -9999 -9999 -9999 -9999 -9999 -9999 -9999 -9999 -9999 -9999 -9999 -9999 -9999 -9999 535 533 532 532 531 530 528 -9999 -9999 -9999 -9999 -9999 -9999 -9999 -9999 -9999 -9999 -9999 -9999 -9999 -9999 -9999 -9999 -9999 -9999 -9999 -9999 -9999 -9999 -9999 -9999 -9999 609 613 615 617 617 616 619 624 631 643 655 662 665 660 648 639 625 613 601 594 588 582 579 574 568 558 546 534 518 503 489 477 -9999
-9999 -9999 -9999 -9999 -9999 -9999 -9999 -9999 -9999 -9999 -9999 -9999 -9999 -9999 -9999 -9999 -9999 -9999 -9999 -9999 -9999 -9999 -9999 -9999 -9999 -9999 -9999 -9999 -9999 -9999 -9999 -9999 -9999 -9999 -9999 -9999 -9999 -9999 -9999 -9999 -9999 -9999 -9999 -9999 -9999 -9999 -9999 -9999 -9999 -9999 -9999 -9999 -9999 -9999 -9999 614 618 620 622 621 619 619 622 629 642 655 662 664 661 651 637 627 614 605 597 592 589 584 580 572 562 544 529 516 501 489 -9999 -9999
-9999 -9999 -9999 -9999 -9999 -9999 -9999 -9999 -9999 -9999 -9999 -9999 -9999 -9999 -9999 -9999 -9999 -9999 -9999 -9999 -9999 -9999 -9999 -9999 -9999 -9999 -9999 -9999 -9999 -9999 -9999 -9999 -9999 -9999 -9999 -9999 -9999 -9999 -9999 -9999 -9999 -9999 -9999 -9999 -9999 -9999 -9999 -9999 -9999 -9999 -9999 -9999 -9999 -9999 -9999 -9999 627 632 631 629 625 622 625 630 640 653 661 666 663 655 638 629 617 605 600 594 592 588 584 575 560 545 531 518 505 492 479 -9999
-9999 -9999 -9999 -9999 -9999 -9999 -9999 -9999 -9999 -9999 -9999 -9999 -9999 -9999 -9999 -9999 -9999 -9999 -9999 -9999 -9999 -9999 -9999 -9999 -9999 -9999 -9999 -9999 -9999 -9999 -9999 -9999 -9999 -9999 -9999 -9999 -9999 -9999 -9999 -9999 -9999 -9999 -9999 -9999 -9999 -9999 -9999 -9999 -9999 -9999 -9999 -9999 -9999 -9999 -9999 -9999 638 640 639 635 632 628 627 632 643 655 664 667 663 655 640 628 618 607 600 595 594 590 586 576 564 550 537 523 508 495 486 -9999
-9999 -9999 -9999 -9999 -9999 -9999 -9999 -9999 -9999 -9999 -9999 -9999 -9999 -9999 -9999 -9999 -9999 -9999 -9999 -9999 -9999 -9999 -9999 -9999 -9999 -9999 -9999 -9999 -9999 -9999 -9999 -9999 -9999 -9999 -9999 -9999 -9999 -9999 -9999 -9999 -9999 -9999 -9999 -9999 -9999 -9999 -9999 -9999 -9999 -9999 -9999 -9999 -9999 -9999 -9999 -9999 644 647 647 641 636 631 633 637 647 657 663 667 661 655 642 630 619 610 602 597 596 592 587 581 570 557 544 529 512 501 494 -9999
-9999 -9999 -9999 -9999 -9999 -9999 -9999 -9999 -9999 -9999 -9999 -9999 -9999 -9999 -9999 -9999 -9999 -9999 -9999 -9999 -9999 -9999 -9999 -9999 -9999 -9999 -9999 -9999 -9999 -9999 -9999 -9999 -9999 -9999 -9999 -9999 -9999 -9999 -9999 -9999 -9999 -9999 -9999 -9999 -9999 -9999 -9999 -9999 -9999 -9999 -9999 -9999 -9999 -9999 -9999 -9999 647 652 651 645 641 636 636 641 650 658 663 664 661 655 645 631 620 612 605 599 596 595 589 583 573 559 546 532 519 507 500 -9999
-9999 -9999 -9999 -9999 -9999 -9999 -9999 -9999 -9999 -9999 -9999 -9999 -9999 -9999 -9999 -9999 -9999 -9999 -9999 -9999 -9999 -9999 -9999 -9999 -9999 -9999 -9999 -9999 -9999 -9999 -9999 -9999 -9999 -9999 -9999 -9999 -9999 -9999 -9999 -9999 -9999 -9999 -9999 -9999 -9999 -9999 -9999 -9999 -9999 -9999 -9999 -9999 -9999 -9999 -9999 -9999 649 654 653 651 647 644 642 646 651 656 663 664 659 653 644 632 622 613 606 602 600 598 593 584 574 560 548 535 521 512 506 -9999
-9999 -9999 -9999 -9999 -9999 -9999 -9999 -9999 -9999 -9999 -9999 -9999 -9999 -9999 -9999 -9999 -9999 -9999 -9999 -9999 -9999 -9999 -9999 -9999 -9999 -9999 -9999 -9999 -9999 -9999 -9999 -9999 -9999 -9999 -9999 -9999 -9999 -9999 -9999 -9999 -9999 -9999 -9999 -9999 -9999 -9999 -9999 -9999 -9999 -9999 -9999 -9999 -9999 -9999 -9999 -9999 649 654 656 656 651 648 646 647 651 657 660 661 655 651 642 631 624 617 611 605 604 599 592 584 573 562 548 536 526 517 507 -9999
-9999 -9999 -9999 -9999 -9999 -9999 -9999 -9999 -9999 -9999 -9999 -9999 -9999 -9999 -9999 -9999 -9999 -9999 -9999 -9999 -9999 -9999 -9999 -9999 -9999 -9999 -9999 -9999 -9999 -9999 -9999 -9999 -9999 -9999 -9999 -9999 -9999 -9999 -9999 -9999 -9999 -9999 -9999 -9999 -9999 -9999 -9999 -9999 -9999 -9999 -9999 -9999 -9999 -9999 -9999 -9999 650 656 658 657 654 652 648 649 652 655 656 653 650 646 638 629 624 621 616 613 607 603 593 585 570 558 547 537 528 517 509 -9999
-9999 -9999 -9999 -9999 -9999 -9999 -9999 -9999 -9999 -9999 -9999 -9999 -9999 -9999 -9999 -9999 -9999 -9999 -9999 -9999 -9999 -9999 -9999 -9999 -9999 -9999 -9999 -9999 -9999 -9999 -9999 -9999 -9999 -9999 -9999 -9999 -9999 -9999 -9999 -9999 -9999 -9999 -9999 -9999 -9999 -9999 -9999 -9999 -9999 -9999 -9999 -9999 -9999 -9999 -9999 -9999 648 654 658 657 656 654 651 649 651 650 650 645 642 639 634 629 625 622 621 616 611 606 596 584 571 556 545 537 528 517 510 -9999
-9999 -9999 -9999 -9999 -9999 -9999 -9999 -9999 -9999 -9999 -9999 -9999 -9999 -9999 -9999 -9999 -9999 -9999 -9999 -9999 -9999 -9999 -9999 -9999 -9999 -9999 -9999 -9999 -9999 -9999 -9999 -9999 -9999 -9999 -9999 -9999 -9999 -9999 -9999 -9999 -9999 -9999 -9999 -9999 -9999 -9999 -9999 -9999 -9999 -9999 -9999 -9999 -9999 -9999 -9999 -9999 646 656 660 660 659 657 654 648 647 646 641 638 634 632 628 627 627 623 624 619 614 608 603 592 579 564 548 537 526 516 507 -9999
