FUTURO/Eje_30s/ASC/bio_05.asc
ncols         993
nrows         433
xllcorner     -105.25566776747
yllcorner     17.599810932142
cellsize      0.0083333333
NODATA_value  -9999
[rows 180 to 215 of 433, columns 738 to 819 of 993]
3012 3013 3014 3014 3014 -9999 -9999 -9999 -9999 -9999 -9999 -9999 -9999 -9999 -9999 -9999 -9999 -9999 -9999 -9999 -9999 -9999 -9999 -9999 -9999 -9999 -9999 -9999 -9999 -9999 -9999 -9999 -9999 -9999 -9999 -9999 -9999 -9999 -9999 -9999 -9999 -9999 -9999 -9999 -9999 -9999 -9999 -9999 -9999 -9999 -9999 -9999 -9999 -9999 -9999 -9999 -9999 -9999 -9999 -9999 -9999 -9999 -9999 -9999 -9999 -9999 -9999 -9999 -9999 -9999 -9999 -9999 -9999 -9999 -9999 -9999 -9999 -9999 -9999 -9999 -9999 -9999
3013 3013 3013 3014 -9999 -9999 -9999 -9999 -9999 -9999 -9999 -9999 -9999 -9999 -9999 -9999 -9999 -9999 -9999 -9999 -9999 -9999 -9999 -9999 -9999 -9999 -9999 -9999 -9999 -9999 -9999 -9999 -9999 -9999 -9999 -9999 -9999 -9999 -9999 -9999 -9999 -9999 -9999 -9999 -9999 -9999 -9999 -9999 -9999 -9999 -9999 -9999 -9999 -9999 -9999 -9999 -9999 -9999 -9999 -9999 -9999 -9999 -9999 -9999 -9999 -9999 -9999 -9999 -9999 -9999 -9999 -9999 -9999 -9999 -9999 -9999 -9999 -9999 -9999 -9999 -9999 -9999
3013 3013 3013 3014 -9999 -9999 -9999 -9999 -9999 -9999 -9999 -9999 -9999 -9999 -9999 -9999 -9999 -9999 -9999 -9999 -9999 -9999 -9999 -9999 -9999 -9999 -9999 -9999 -9999 -9999 -9999 -9999 -9999 -9999 -9999 -9999 -9999 -9999 -9999 -9999 -9999 2994 -9999 -9999 -9999 -9999 -9999 -9999 -9999 -9999 -9999 -9999 -9999 -9999 -9999 -9999 -9999 -9999 -9999 -9999 -9999 -9999 -9999 -9999 -9999 -9999 -9999 -9999 -9999 -9999 -9999 -9999 -9999 -9999 -9999 -9999 -9999 -9999 -9999 -9999 -9999 -9999
3012 3013 3013 3013 -9999 -9999 -9999 -9999 -9999 -9999 -9999 -9999 -9999 -9999 -9999 -9999 -9999 -9999 -9999 -9999 -9999 -9999 -9999 -9999 -9999 -9999 -9999 -9999 -9999 -9999 -9999 -9999 -9999 -9999 -9999 -9999 -9999 -9999 -9999 2995 2993 2993 2992 2991 2991 -9999 -9999 -9999 -9999 -9999 -9999 -9999 -9999 -9999 -9999 -9999 -9999 -9999 -9999 -9999 -9999 -9999 -9999 -9999 -9999 -9999 -9999 -9999 -9999 -9999 -9999 -9999 -9999 -9999 -9999 -9999 -9999 -9999 -9999 -9999 -9999 -9999
3012 3012 3013 -9999 -9999 -9999 -9999 -9999 -9999 -9999 -9999 -9999 -9999 -9999 -9999 -9999 -9999 -9999 -9999 -9999 -9999 -9999 -9999 -9999 -9999 -9999 -9999 -9999 -9999 -9999 -9999 -9999 -9999 -9999 -9999 -9999 2999 2998 2997 2995 2993 2992 2991 2990 2989 2989 2986 2984 -9999 -9999 -9999 -9999 -9999 -9999 -9999 -9999 -9999 -9999 -9999 -9999 -9999 -9999 -9999 -9999 -9999 -9999 -9999 -9999 -9999 -9999 -9999 -9999 -9999 -9999 -9999 -9999 -9999 -9999 -9999 -9999 -9999 -9999
3012 3012 3012 -9999 -9999 -9999 -9999 -9999 -9999 -9999 -9999 -9999 -9999 -9999 -9999 -9999 -9999 -9999 -9999 -9999 -9999 -9999 -9999 -9999 -9999 -9999 -9999 -9999 -9999 -9999 -9999 -9999 -9999 -9999 -9999 2999 2998 2997 2996 2995 2993 2991 2990 2988 2988 2986 2985 2983 2981 2980 2978 -9999 -9999 -9999 -9999 -9999 -9999 -9999 -9999 -9999 -9999 -9999 -9999 -9999 -9999 -9999 -9999 -9999 -9999 -9999 -9999 -9999 -9999 -9999 -9999 -9999 -9999 -9999 -9999 -9999 -9999 -9999
3012 3012 3012 -9999 -9999 -9999 -9999 -9999 -9999 -9999 -9999 -9999 -9999 -9999 -9999 -9999 -9999 -9999 -9999 -9999 -9999 -9999 -9999 -9999 -9999 -9999 -9999 -9999 -9999 -9999 -9999 -9999 -9999 -9999 2999 2999 2998 2996 2995 2993 2990 2989 2989 2987 2985 2985 2983 2981 2980 2978 2975 2971 2968 2967 -9999 -9999 -9999 -9999 -9999 -9999 -9999 -9999 -9999 -9999 -9999 -9999 -9999 -9999 -9999 -9999 -9999 -9999 -9999 -9999 -9999 -9999 -9999 -9999 -9999 -9999 -9999 -9999
3011 3011 3012 -9999 -9999 -9999 -9999 -9999 -9999 -9999 -9999 -9999 -9999 -9999 -9999 -9999 -9999 -9999 -9999 -9999 -9999 -9999 -9999 -9999 -9999 -9999 -9999 -9999 -9999 -9999 -9999 -9999 -9999 2997 2998 2998 2997 2997 2995 2993 2989 2988 2987 2985 2983 2983 2981 2979 2978 2975 2972 2968 2969 2969 2970 2971 2973 2974 -9999 -9999 -9999 -9999 -9999 -9999 -9999 -9999 -9999 -9999 -9999 -9999 -9999 -9999 -9999 -9999 -9999 -9999 -9999 -9999 -9999 -9999 -9999 -9999
3011 3011 3011 -9999 -9999 -9999 -9999 -9999 -9999 -9999 -9999 -9999 -9999 -9999 -9999 -9999 -9999 -9999 -9999 -9999 -9999 -9999 -9999 -9999 -9999 -9999 -9999 -9999 -9999 -9999 -9999 -9999 -9999 2992 2996 2997 2996 2996 2995 2992 2990 2988 2986 2983 2982 2981 2980 2978 2977 2974 2968 2969 2972 2972 2972 2973 2975 2975 2976 2978 2980 -9999 -9999 -9999 -9999 -9999 -9999 -9999 -9999 -9999 -9999 -9999 -9999 -9999 -9999 -9999 -9999 -9999 -9999 -9999 -9999 -9999
3009 3010 3010 -9999 -9999 -9999 -9999 -9999 -9999 -9999 -9999 -9999 -9999 -9999 -9999 -9999 -9999 -9999 -9999 -9999 -9999 -9999 -9999 -9999 -9999 -9999 -9999 -9999 -9999 -9999 -9999 -9999 2989 2990 2991 2995 2995 2994 2994 2992 2990 2988 2984 2983 2981 2980 2979 2978 2974 2971 2969 2972 2974 2974 2975 2975 2977 2978 2979 2980 2981 2981 2981 2981 -9999 -9999 -9999 -9999 -9999 -9999 -9999 -9999 -9999 -9999 -9999 -9999 -9999 -9999 -9999 -9999 -9999 -9999
3006 3008 3008 -9999 -9999 -9999 -9999 -9999 -9999 -9999 -9999 -9999 -9999 -9999 -9999 -9999 -9999 -9999 -9999 -9999 -9999 -9999 -9999 -9999 -9999 -9999 -9999 -9999 -9999 -9999 -9999 -9999 2992 2987 2990 2992 2993 2992 2993 2992 2990 2988 2987 2984 2979 2977 2977 2975 2973 2971 2973 2974 2975 2976 2977 2977 2978 2979 2980 2980 2981 2981 2981 2981 2981 2981 2981 -9999 -9999 -9999 -9999 -9999 -9999 -9999 -9999 -9999 -9999 -9999 -9999 -9999 -9999 -9999
3002 3005 -9999 -9999 -9999 -9999 -9999 -9999 -9999 -9999 -9999 -9999 -9999 -9999 -9999 -9999 -9999 -9999 -9999 -9999 -9999 -9999 -9999 -9999 -9999 -9999 -9999 -9999 -9999 -9999 -9999 -9999 2996 2993 2992 2989 2990 2991 2991 2991 2990 2989 2987 2985 2981 2976 2974 2972 2969 2971 2973 2973 2972 2975 2977 2978 2979 2979 2980 2980 2981 2981 2981 2980 2980 2980 2981 2981 2981 2981 2981 -9999 -9999 -9999 -9999 -9999 -9999 -9999 -9999 -9999 -9999 -9999
2998 3000 -9999 -9999 -9999 -9999 -9999 -9999 -9999 -9999 -9999 -9999 -9999 -9999 -9999 -9999 -9999 -9999 -9999 -9999 -9999 -9999 -9999 -9999 -9999 -9999 -9999 -9999 -9999 -9999 -9999 2999 2997 2995 2992 2990 2987 2988 2986 2989 2989 2987 2985 2984 2983 2980 2974 2972 2972 2972 2971 2970 2972 2976 2977 2978 2979 2979 2980 2980 2980 2980 2980 2980 2980 2980 2980 2980 2981 2981 2981 2981 2981 2980 -9999 -9999 -9999 -9999 -9999 -9999 -9999 -9999
2992 -9999 -9999 -9999 -9999 -9999 -9999 -9999 -9999 -9999 -9999 -9999 -9999 -9999 -9999 -9999 -9999 -9999 -9999 -9999 -9999 -9999 -9999 -9999 -9999 -9999 -9999 -9999 -9999 -9999 3001 3000 2997 2997 2997 2994 2992 2990 2987 2987 2987 2985 2983 2981 2980 2977 2975 2974 2972 2972 2971 2968 2972 2975 2976 2978 2979 2979 2980 2980 2979 2979 2979 2980 2980 2979 2979 2980 2980 2980 2981 2980 2980 2980 2980 2980 2980 2980 2980 2980 2980 2980
2990 -9999 -9999 -9999 -9999 -9999 -9999 -9999 -9999 -9999 -9999 -9999 -9999 -9999 -9999 -9999 -9999 -9999 -9999 -9999 -9999 -9999 -9999 -9999 -9999 -9999 -9999 -9999 -9999 2998 3002 3001 2999 2998 2998 2995 2995 2992 2990 2987 2985 2984 2980 2978 2976 2972 2973 2970 2969 2969 2969 2970 2971 2973 2977 2979 2979 2978 2978 2979 2978 2977 2979 2979 2979 2979 2979 2980 2980 2980 2980 2980 2980 2980 2979 2980 2979 2979 2979 2979 2980 2980
-9999 -9999 -9999 -9999 -9999 -9999 -9999 -9999 -9999 -9999 -9999 -9999 -9999 -9999 -9999 -9999 -9999 -9999 -9999 -9999 -9999 -9999 -9999 3007 3007 3006 3005 3003 3002 3002 3002 3001 3000 2999 2998 2997 2996 2993 2991 2987 2985 2984 2982 2979 2977 2972 2973 2972 2969 2969 2970 2973 2974 2976 2977 2978 2977 2977 2977 2978 2976 2977 2978 2978 2978 2978 2979 2979 2979 2979 2979 2980 2979 2979 2979 2979 2979 2979 2979 2979 2979 2979
-9999 -9999 -9999 -9999 -9999 -9999 -9999 -9999 -9999 -9999 -9999 -9999 -9999 -9999 -9999 -9999 -9999 -9999 -9999 -9999 3009 3008 3008 3007 3006 3006 3005 3004 3003 3003 3002 3001 3000 3000 2999 2997 2995 2993 2992 2990 2985 2983 2981 2979 2977 2975 2972 2971 2967 2970 2971 2973 2975 2976 2977 2977 2975 2976 2976 2975 2976 2977 2976 2977 2978 2978 2978 2978 2978 2978 2979 2979 2979 2979 2979 2979 2979 2979 2979 2979 2979 2979
-9999 -9999 -9999 -9999 -9999 -9999 -9999 -9999 -9999 -9999 -9999 -9999 -9999 -9999 -9999 -9999 -9999 -9999 3009 3009 3008 3008 3008 3008 3007 3006 3006 3005 3004 3003 3002 3001 3000 2999 2997 2997 2995 2993 2991 2989 2985 2982 2980 2979 2978 2974 2972 2971 2968 2970 2972 2973 2975 2976 2976 2975 2974 2975 2974 2974 2975 2976 2976 2977 2977 2977 2977 2977 2977 2978 2978 2979 2979 2978 2979 2979 2979 2978 2978 2978 2978 2977
-9999 -9999 -9999 -9999 -9999 -9999 -9999 -9999 -9999 -9999 -9999 -9999 -9999 -9999 -9999 -9999 -9999 -9999 3010 3010 3009 3009 3008 3007 3007 3006 3005 3005 3004 3003 3002 3001 3000 2999 2997 2996 2994 2992 2990 2988 2984 2982 2978 2978 2978 2976 2972 2969 2967 2968 2970 2973 2974 2974 2973 2972 2973 2972 2972 2973 2974 2975 2976 2975 2976 2976 2976 2976 2976 2977 2979 2978 2978 2977 2978 2978 2979 2976 2976 2977 2976 2975
-9999 -9999 -9999 -9999 -9999 -9999 -9999 -9999 -9999 -9999 -9999 -9999 -9999 -9999 -9999 -9999 -9999 3010 3010 3009 3009 3008 3008 3007 3006 3006 3005 3004 3003 3003 3002 3001 3000 2999 2997 2995 2992 2990 2989 2986 2983 2982 2981 2980 2978 2976 2973 2968 2962 2966 2970 2972 2970 2970 2971 2970 2970 2971 2971 2973 2974 2975 2974 2974 2974 2974 2974 2975 2976 2977 2978 2977 2977 2977 2977 2977 2978 2974 2971 2972 2975 2971
-9999 -9999 -9999 -9999 -9999 -9999 -9999 -9999 -9999 -9999 -9999 -9999 -9999 -9999 -9999 -9999 -9999 3010 3009 3009 3008 3008 3007 3007 3006 3005 3005 3004 3003 3002 3001 3001 3000 2998 2992 2992 2990 2988 2987 2985 2983 2978 2978 2980 2978 2976 2974 2970 2966 2968 2969 2969 2968 2968 2968 2968 2969 2969 2972 2972 2973 2974 2972 2972 2973 2973 2974 2975 2976 2976 2977 2976 2977 2977 2976 2977 2978 2974 2971 2971 2973 2970
-9999 -9999 -9999 -9999 -9999 -9999 -9999 -9999 -9999 -9999 -9999 -9999 -9999 -9999 -9999 -9999 -9999 3009 3009 3009 3008 3008 3007 3006 3006 3005 3004 3003 3003 3002 3001 3000 2999 2997 2992 2988 2988 2987 2986 2984 2982 2980 2979 2978 2977 2975 2973 2969 2969 2967 2967 2967 2965 2966 2966 2966 2967 2969 2970 2971 2972 2971 2968 2968 2971 2972 2974 2975 2975 2976 2975 2976 2976 2976 2976 2977 2978 2976 2974 2974 2973 2969
-9999 -9999 -9999 -9999 -9999 -9999 -9999 -9999 -9999 -9999 -9999 -9999 -9999 -9999 -9999 -9999 -9999 3009 3008 3008 3008 3007 3007 3006 3005 3005 3004 3003 3002 3001 3000 2999 2998 2996 2994 2992 2988 2987 2985 2983 2981 2980 2978 2975 2973 2973 2970 2969 2968 2967 2964 2964 2962 2963 2963 2965 2966 2968 2969 2970 2971 2969 2963 2965 2970 2972 2973 2974 2974 2974 2975 2975 2975 2976 2976 2977 2978 2976 2976 2976 2974 2973
-9999 -9999 -9999 -9999 -9999 -9999 -9999 -9999 -9999 -9999 -9999 -9999 -9999 -9999 -9999 -9999 -9999 3008 3008 3008 3007 3007 3006 3006 3005 3004 3003 3003 3002 3001 3000 2998 2997 2995 2993 2992 2986 2983 2984 2982 2981 2979 2975 2968 2966 2968 2966 2965 2964 2963 2963 2961 2958 2960 2961 2963 2965 2966 2967 2968 2968 2968 2968 2968 2970 2971 2972 2974 2973 2973 2974 2974 2975 2976 2977 2978 2978 2978 2977 2977 2976 2975
-9999 -9999 -9999 -9999 -9999 -9999 -9999 -9999 -9999 -9999 -9999 -9999 -9999 -9999 -9999 -9999 -9999 3008 3008 3007 3007 3006 3006 3005 3005 3004 3003 3002 3001 3000 2999 2997 2996 2995 2993 2991 2986 2985 2984 2982 2980 2978 2973 2966 2962 2963 2962 2961 2962 2960 2959 2960 2955 2956 2958 2960 2959 2964 2964 2964 2965 2967 2968 2969 2970 2971 2972 2971 2972 2973 2973 2975 2975 2975 2974 2974 2975 2976 2974 2974 2975 2976
-9999 -9999 -9999 -9999 -9999 -9999 -9999 -9999 -9999 -9999 -9999 -9999 -9999 -9999 -9999 -9999 -9999 3007 3007 3007 3006 3006 3005 3005 3004 3003 3003 3002 3001 2999 2997 2996 2994 2993 2991 2986 2987 2984 2982 2981 2979 2975 2970 2962 2957 2958 2958 2959 2958 2956 2954 2957 2953 2950 2956 2958 2958 2960 2960 2962 2965 2966 2967 2969 2969 2970 2970 2971 2972 2972 2974 2975 2975 2973 2971 2972 2973 2975 2973 2972 2974 2976
-9999 -9999 -9999 -9999 -9999 -9999 -9999 -9999 -9999 -9999 -9999 -9999 -9999 -9999 -9999 -9999 3007 3007 3007 3006 3006 3005 3005 3004 3004 3003 3002 3001 3000 2998 2996 2995 2993 2992 2990 2987 2985 2983 2981 2979 2976 2972 2966 2961 2958 2953 2954 2958 2954 2953 2948 2951 2948 2947 2953 2956 2957 2957 2959 2962 2963 2965 2966 2968 2968 2969 2970 2971 2972 2972 2973 2974 2973 2973 2972 2972 2973 2974 2973 2972 2973 2974
3004 -9999 -9999 -9999 -9999 -9999 -9999 -9999 -9999 -9999 -9999 -9999 -9999 -9999 -9999 -9999 3007 3006 3006 3006 3005 3005 3004 3004 3003 3002 3001 3000 2999 2998 2996 2994 2992 2990 2988 2987 2986 2983 2981 2977 2973 2966 2964 2961 2957 2951 2951 2953 2950 2951 2946 2946 2943 2942 2948 2952 2955 2957 2957 2960 2963 2965 2966 2968 2969 2970 2971 2972 2971 2972 2974 2972 2971 2972 2973 2972 2970 2970 2972 2972 2973 2974
3004 -9999 -9999 -9999 -9999 -9999 -9999 -9999 -9999 -9999 -9999 -9999 -9999 -9999 -9999 -9999 3006 3006 3006 3005 3005 3004 3004 3003 3003 3002 3001 3000 2998 2997 2995 2993 2991 2989 2987 2985 2983 2982 2980 2976 2971 2966 2962 2959 2956 2949 2944 2943 2944 2948 2945 2942 2941 2943 2948 2951 2954 2952 2954 2955 2963 2965 2966 2967 2968 2969 2969 2969 2966 2968 2970 2972 2971 2971 2973 2975 2969 2970 2974 2974 2975 2975
3003 3003 3004 -9999 -9999 -9999 -9999 -9999 -9999 -9999 -9999 -9999 -9999 -9999 -9999 3006 3005 3005 3005 3004 3004 3003 3003 3003 3002 3001 3000 2999 2997 2995 2994 2992 2990 2988 2985 2983 2981 2978 2976 2973 2966 2964 2962 2956 2952 2946 2939 2937 2940 2943 2944 2940 2940 2943 2946 2947 2949 2950 2955 2958 2965 2967 2968 2968 2968 2967 2967 2966 2965 2967 2971 2973 2973 2974 2975 2976 2974 2974 2976 2976 2976 2976
3002 3003 3003 3003 3004 3004 -9999 -9999 -9999 -9999 -9999 -9999 -9999 -9999 3005 3005 3005 3004 3004 3004 3003 3003 3002 3002 3001 3000 2999 2997 2996 2995 2993 2991 2989 2987 2984 2982 2979 2976 2973 2969 2967 2961 2956 2953 2947 2943 2939 2935 2938 2936 2941 2937 2936 2939 2943 2945 2947 2951 2957 2963 2964 2967 2969 2969 2967 2962 2964 2966 2969 2971 2975 2975 2974 2976 2976 2977 2977 2975 2975 2977 2977 2978
3001 3002 3002 3003 3003 3003 3004 3004 -9999 -9999 -9999 3005 3004 3004 3004 3004 3004 3004 3003 3003 3002 3002 3001 3001 3000 2999 2998 2997 2996 2994 2992 2990 2988 2986 2983 2981 2977 2974 2970 2966 2964 2960 2954 2947 2943 2940 2936 2933 2935 2936 2939 2935 2932 2940 2945 2946 2947 2949 2955 2959 2962 2965 2968 2969 2969 2965 2967 2970 2970 2972 2976 2975 2975 2975 2978 2979 2976 2975 2976 2977 2978 2978
3001 3001 3001 3002 3002 3003 3003 3003 3003 3004 3004 3004 3004 3004 3003 3003 3003 3003 3002 3002 3002 3001 3001 3000 2999 2998 2998 2997 2995 2993 2991 2987 2986 2984 2983 2980 2974 2971 2964 2958 2960 2958 2951 2944 2938 2935 2932 2930 2932 2933 2933 2932 2936 2942 2947 2950 2953 2955 2955 2956 2957 2961 2965 2969 2971 2972 2971 2971 2971 2972 2974 2977 2974 2976 2978 2980 2977 2975 2976 2975 2978 2977
3000 3000 3001 3001 3002 3002 3002 3002 3003 3003 3003 3003 3003 3003 3003 3002 3002 3002 3002 3001 3001 3001 3000 2999 2999 2998 2997 2996 2994 2991 2988 2985 2983 2982 2981 2979 2973 2968 2959 2950 2946 2947 2949 2942 2935 2931 2927 2927 2930 2935 2937 2939 2942 2946 2949 2952 2954 2956 2958 2958 2958 2960 2965 2968 2971 2974 2974 2973 2971 2974 2976 2979 2979 2979 2979 2981 2978 2976 2977 2977 2978 2977
2999 3000 3000 3000 3001 3001 3001 3002 3002 3002 3002 3002 3002 3002 3002 3002 3001 3000 3000 3000 3000 3000 2999 2999 2998 2997 2996 2995 2993 2991 2990 2987 2984 2982 2979 2977 2973 2968 2963 2956 2944 2945 2943 2938 2934 2928 2924 2923 2928 2929 2933 2938 2942 2943 2948 2951 2955 2957 2958 2960 2960 2962 2965 2967 2970 2973 2976 2977 2976 2976 2976 2978 2981 2981 2980 2981 2981 2979 2980 2979 2979 2977
2998 2999 2999 2999 3000 3000 3000 3001 3001 3001 3001 3001 3001 3001 3001 3001 2999 2995 2996 2998 2999 2999 2998 2998 2997 2996 2995 2994 2992 2990 2988 2987 2985 2982 2979 2976 2973 2970 2965 2960 2954 2948 2943 2937 2932 2927 2923 2920 2925 2932 2934 2935 2939 2944 2948 2952 2957 2960 2960 2962 2963 2965 2968 2969 2970 2973 2975 2977 2978 2977 2978 2978 2979 2982 2981 2981 2984 2982 2983 2981 2981 2980
