FUTURO/Eje_30s/ASC/bio_01.asc
ncols         993
nrows         433
xllcorner     -105.25566776747
yllcorner     17.599810932142
cellsize      0.0083333333
NODATA_value  -9999
[rows 180 to 215 of 433, columns 328 to 409 of 993]
2946 2946 2945 2946 2946 2944 2941 2940 2938 2937 2933 2931 2928 2926 2924 2917 2909 2904 2898 2893 2891 2888 2884 2889 2889 2888 2888 2887 2886 2890 2891 2892 2893 2893 2892 2884 2891 2898 2898 2895 2891 2890 2891 2894 2898 2903 2906 2907 2903 2899 2893 2891 2885 2877 2881 2894 2902 2898 2898 2904 2906 2901 2903 2906 2903 2900 2900 2899 2894 2893 2895 2895 2892 2892 2889 2884 2879 2877 2877 2880 2882 2884
2945 2945 2945 2946 2943 2939 2939 2940 2940 2938 2936 2933 2931 2931 2927 2919 2912 2908 2903 2898 2896 2894 2893 2894 2892 2892 2891 2889 2887 2890 2891 2893 2894 2895 2895 2892 2897 2901 2901 2898 2896 2896 2899 2900 2903 2907 2909 2908 2904 2899 2894 2883 2874 2874 2882 2891 2901 2901 2902 2908 2908 2903 2905 2910 2909 2908 2906 2902 2897 2893 2893 2894 2894 2892 2888 2882 2876 2866 2868 2878 2883 2885
2939 2939 2945 2947 2943 2937 2937 2941 2942 2941 2938 2936 2936 2935 2930 2923 2916 2911 2907 2902 2898 2896 2897 2898 2896 2896 2895 2892 2890 2891 2892 2892 2894 2898 2899 2902 2903 2904 2904 2902 2901 2901 2903 2905 2908 2912 2913 2910 2904 2900 2895 2885 2878 2882 2891 2897 2903 2904 2906 2911 2911 2906 2907 2910 2907 2907 2906 2902 2899 2896 2895 2895 2893 2892 2888 2878 2875 2863 2863 2875 2880 2883
2939 2940 2946 2949 2946 2943 2943 2945 2945 2943 2941 2940 2940 2939 2935 2929 2922 2916 2909 2905 2899 2892 2895 2901 2899 2898 2896 2893 2891 2893 2895 2895 2898 2901 2902 2903 2902 2902 2904 2905 2906 2906 2905 2908 2912 2914 2914 2911 2907 2903 2897 2893 2890 2892 2894 2899 2903 2904 2908 2910 2911 2911 2910 2910 2908 2907 2904 2901 2898 2893 2895 2895 2893 2891 2888 2883 2881 2876 2874 2876 2875 2878
2943 2948 2950 2952 2950 2947 2947 2948 2948 2947 2945 2944 2944 2942 2940 2934 2926 2918 2912 2907 2901 2897 2899 2902 2901 2900 2898 2895 2895 2893 2894 2896 2898 2900 2897 2898 2901 2899 2900 2904 2906 2908 2909 2911 2914 2914 2914 2913 2909 2904 2898 2898 2898 2902 2903 2906 2907 2908 2909 2910 2911 2911 2910 2909 2906 2901 2895 2896 2898 2897 2897 2896 2896 2893 2891 2887 2884 2879 2875 2870 2870 2871
2943 2953 2957 2956 2954 2953 2951 2950 2951 2949 2947 2947 2946 2944 2940 2936 2928 2920 2914 2910 2907 2904 2903 2904 2902 2903 2901 2899 2897 2897 2895 2897 2898 2896 2892 2895 2897 2893 2897 2902 2903 2904 2908 2912 2913 2914 2914 2911 2907 2904 2901 2902 2904 2904 2905 2905 2906 2907 2909 2909 2909 2905 2902 2900 2896 2886 2878 2884 2892 2898 2898 2898 2896 2895 2893 2889 2882 2874 2865 2860 2858 2861
2947 2955 2961 2959 2958 2957 2956 2955 2954 2952 2950 2948 2946 2943 2940 2934 2928 2923 2916 2911 2908 2906 2906 2905 2903 2903 2904 2903 2899 2901 2901 2897 2899 2900 2901 2900 2899 2898 2900 2896 2893 2895 2903 2909 2912 2912 2912 2910 2908 2906 2904 2905 2905 2904 2905 2901 2905 2907 2908 2907 2902 2895 2891 2888 2884 2875 2864 2873 2885 2895 2898 2898 2897 2896 2894 2887 2879 2870 2862 2860 2861 2863
2954 2958 2963 2962 2960 2960 2958 2955 2951 2951 2952 2949 2946 2943 2940 2935 2929 2924 2917 2912 2907 2906 2907 2906 2906 2905 2905 2904 2902 2903 2903 2902 2902 2903 2905 2905 2906 2905 2901 2893 2885 2893 2900 2906 2911 2913 2913 2912 2911 2910 2909 2907 2906 2904 2904 2905 2906 2907 2905 2901 2895 2887 2881 2878 2871 2869 2869 2872 2880 2885 2894 2898 2898 2897 2895 2887 2880 2870 2864 2867 2871 2873
2958 2964 2965 2964 2963 2960 2954 2949 2947 2947 2948 2948 2945 2943 2940 2935 2931 2925 2917 2910 2907 2903 2907 2906 2906 2906 2905 2904 2904 2901 2901 2901 2902 2904 2906 2907 2907 2907 2906 2901 2898 2903 2905 2908 2910 2911 2912 2912 2912 2911 2907 2905 2903 2900 2903 2905 2905 2905 2899 2893 2888 2880 2874 2868 2861 2860 2868 2874 2873 2879 2892 2896 2892 2895 2897 2893 2886 2877 2873 2874 2877 2879
2965 2966 2966 2965 2965 2959 2952 2943 2937 2939 2942 2943 2939 2935 2936 2935 2932 2926 2919 2914 2911 2907 2909 2906 2904 2904 2904 2903 2901 2897 2895 2895 2899 2902 2905 2907 2907 2908 2908 2908 2907 2909 2909 2910 2911 2912 2912 2912 2912 2910 2903 2899 2902 2902 2903 2903 2902 2898 2891 2885 2880 2876 2870 2860 2852 2859 2868 2875 2875 2880 2893 2896 2895 2897 2897 2895 2889 2883 2881 2882 2881 2883
2968 2968 2967 2966 2966 2960 2953 2942 2930 2929 2936 2937 2933 2928 2932 2934 2931 2926 2921 2918 2914 2912 2910 2905 2900 2903 2903 2901 2898 2892 2887 2888 2894 2900 2904 2906 2906 2906 2906 2906 2907 2908 2909 2910 2910 2910 2910 2910 2910 2907 2906 2901 2902 2902 2902 2901 2898 2892 2886 2880 2875 2871 2870 2864 2862 2867 2874 2882 2887 2893 2896 2897 2897 2897 2896 2892 2886 2884 2884 2886 2886 2886
2969 2968 2968 2967 2966 2964 2957 2946 2939 2934 2938 2938 2937 2935 2937 2936 2933 2927 2920 2920 2915 2911 2910 2906 2901 2903 2901 2900 2897 2890 2884 2888 2894 2899 2903 2904 2903 2902 2900 2900 2900 2901 2906 2908 2907 2906 2908 2908 2906 2904 2903 2894 2900 2901 2900 2898 2893 2888 2883 2878 2874 2871 2873 2874 2873 2877 2885 2890 2897 2900 2899 2897 2895 2892 2890 2884 2877 2880 2883 2884 2886 2886
2968 2968 2968 2966 2966 2965 2961 2954 2948 2945 2947 2943 2945 2944 2942 2939 2935 2932 2926 2921 2910 2901 2908 2908 2907 2905 2903 2901 2897 2893 2891 2892 2896 2899 2901 2901 2898 2895 2892 2891 2892 2897 2901 2904 2906 2905 2905 2904 2902 2896 2899 2899 2899 2897 2898 2892 2884 2881 2878 2878 2878 2879 2881 2884 2885 2888 2894 2898 2901 2901 2898 2893 2889 2885 2881 2881 2876 2873 2876 2880 2883 2885
2968 2968 2967 2966 2966 2965 2963 2960 2955 2954 2953 2951 2951 2949 2946 2942 2939 2935 2930 2921 2909 2898 2902 2906 2908 2905 2903 2900 2898 2895 2894 2894 2895 2898 2899 2898 2893 2887 2881 2879 2882 2890 2896 2902 2903 2901 2902 2901 2901 2900 2899 2896 2896 2894 2889 2883 2872 2865 2865 2873 2881 2884 2887 2891 2895 2898 2900 2901 2901 2901 2896 2889 2885 2879 2876 2875 2869 2866 2870 2877 2880 2883
2965 2967 2967 2966 2965 2964 2963 2962 2960 2957 2954 2953 2952 2950 2948 2946 2942 2938 2931 2925 2916 2910 2903 2903 2908 2906 2903 2901 2899 2896 2894 2893 2894 2896 2897 2896 2889 2879 2870 2864 2870 2879 2890 2895 2899 2900 2900 2898 2900 2899 2899 2897 2894 2892 2885 2879 2871 2857 2854 2866 2882 2889 2892 2895 2899 2901 2900 2901 2901 2900 2897 2890 2885 2881 2877 2870 2860 2854 2866 2871 2877 2882
2959 2966 2966 2966 2965 2964 2963 2962 2961 2958 2955 2954 2953 2951 2949 2948 2945 2941 2935 2928 2923 2917 2912 2911 2909 2906 2901 2902 2900 2898 2896 2893 2892 2893 2896 2896 2887 2877 2865 2851 2861 2872 2881 2886 2891 2894 2896 2898 2897 2898 2897 2898 2897 2893 2887 2883 2881 2873 2870 2874 2887 2895 2897 2899 2901 2901 2901 2901 2900 2899 2899 2890 2888 2885 2880 2871 2863 2862 2867 2874 2880 2885
2956 2964 2966 2966 2965 2964 2963 2962 2961 2956 2952 2953 2952 2950 2948 2946 2944 2941 2936 2930 2922 2911 2914 2913 2911 2909 2906 2904 2903 2900 2897 2896 2896 2895 2896 2894 2887 2876 2869 2863 2860 2867 2874 2877 2881 2886 2890 2892 2887 2888 2888 2893 2897 2895 2892 2890 2890 2888 2887 2887 2895 2897 2895 2896 2897 2896 2898 2899 2898 2897 2897 2895 2891 2887 2883 2877 2874 2873 2873 2878 2883 2887
2960 2966 2966 2965 2964 2964 2963 2962 2960 2957 2952 2952 2951 2948 2946 2944 2942 2940 2935 2930 2923 2918 2918 2916 2914 2912 2909 2906 2903 2900 2897 2893 2898 2896 2895 2894 2891 2885 2877 2863 2854 2860 2868 2869 2874 2881 2887 2886 2877 2879 2881 2889 2894 2894 2895 2894 2893 2898 2898 2899 2901 2897 2893 2892 2893 2891 2893 2895 2890 2891 2894 2890 2885 2882 2881 2880 2880 2878 2879 2881 2884 2887
2967 2968 2967 2966 2964 2963 2962 2961 2959 2957 2955 2952 2950 2948 2945 2942 2940 2937 2933 2930 2927 2923 2921 2919 2917 2914 2911 2908 2905 2902 2898 2898 2900 2897 2895 2894 2895 2893 2887 2876 2869 2867 2869 2869 2874 2880 2887 2887 2878 2881 2884 2890 2893 2893 2895 2897 2899 2901 2897 2895 2897 2894 2893 2890 2888 2888 2892 2894 2890 2890 2888 2883 2875 2870 2873 2876 2880 2876 2876 2878 2881 2886
2970 2969 2967 2966 2965 2963 2961 2960 2958 2955 2953 2951 2949 2947 2944 2941 2938 2935 2933 2931 2927 2924 2922 2919 2918 2915 2912 2909 2907 2905 2903 2903 2904 2904 2900 2896 2896 2897 2896 2890 2881 2878 2876 2878 2881 2885 2889 2893 2890 2889 2894 2897 2898 2897 2900 2902 2903 2900 2893 2890 2889 2888 2886 2884 2879 2884 2889 2892 2895 2889 2883 2879 2874 2867 2869 2877 2879 2877 2878 2879 2885 2890
2971 2970 2968 2966 2965 2963 2959 2958 2956 2954 2951 2949 2947 2944 2942 2939 2935 2932 2929 2928 2926 2924 2921 2919 2918 2916 2913 2911 2908 2907 2906 2906 2905 2904 2901 2898 2895 2898 2898 2896 2891 2884 2883 2885 2888 2891 2895 2900 2904 2904 2905 2906 2906 2903 2903 2904 2902 2899 2893 2892 2890 2892 2890 2878 2875 2881 2890 2894 2896 2890 2885 2882 2881 2878 2878 2882 2885 2885 2885 2887 2892 2895
2971 2969 2968 2967 2965 2961 2958 2958 2956 2953 2951 2948 2945 2943 2940 2938 2935 2931 2927 2924 2921 2919 2918 2917 2915 2914 2912 2908 2908 2907 2906 2905 2904 2903 2902 2900 2899 2897 2895 2894 2895 2893 2890 2892 2892 2896 2899 2905 2909 2911 2911 2907 2907 2906 2903 2903 2898 2897 2901 2899 2897 2896 2892 2886 2884 2887 2887 2893 2898 2897 2892 2892 2890 2890 2889 2891 2893 2896 2896 2899 2901 2901
-9999 -9999 2967 2966 2962 2962 2960 2958 2952 2950 2949 2947 2944 2942 2939 2936 2933 2929 2926 2922 2916 2911 2913 2914 2913 2909 2907 2905 2905 2905 2904 2900 2900 2900 2897 2899 2900 2895 2893 2894 2897 2897 2898 2899 2899 2901 2904 2907 2908 2910 2912 2907 2910 2909 2905 2899 2904 2903 2903 2900 2900 2898 2897 2894 2892 2896 2896 2898 2903 2901 2900 2901 2900 2901 2902 2904 2904 2906 2906 2908 2908 2904
-9999 -9999 -9999 2962 2961 2958 2956 2954 2947 2945 2945 2943 2941 2941 2938 2935 2932 2929 2925 2920 2916 2909 2908 2910 2909 2906 2901 2899 2900 2900 2902 2899 2895 2894 2894 2896 2898 2893 2892 2892 2893 2896 2900 2902 2904 2906 2909 2911 2910 2911 2913 2912 2912 2912 2912 2911 2910 2910 2907 2904 2903 2904 2903 2903 2899 2902 2904 2906 2906 2907 2904 2901 2896 2903 2906 2911 2914 2915 2916 2916 2914 2911
-9999 -9999 -9999 -9999 2961 2955 2952 2948 2948 2945 2943 2941 2939 2938 2936 2933 2930 2926 2922 2918 2914 2909 2901 2904 2904 2902 2897 2892 2894 2893 2894 2895 2891 2889 2891 2894 2896 2897 2894 2886 2881 2894 2899 2903 2907 2909 2910 2913 2914 2913 2913 2912 2915 2915 2916 2915 2913 2913 2913 2911 2909 2907 2909 2909 2904 2904 2908 2911 2910 2910 2907 2904 2905 2905 2906 2912 2915 2919 2921 2920 2918 2916
-9999 -9999 -9999 -9999 -9999 2957 2952 2947 2947 2942 2937 2938 2936 2932 2929 2928 2925 2921 2918 2915 2913 2908 2903 2901 2899 2897 2894 2892 2891 2886 2887 2885 2883 2884 2889 2893 2895 2895 2894 2890 2887 2894 2898 2903 2907 2910 2912 2914 2914 2915 2916 2917 2918 2919 2919 2918 2916 2915 2915 2914 2911 2911 2912 2912 2910 2911 2915 2916 2914 2915 2914 2911 2912 2912 2914 2916 2920 2922 2923 2922 2920 2918
-9999 -9999 -9999 -9999 -9999 -9999 2952 2951 2946 2941 2937 2934 2931 2927 2923 2921 2918 2917 2914 2911 2909 2906 2900 2894 2893 2891 2889 2886 2886 2882 2883 2884 2884 2886 2890 2893 2891 2890 2891 2891 2892 2893 2895 2900 2905 2909 2910 2914 2916 2916 2918 2919 2920 2921 2921 2920 2915 2913 2916 2916 2915 2911 2916 2916 2916 2920 2922 2921 2920 2921 2920 2920 2920 2918 2921 2924 2924 2926 2926 2922 2919 2918
-9999 -9999 -9999 -9999 -9999 -9999 -9999 2949 2947 2944 2935 2930 2927 2922 2916 2914 2910 2910 2910 2906 2904 2902 2899 2892 2884 2882 2882 2880 2878 2876 2880 2883 2882 2886 2889 2890 2888 2885 2887 2889 2887 2883 2890 2897 2904 2908 2909 2914 2917 2918 2920 2921 2922 2923 2923 2922 2919 2918 2913 2916 2916 2916 2921 2919 2920 2922 2928 2927 2925 2927 2926 2928 2927 2926 2926 2928 2928 2929 2925 2920 2918 2918
-9999 -9999 -9999 -9999 -9999 -9999 -9999 2943 2941 2938 2933 2927 2924 2919 2911 2905 2901 2904 2903 2898 2896 2895 2892 2889 2877 2871 2872 2875 2872 2871 2873 2875 2876 2877 2885 2884 2884 2883 2885 2885 2877 2877 2886 2896 2904 2909 2910 2912 2914 2917 2921 2922 2921 2920 2924 2923 2921 2916 2910 2915 2918 2922 2925 2922 2923 2924 2927 2930 2932 2933 2931 2931 2932 2931 2930 2930 2932 2932 2927 2923 2920 2919
-9999 -9999 -9999 -9999 -9999 -9999 -9999 -9999 2938 2936 2932 2926 2921 2917 2913 2904 2899 2900 2894 2889 2886 2885 2885 2880 2875 2857 2859 2863 2861 2863 2861 2869 2873 2878 2884 2884 2882 2880 2881 2885 2884 2883 2885 2896 2903 2909 2907 2904 2911 2916 2918 2922 2923 2924 2926 2923 2914 2909 2909 2916 2923 2926 2928 2928 2924 2925 2927 2929 2934 2937 2937 2937 2936 2933 2934 2934 2933 2933 2929 2926 2922 2919
-9999 -9999 -9999 -9999 -9999 -9999 -9999 -9999 -9999 2933 2928 2922 2918 2914 2911 2902 2899 2897 2889 2881 2876 2872 2868 2869 2869 2854 2842 2850 2848 2851 2852 2866 2871 2876 2882 2881 2880 2878 2880 2888 2890 2891 2896 2901 2907 2910 2908 2909 2914 2913 2915 2920 2924 2927 2927 2924 2914 2905 2909 2921 2926 2928 2931 2929 2925 2924 2927 2931 2934 2936 2940 2942 2940 2935 2937 2938 2937 2935 2932 2929 2926 2921
-9999 -9999 -9999 -9999 -9999 -9999 -9999 -9999 -9999 2933 2929 2924 2921 2913 2909 2904 2899 2895 2888 2878 2866 2859 2853 2850 2852 2854 2838 2834 2843 2846 2855 2864 2868 2872 2879 2875 2870 2873 2882 2887 2894 2896 2901 2906 2910 2914 2914 2915 2913 2914 2918 2923 2925 2927 2928 2926 2921 2915 2916 2926 2929 2932 2935 2930 2924 2915 2922 2933 2938 2939 2945 2945 2941 2936 2938 2939 2940 2937 2935 2934 2931 2926
-9999 -9999 -9999 -9999 -9999 -9999 -9999 -9999 -9999 -9999 2930 2926 2918 2911 2901 2902 2899 2894 2886 2875 2862 2844 2841 2839 2833 2847 2831 2836 2846 2849 2857 2862 2867 2873 2876 2869 2863 2868 2880 2890 2897 2899 2904 2909 2911 2917 2917 2918 2916 2916 2922 2927 2929 2931 2932 2930 2931 2929 2929 2934 2935 2937 2937 2932 2927 2920 2924 2936 2942 2942 2948 2950 2949 2944 2943 2938 2939 2938 2937 2933 2927 2924
-9999 -9999 -9999 -9999 -9999 -9999 -9999 -9999 -9999 2928 2924 2921 2917 2912 2907 2904 2900 2893 2882 2868 2857 2843 2832 2823 2827 2833 2829 2832 2844 2854 2858 2864 2869 2875 2874 2874 2872 2876 2885 2894 2900 2902 2906 2911 2915 2919 2920 2921 2918 2918 2924 2929 2932 2934 2936 2936 2937 2937 2937 2938 2939 2938 2939 2938 2934 2931 2932 2939 2946 2945 2949 2952 2952 2952 2951 2947 2944 2942 2937 2933 2927 2921
-9999 -9999 -9999 -9999 -9999 -9999 -9999 -9999 -9999 2925 2917 2913 2914 2912 2909 2904 2900 2894 2877 2860 2850 2833 2820 2822 2816 2817 2824 2825 2842 2856 2861 2864 2868 2870 2875 2878 2880 2883 2889 2896 2901 2905 2907 2913 2916 2919 2923 2925 2922 2922 2925 2928 2931 2936 2937 2939 2939 2939 2940 2940 2940 2939 2939 2939 2940 2938 2942 2947 2950 2948 2952 2953 2954 2954 2952 2950 2947 2944 2941 2938 2930 2925
-9999 -9999 -9999 -9999 -9999 -9999 -9999 -9999 -9999 2921 2909 2903 2905 2908 2908 2903 2897 2895 2880 2866 2850 2841 2827 2820 2820 2822 2822 2830 2842 2853 2862 2860 2863 2868 2877 2880 2884 2888 2892 2895 2901 2905 2910 2913 2916 2920 2923 2924 2924 2924 2919 2930 2934 2936 2938 2940 2940 2940 2940 2940 2940 2940 2939 2937 2941 2946 2950 2952 2953 2955 2952 2954 2955 2955 2954 2951 2948 2946 2945 2941 2935 2927
